代码	名称	涨幅%%	现价	涨跌	买价	卖价	总量	现量	涨速%%	换手%%	今开	最高	最低	昨收	市盈(动)	总金额	量比	细分行业	地区	振幅%%	均价	内盘	
000031	中粮地产	0.36	8.37	0.03	8.36	8.37	405	405	0.00	          0.00	8.37	8.37	8.37	8.34	   148.40	338985	  1.00	全国地产	深圳	0.00	8.37	203	
000060	中金岭南	-0.52	11.48	-0.06	11.47	11.48	666	666	0.00	          0.00	11.48	11.48	11.48	11.54	   116.26	764568	  0.71	铅锌	深圳	0.00	11.48	333	
000089	深圳机场	-0.35	8.59	-0.03	8.57	8.59	371	371	0.00	          0.00	8.59	8.59	8.59	8.62	    32.28	318689	  0.82	机场	深圳	0.00	8.59	186	
000333	美的集团	0.12	33.94	0.04	33.93	33.94	1188	1188	0.00	          0.00	33.94	33.94	33.94	33.90	    12.77	4032072	  0.79	家用电器	广东	0.00	33.94	594	
000338	潍柴动力	0.97	11.40	0.11	11.40	11.41	6788	6787	0.00	          0.03	11.40	11.40	11.40	11.29	    22.73	7738195	  7.01	汽车配件	山东	0.00	11.40	3394	
000402	金 融 街	0.27	11.20	0.03	11.20	11.21	610	609	0.00	          0.00	11.20	11.20	11.20	11.17	    31.23	683088	  1.11	全国地产	北京	0.00	11.20	305	
000418	小天鹅Ａ	-0.15	38.75	-0.06	38.73	38.75	121	121	0.00	          0.00	38.75	38.75	38.75	38.81	    20.86	468875	  0.86	家用电器	江苏	0.00	38.75	61	
000550	江铃汽车	-0.14	28.14	-0.04	28.06	28.15	4	4	0.00	          0.00	28.14	28.14	28.14	28.18	    16.66	11256	  0.04	汽车整车	江西	0.00	28.14	2	
000581	威孚高科	0.17	23.76	0.04	23.73	23.76	72	72	0.00	          0.00	23.76	23.76	23.76	23.72	    13.73	171072	  0.33	汽车配件	江苏	0.00	23.76	36	
000651	格力电器	0.03	28.88	0.01	28.88	28.89	2880	2879	0.00	          0.00	28.88	28.88	28.88	28.87	    11.60	8316776	  0.95	家用电器	广东	0.00	28.88	1440	
000729	燕京啤酒	0.00	7.45	0.00	7.45	7.47	22	22	0.00	          0.00	7.45	7.45	7.45	7.45	    25.47	16390	  0.10	啤酒	北京	0.00	7.45	11	
000858	五 粮 液	-0.05	41.63	-0.02	41.62	41.63	750	750	0.00	          0.00	41.63	41.63	41.63	41.65	    23.23	3122250	  0.84	白酒	四川	0.00	41.63	375	
000895	双汇发展	-0.18	21.75	-0.04	21.73	21.75	176	176	0.00	          0.00	21.75	21.75	21.75	21.79	    16.42	382800	  0.52	食品	河南	0.00	21.75	88	
000937	冀中能源	-0.15	6.85	-0.01	6.85	6.86	429	429	0.00	          0.00	6.85	6.85	6.85	6.86	   223.80	293865	  0.36	煤炭开采	河北	0.00	6.85	215	
000976	春晖股份	0.71	9.92	0.07	9.88	9.92	668	668	0.00	          0.01	9.92	9.92	9.92	9.85	   105.76	662656	  1.19	化纤	广东	0.00	9.92	334	
000999	华润三九	0.15	26.01	0.04	25.98	26.01	46	46	0.00	          0.00	26.01	26.01	26.01	25.97	    21.26	119646	  0.28	中成药	深圳	0.00	26.01	23	
002008	大族激光	0.11	26.31	0.03	26.29	26.31	645	645	0.00	          0.01	26.31	26.31	26.31	26.28	    33.24	1696995	  0.94	电器仪表	深圳	0.00	26.31	323	
002027	分众传媒	0.00	11.63	0.00	11.62	11.63	1082	1082	0.00	          0.00	11.63	11.63	11.63	11.63	    24.22	1258366	  0.95	软件服务	广东	0.00	11.63	541	
002032	苏 泊 尔	-0.59	38.76	-0.23	38.76	38.99	23	23	0.00	          0.00	38.76	38.76	38.76	38.99	    24.75	89148	  0.28	家用电器	浙江	0.00	38.76	12	
002081	金 螳 螂	0.09	11.38	0.01	11.38	11.39	1662	1662	0.00	          0.01	11.38	11.38	11.38	11.37	    16.54	1891652	  1.87	装修装饰	江苏	0.00	11.38	831	
002142	宁波银行	-0.06	18.10	-0.01	18.09	18.10	100	100	0.00	          0.00	18.10	18.10	18.10	18.11	     8.35	181000	  0.19	银行	浙江	0.00	18.10	50	
002152	广电运通	-0.08	12.88	-0.01	12.86	12.88	125	125	0.00	          0.00	12.88	12.88	12.88	12.89	    30.85	161000	  0.42	电脑设备	广东	0.00	12.88	63	
002223	鱼跃医疗	-0.25	31.37	-0.08	31.37	31.39	52	52	0.00	          0.00	31.37	31.37	31.37	31.45	    36.40	163124	  0.47	医疗保健	江苏	0.00	31.37	26	
002236	大华股份	-0.55	16.31	-0.09	16.30	16.31	2426	2426	0.00	          0.01	16.31	16.31	16.31	16.40	    33.16	3956806	  1.56	电器仪表	浙江	0.00	16.31	1213	
002241	歌尔股份	0.67	32.84	0.22	32.80	32.84	1016	1016	0.00	          0.01	32.84	32.84	32.84	32.62	    36.29	3336544	  2.41	元器件	山东	0.00	32.84	508	
002262	恩华药业	0.00	22.22	0.00	22.22	22.28	67	67	0.00	          0.00	22.22	22.22	22.22	22.22	    45.25	148874	  0.81	化学制药	江苏	0.00	22.22	34	
002268	卫 士 通	0.43	32.76	0.14	32.68	32.76	59	59	0.00	          0.00	32.76	32.76	32.76	32.62	  2100.55	193284	  0.36	软件服务	四川	0.00	32.76	30	
002299	圣农发展	--  	18.59	--  	--  	--  	0	0	--  	          0.00	--  	--  	--  	18.59	    30.79	0	  0.00	农业综合	福建	0.00	18.59	0	
002304	洋河股份	0.43	86.68	0.37	86.35	86.68	25	25	0.00	          0.00	86.68	86.68	86.68	86.31	    20.25	216700	  0.17	白酒	江苏	0.00	86.68	13	
002311	海大集团	0.25	16.03	0.04	15.99	16.03	26	26	0.00	          0.00	16.03	16.03	16.03	15.99	    21.06	41678	  0.18	饲料	广东	0.00	16.03	13	
002340	格林美	-0.59	8.43	-0.05	8.43	8.44	2774	2774	0.00	          0.01	8.43	8.43	8.43	8.48	    93.56	2338701	  0.37	小金属	深圳	0.00	8.43	1387	
002358	森源电气	-0.24	21.16	-0.05	21.11	21.16	207	207	0.00	          0.00	21.16	21.16	21.16	21.21	    49.91	438012	  0.62	电气设备	河南	0.00	21.16	104	
002400	省广股份	--  	13.79	--  	--  	--  	0	0	--  	          0.00	--  	--  	--  	13.79	    32.52	0	  0.00	广告包装	广东	0.00	13.79	0	
002415	海康威视	0.07	30.20	0.02	30.20	30.22	246	245	0.00	          0.00	30.20	30.20	30.20	30.18	    28.74	742890	  0.37	电器仪表	浙江	0.00	30.20	123	
002439	启明星辰	0.41	22.06	0.09	22.04	22.06	134	134	0.00	          0.00	22.06	22.06	22.06	21.97	   314.78	295604	  0.48	软件服务	北京	0.00	22.06	67	
002462	嘉事堂	--  	37.03	--  	36.90	37.07	0	0	--  	          0.00	--  	--  	--  	37.03	    40.89	0	  0.00	医药商业	北京	0.00	37.03	0	
002468	申通快递	-0.07	27.14	-0.02	27.13	27.14	579	579	0.00	          0.02	27.14	27.14	27.14	27.16	  5979.10	1571406	  2.04	仓储物流	浙江	0.00	27.14	290	
002470	金正大	0.00	7.46	0.00	7.46	7.47	232	232	0.00	          0.00	7.46	7.46	7.46	7.46	    15.58	173072	  0.51	农药化肥	山东	0.00	7.46	116	
002475	立讯精密	0.39	23.27	0.09	23.25	23.27	42	42	0.00	          0.00	23.27	23.27	23.27	23.18	    54.36	97734	  0.13	元器件	深圳	0.00	23.27	21	
002508	老板电器	0.68	45.71	0.31	45.55	45.71	109	109	0.00	          0.00	45.71	45.71	45.71	45.40	    35.69	498239	  0.45	家用电器	浙江	0.00	45.71	55	
002573	清新环境	-0.25	20.27	-0.05	20.25	20.27	146	146	0.00	          0.00	20.27	20.27	20.27	20.32	    32.53	295942	  0.26	环境保护	北京	0.00	20.27	73	
002583	海能达	0.99	14.24	0.14	14.24	14.25	309	309	0.00	          0.00	14.24	14.24	14.24	14.10	   177.97	440016	  1.02	通信设备	深圳	0.00	14.24	155	
300011	鼎汉技术	-0.21	19.16	-0.04	19.10	19.16	29	29	0.00	          0.00	19.16	19.16	19.16	19.20	   122.27	55564	  0.32	运输设备	北京	0.00	19.16	15	
300015	爱尔眼科	-0.46	30.23	-0.14	30.23	30.35	38	38	0.00	          0.00	30.23	30.23	30.23	30.37	    48.75	114874	  0.49	医疗保健	湖南	0.00	30.23	19	
300017	网宿科技	-6.90	49.90	-3.70	49.89	49.90	34506	34506	0.00	          0.68	49.90	49.90	49.90	53.60	    32.41	172184944	 57.61	电信运营	上海	0.00	49.90	17253	
300018	中元股份	0.17	11.50	0.02	11.48	11.50	57	57	0.00	          0.00	11.50	11.50	11.50	11.48	    72.97	65550	  0.35	电气设备	湖北	0.00	11.50	29	
300037	新宙邦	-0.30	53.70	-0.16	53.68	53.70	147	147	0.00	          0.01	53.70	53.70	53.70	53.86	    40.28	789390	  0.73	化工原料	深圳	0.00	53.70	74	
300070	碧水源	0.61	16.55	0.10	16.51	16.55	1769	1769	0.00	          0.01	16.55	16.55	16.55	16.45	    88.23	2927695	  2.81	环境保护	北京	0.00	16.55	885	
300124	汇川技术	-0.52	23.00	-0.12	22.97	23.00	354	354	0.00	          0.00	23.00	23.00	23.00	23.12	    41.71	814200	  0.80	电器仪表	深圳	0.00	23.00	177	
300133	华策影视	-0.17	11.74	-0.02	11.74	11.79	46	46	0.00	          0.00	11.74	11.74	11.74	11.76	    54.89	54004	  0.10	影视音像	浙江	0.00	11.74	23	
300203	聚光科技	0.06	31.10	0.02	31.09	31.10	44	44	0.00	          0.00	31.10	31.10	31.10	31.08	    41.92	136840	  0.15	环境保护	浙江	0.00	31.10	22	
300285	国瓷材料	0.10	39.80	0.04	39.55	39.80	8	8	0.00	          0.00	39.80	39.80	39.80	39.76	    96.16	31840	  0.13	陶瓷	山东	0.00	39.80	4	
300347	泰格医药	0.52	27.19	0.14	26.93	27.19	119	119	0.00	          0.00	27.19	27.19	27.19	27.05	    97.16	323561	  1.18	医疗保健	浙江	0.00	27.19	60	
300433	蓝思科技	-0.25	31.39	-0.08	31.37	31.39	18	18	0.00	          0.00	31.39	31.39	31.39	31.47	    64.64	56502	  0.08	元器件	湖南	0.00	31.39	9	
600004	白云机场	-0.37	16.20	-0.06	16.14	16.14	0	0	--  	          0.00	--  	--  	--  	16.20	    13.22	0	  3.28	机场	广东	0.00	16.20	0	
600007	中国国贸	0.00	20.01	0.00	20.01	20.09	26	26	0.00	          0.00	20.01	20.01	20.01	20.01	    27.55	52026	  0.39	园区开发	北京	0.00	20.01	13	
600009	上海机场	0.00	28.35	0.00	28.35	28.35	0	0	--  	          0.00	--  	--  	--  	28.35	    19.47	0	  0.91	机场	上海	0.00	28.35	0	
600015	华夏银行	-0.09	11.47	-0.01	11.46	11.46	0	0	--  	          0.00	--  	--  	--  	11.47	     6.29	0	  0.16	银行	北京	0.00	11.47	0	
600019	宝钢股份	-0.29	6.81	-0.02	6.80	6.81	2853	2853	0.00	          0.00	6.81	6.81	6.81	6.83	    20.17	1942893	  1.00	普钢	上海	0.00	6.81	1427	
600054	黄山旅游	-0.57	17.59	-0.10	17.59	17.66	55	55	0.00	          0.00	17.59	17.59	17.59	17.69	    30.23	96745	  0.15	旅游景点	安徽	0.00	17.59	28	
600066	宇通客车	-0.48	20.90	-0.10	20.80	20.80	0	0	--  	          0.00	--  	--  	--  	20.90	    15.25	0	  1.15	汽车整车	河南	0.00	20.90	0	
600104	上汽集团	0.00	24.85	0.00	24.85	24.88	853	852	0.00	          0.00	24.85	24.85	24.85	24.85	     9.43	2119556	  0.85	汽车整车	上海	0.00	24.85	426	
600125	铁龙物流	-0.21	9.72	-0.02	9.71	9.72	265	265	0.00	          0.00	9.72	9.72	9.72	9.74	    49.34	257580	  0.33	铁路	辽宁	0.00	9.72	133	
600132	重庆啤酒	0.09	21.63	0.02	21.63	21.68	76	76	0.00	          0.00	21.63	21.63	21.63	21.61	    29.79	164388	  0.36	啤酒	重庆	0.00	21.63	38	
600196	复星医药	0.08	26.01	0.02	26.01	26.07	105	105	0.00	          0.00	26.01	26.01	26.01	25.99	    21.64	273729	  0.32	化学制药	上海	0.00	26.01	53	
600261	阳光照明	-0.13	7.57	-0.01	7.56	7.56	0	0	--  	          0.00	--  	--  	--  	7.57	    23.24	0	  0.21	家用电器	浙江	0.00	7.57	0	
600273	嘉化能源	--  	9.31	--  	9.31	9.33	0	0	--  	          0.00	--  	--  	--  	9.31	    17.01	0	  0.00	化工原料	浙江	0.00	9.31	0	
600276	恒瑞医药	0.08	50.80	0.04	50.80	50.81	118	117	0.00	          0.00	50.80	50.80	50.80	50.76	    46.06	598475	  0.46	化学制药	江苏	0.00	50.80	59	
600309	万华化学	0.19	26.80	0.05	26.80	26.87	560	560	0.00	          0.00	26.80	26.80	26.80	26.75	    18.32	1500800	  0.60	化工原料	山东	0.00	26.80	280	
600312	平高电气	0.00	16.29	0.00	16.28	16.33	2	2	0.00	          0.00	16.29	16.29	16.29	16.29	    19.00	3258	  0.01	电气设备	河南	0.00	16.29	1	
600315	上海家化	0.04	28.31	0.01	28.31	28.39	86	86	0.00	          0.00	28.31	28.31	28.31	28.30	    32.99	243466	  0.50	日用化工	上海	0.00	28.31	43	
600322	天房发展	0.47	6.39	0.03	6.36	6.39	126	126	0.00	          0.00	6.39	6.39	6.39	6.36	--  	80514	  0.44	区域地产	天津	0.00	6.39	63	
600377	宁沪高速	0.00	9.07	0.00	9.07	9.07	0	0	--  	          0.00	--  	--  	--  	9.07	    14.05	0	  1.05	路桥	江苏	0.00	9.07	0	
600391	成发科技	0.57	37.35	0.21	37.35	37.36	131	131	0.00	          0.00	37.35	37.35	37.35	37.14	   232.94	489285	  0.77	航空	四川	0.00	37.35	66	
600498	烽火通信	0.15	26.50	0.04	26.50	26.52	342	342	0.00	          0.00	26.50	26.50	26.50	26.46	    39.16	906300	  0.84	通信设备	湖北	0.00	26.50	171	
600519	贵州茅台	0.00	371.55	0.00	371.00	371.55	84	84	0.00	          0.00	371.55	371.55	371.55	371.55	    28.08	3121020	  0.66	白酒	贵州	0.00	371.55	42	
600535	天士力	0.05	39.21	0.02	39.23	39.23	0	0	--  	          0.00	--  	--  	--  	39.21	    31.68	0	  0.91	中成药	天津	0.00	39.21	0	
600585	海螺水泥	0.10	20.43	0.02	20.43	20.44	231	231	0.00	          0.00	20.43	20.43	20.43	20.41	    13.60	471933	  0.47	水泥	安徽	0.00	20.43	116	
600660	福耀玻璃	-0.10	20.60	-0.02	20.59	20.60	337	337	0.00	          0.00	20.60	20.60	20.60	20.62	    16.44	694220	  0.47	汽车配件	福建	0.00	20.60	169	
600687	刚泰控股	0.14	14.10	0.02	14.10	14.11	301	301	0.00	          0.00	14.10	14.10	14.10	14.08	    47.32	424410	  0.67	黄金	甘肃	0.00	14.10	151	
600690	青岛海尔	-0.09	11.29	-0.01	11.28	11.28	0	0	--  	          0.00	--  	--  	--  	11.29	    13.51	0	  1.04	家用电器	山东	0.00	11.29	0	
600723	首商股份	0.39	10.36	0.04	10.35	10.36	105	105	0.00	          0.00	10.36	10.36	10.36	10.32	    24.64	108780	  0.54	百货	北京	0.00	10.36	53	
600739	辽宁成大	-0.06	17.59	-0.01	17.59	17.60	51	51	0.00	          0.00	17.59	17.59	17.59	17.60	    24.26	89709	  0.17	商贸代理	辽宁	0.00	17.59	26	
600741	华域汽车	0.12	16.60	0.02	16.60	16.61	396	396	0.00	          0.00	16.60	16.60	16.60	16.58	     8.79	657360	  0.74	汽车配件	上海	0.00	16.60	198	
600761	安徽合力	-0.41	14.45	-0.06	14.41	14.45	174	174	0.00	          0.00	14.45	14.45	14.45	14.51	    22.04	251430	  0.41	工程机械	安徽	0.00	14.45	87	
600779	水井坊	0.04	24.84	0.01	24.84	24.85	188	188	0.00	          0.00	24.84	24.84	24.84	24.83	    61.04	466992	  0.45	白酒	四川	0.00	24.84	94	
600827	百联股份	0.06	17.00	0.01	17.00	17.01	1442	1442	0.00	          0.01	17.00	17.00	17.00	16.99	    30.48	2451400	  1.18	超市连锁	上海	0.00	17.00	721	
600867	通化东宝	--  	21.39	--  	--  	--  	0	0	--  	          0.00	--  	--  	--  	21.39	    45.58	0	  0.00	生物制药	吉林	0.00	21.39	0	
600887	伊利股份	0.11	18.54	0.02	18.53	18.54	889	889	0.00	          0.00	18.54	18.54	18.54	18.52	    19.26	1648206	  0.49	乳制品	内蒙	0.00	18.54	445	
600965	福成股份	0.00	14.15	0.00	14.15	14.19	20	20	0.00	          0.00	14.15	14.15	14.15	14.15	    58.97	28300	  0.21	农业综合	河北	0.00	14.15	10	
601009	南京银行	0.00	11.79	0.00	11.78	11.79	389	389	0.00	          0.00	11.79	11.79	11.79	11.79	     8.43	458631	  0.35	银行	江苏	0.00	11.79	195	
601021	春秋航空	0.11	38.00	0.04	37.99	38.00	83	83	0.00	          0.00	38.00	38.00	38.00	37.96	    19.51	315400	  0.63	空运	上海	0.00	38.00	42	
601169	北京银行	0.10	9.92	0.01	9.91	9.92	112	112	0.00	          0.00	9.92	9.92	9.92	9.91	     7.57	111104	  0.15	银行	北京	0.00	9.92	56	
601333	广深铁路	0.00	5.43	0.00	5.43	5.44	978	978	0.00	          0.00	5.43	5.43	5.43	5.43	    26.48	531059	  0.66	铁路	深圳	0.00	5.43	489	
601633	长城汽车	0.00	12.98	0.00	12.98	12.99	387	387	0.00	          0.00	12.98	12.98	12.98	12.98	    12.33	502326	  0.56	汽车整车	河北	0.00	12.98	194	
601799	星宇股份	1.32	39.99	0.52	39.31	39.99	210	210	0.00	          0.01	39.99	39.99	39.99	39.47	    34.44	839790	  4.29	汽车配件	江苏	0.00	39.99	105	
601800	中国交建	0.00	17.37	0.00	17.35	17.37	379	379	0.00	          0.00	17.37	17.37	17.37	17.37	    18.69	658323	  0.39	建筑施工	北京	0.00	17.37	190	
601888	中国国旅	0.02	49.91	0.01	49.91	50.00	158	157	0.00	          0.00	49.91	49.91	49.91	49.90	    25.02	787430	  0.95	旅游服务	北京	0.00	49.91	79	
601998	中信银行	-0.30	6.74	-0.02	6.74	6.75	1063	1063	0.00	          0.00	6.74	6.74	6.74	6.76	     7.16	716462	  1.68	银行	北京	0.00	6.74	532	
603288	海天味业	-0.41	31.79	-0.13	31.71	31.79	121	121	0.00	          0.00	31.79	31.79	31.79	31.92	    31.62	384659	  1.36	食品	广东	0.00	31.79	61	
数据来源:通达信
