代码	名称	涨幅%%	现价	涨跌	买价	卖价	总量	现量	涨速%%	换手%%	今开	最高	最低	昨收	市盈(动)	总金额	量比	细分行业	地区	振幅%%	均价	内盘	
001979	招商蛇口	-0.28	18.05	-0.05	18.04	18.05	1618	1618	0.00	          0.01	18.05	18.05	18.05	18.10	    19.07	2920490	  1.23	全国地产	深圳	0.00	18.05	809	
002747	埃斯顿	--  	41.34	--  	--  	--  	0	0	--  	          0.00	--  	--  	--  	41.34	   213.48	0	  0.00	机械基件	江苏	0.00	41.34	0	
002748	世龙实业	0.35	22.72	0.08	22.66	22.72	169	169	0.00	          0.02	22.72	22.72	22.72	22.64	    57.79	383968	  0.62	化工原料	江西	0.00	22.72	85	
002749	国光股份	-0.33	86.51	-0.29	86.51	86.66	23	23	0.00	          0.01	86.51	86.51	86.51	86.80	    38.49	198973	  0.49	农药化肥	四川	0.00	86.51	12	
002750	龙津药业	0.46	15.29	0.07	15.23	15.30	50	50	0.00	          0.00	15.29	15.29	15.29	15.22	    62.48	76450	  0.35	中成药	云南	0.00	15.29	25	
002751	易尚展示	0.07	43.09	0.03	43.09	43.40	14	14	0.00	          0.00	43.09	43.09	43.09	43.06	   400.44	60326	  0.11	家居用品	深圳	0.00	43.09	7	
002752	昇兴股份	0.44	20.57	0.09	20.57	20.60	74	74	0.00	          0.01	20.57	20.57	20.57	20.48	    72.10	152218	  0.50	广告包装	福建	0.00	20.57	37	
002753	永东股份	0.06	30.92	0.02	30.90	30.92	1	1	0.00	          0.00	30.92	30.92	30.92	30.90	    69.44	3092	  0.02	化工原料	山西	0.00	30.92	1	
002755	东方新星	0.00	42.89	0.00	42.89	43.00	16	15	0.00	          0.00	42.89	42.89	42.89	42.89	  4138.97	67380	  0.26	建筑施工	北京	0.00	42.89	8	
002756	永兴特钢	--  	29.17	--  	29.17	29.22	0	0	--  	          0.00	--  	--  	--  	29.17	    41.41	0	  0.00	特种钢	浙江	0.00	29.17	0	
002757	南兴装备	0.00	39.75	0.00	39.75	39.85	3	3	0.00	          0.00	39.75	39.75	39.75	39.75	    72.05	11925	  0.05	家居用品	广东	0.00	39.75	2	
002758	华通医药	-0.15	27.08	-0.04	27.05	27.08	37	37	0.00	          0.00	27.08	27.08	27.08	27.12	    95.19	100196	  0.25	医药商业	浙江	0.00	27.08	19	
002759	天际股份	0.45	26.50	0.12	26.39	26.50	129	129	0.00	          0.02	26.50	26.50	26.50	26.38	   226.27	341850	  1.34	家用电器	广东	0.00	26.50	65	
002760	凤形股份	0.20	39.13	0.08	39.13	39.18	33	33	0.00	          0.01	39.13	39.13	39.13	39.05	   336.62	129129	  0.42	机械基件	安徽	0.00	39.13	17	
002761	多喜爱	--  	47.70	--  	--  	--  	0	0	--  	          0.00	--  	--  	--  	47.70	   439.64	0	  0.00	纺织	湖南	0.00	47.70	0	
002762	金发拉比	0.16	56.10	0.09	56.02	56.10	30	30	0.00	          0.01	56.10	56.10	56.10	56.01	   173.50	168300	  0.19	服饰	广东	0.00	56.10	15	
002763	汇洁股份	--  	32.38	--  	32.45	32.58	0	0	--  	          0.00	--  	--  	--  	32.38	    32.50	0	  0.00	服饰	深圳	0.00	32.38	0	
002765	蓝黛传动	-0.53	30.00	-0.16	30.00	30.22	42	42	0.00	          0.01	30.00	30.00	30.00	30.16	    59.91	126000	  0.78	汽车配件	重庆	0.00	30.00	21	
002766	索菱股份	3.12	38.98	1.18	38.83	38.98	1610	1610	0.00	          0.18	38.98	38.98	38.98	37.80	    88.16	6275780	 10.73	汽车配件	深圳	0.00	38.98	805	
002767	先锋电子	-0.21	38.66	-0.08	38.65	38.66	23	23	0.00	          0.01	38.66	38.66	38.66	38.74	   133.39	88918	  0.09	电器仪表	浙江	0.00	38.66	12	
002768	国恩股份	0.04	25.91	0.01	25.91	26.00	112	111	0.00	          0.01	25.91	25.91	25.91	25.90	    47.50	288897	  0.75	塑料	山东	0.00	25.91	56	
002769	普路通	0.09	21.35	0.02	21.35	21.42	32	31	0.00	          0.00	21.35	21.35	21.35	21.33	    38.52	67253	  0.25	仓储物流	深圳	0.00	21.35	16	
002770	科迪乳业	0.00	11.38	0.00	11.37	11.38	262	262	0.00	          0.01	11.38	11.38	11.38	11.38	    71.36	298156	  0.29	乳制品	河南	0.00	11.38	131	
002771	真视通	-0.32	68.66	-0.22	68.61	68.85	9	9	0.00	          0.00	68.66	68.66	68.66	68.88	    98.00	61794	  0.43	软件服务	北京	0.00	68.66	5	
002772	众兴菌业	-0.26	19.21	-0.05	19.21	19.29	30	30	0.00	          0.00	19.21	19.21	19.21	19.26	    45.24	58033	  0.39	种植业	甘肃	0.00	19.21	15	
002773	康弘药业	--  	47.51	--  	47.30	47.51	0	0	--  	          0.00	--  	--  	--  	47.51	    77.44	0	  0.00	中成药	四川	0.00	47.51	0	
002775	文科园林	0.66	22.82	0.15	22.82	22.84	243	243	0.00	          0.02	22.82	22.82	22.82	22.67	    40.55	554526	  1.55	建筑施工	深圳	0.00	22.82	122	
002776	柏堡龙	0.00	28.88	0.00	28.82	28.88	2	2	0.00	          0.00	28.88	28.88	28.88	28.88	    65.84	5776	  0.03	服饰	广东	0.00	28.88	1	
002777	久远银海	0.24	88.17	0.21	88.09	88.22	37	37	0.00	          0.02	88.17	88.17	88.17	87.96	   148.87	326229	  1.32	软件服务	四川	0.00	88.17	19	
002778	高科石化	0.00	41.18	0.00	41.18	41.30	56	56	0.00	          0.01	41.18	41.18	41.18	41.18	   109.35	230608	  0.81	石油加工	江苏	0.00	41.18	28	
002779	中坚科技	0.85	37.84	0.32	37.52	37.84	131	131	0.00	          0.03	37.84	37.84	37.84	37.52	   109.34	495704	  0.71	农用机械	浙江	0.00	37.84	66	
002780	三夫户外	-0.08	66.45	-0.05	66.45	66.49	19	19	0.00	          0.01	66.45	66.45	66.45	66.50	   126.77	126255	  0.22	其他商业	北京	0.00	66.45	10	
002781	奇信股份	-0.28	32.51	-0.09	32.51	32.59	11	11	0.00	          0.00	32.51	32.51	32.51	32.60	    57.50	35761	  0.18	装修装饰	深圳	0.00	32.51	6	
002782	可立克	0.00	24.82	0.00	24.82	24.83	26	26	0.00	          0.00	24.82	24.82	24.82	24.82	   125.86	64532	  0.14	电气设备	深圳	0.00	24.82	13	
002783	凯龙股份	-0.29	89.60	-0.26	89.59	89.60	120	120	0.00	          0.03	89.60	89.60	89.60	89.86	    66.41	1075200	  0.59	化工原料	湖北	0.00	89.60	60	
002785	万里石	0.04	26.77	0.01	26.77	26.90	52	52	0.00	          0.01	26.77	26.77	26.77	26.76	   268.99	139204	  0.28	其他建材	福建	0.00	26.77	26	
002786	银宝山新	0.40	20.16	0.08	20.15	20.16	107	107	0.00	          0.01	20.16	20.16	20.16	20.08	    85.40	215712	  0.58	专用机械	深圳	0.00	20.16	54	
002787	华源控股	0.00	37.94	0.00	37.94	37.95	76	76	0.00	          0.01	37.94	37.94	37.94	37.94	    44.85	288344	  0.88	广告包装	江苏	0.00	37.94	38	
002788	鹭燕医药	0.04	50.66	0.02	50.65	50.66	68	68	0.00	          0.01	50.66	50.66	50.66	50.64	    61.92	344488	  0.67	医药商业	福建	0.00	50.66	34	
002790	瑞尔特	0.14	43.68	0.06	43.66	43.68	55	55	0.00	          0.01	43.68	43.68	43.68	43.62	    43.01	240240	  1.12	家居用品	福建	0.00	43.68	28	
300374	恒通科技	2.38	24.08	0.56	24.08	24.10	2284	2284	0.00	          0.19	24.08	24.08	24.08	23.52	   294.26	5499872	  5.68	其他建材	北京	0.00	24.08	1142	
300404	博济医药	-0.20	34.20	-0.07	34.10	34.20	2	2	0.00	          0.00	34.20	34.20	34.20	34.27	  1174.03	6840	  0.04	医疗保健	广东	0.00	34.20	1	
300414	中光防雷	0.00	31.45	0.00	31.45	31.65	6	6	0.00	          0.00	31.45	31.45	31.45	31.45	    85.54	18870	  0.13	元器件	四川	0.00	31.45	3	
300424	航新科技	-0.39	61.16	-0.24	60.91	61.16	29	29	0.00	          0.00	61.16	61.16	61.16	61.40	   165.30	177364	  0.22	航空	广东	0.00	61.16	15	
300428	四通新材	--  	27.15	--  	--  	--  	0	0	--  	          0.00	--  	--  	--  	27.15	    97.71	0	  0.00	铝	河北	0.00	27.15	0	
300429	强力新材	0.03	32.65	0.01	32.65	32.66	39	39	0.00	          0.00	32.65	32.65	32.65	32.64	    66.58	127335	  0.24	化工原料	江苏	0.00	32.65	20	
300430	诚益通	0.09	44.05	0.04	44.05	44.80	4	4	0.00	          0.00	44.05	44.05	44.05	44.01	    89.24	17620	  0.12	电器仪表	北京	0.00	44.05	2	
300431	暴风集团	0.36	42.00	0.15	42.00	42.02	149	149	0.00	          0.01	42.00	42.00	42.00	41.85	   450.40	625800	  0.36	互联网	北京	0.00	42.00	75	
300432	富临精工	-0.92	25.81	-0.24	25.81	25.98	341	341	0.00	          0.02	25.81	25.81	25.81	26.05	    61.34	880121	  0.95	汽车配件	四川	0.00	25.81	171	
300433	蓝思科技	-0.25	31.39	-0.08	31.37	31.39	18	18	0.00	          0.00	31.39	31.39	31.39	31.47	    64.64	56502	  0.08	元器件	湖南	0.00	31.39	9	
300434	金石东方	--  	36.00	--  	35.96	35.99	0	0	--  	          0.00	--  	--  	--  	36.00	   235.54	0	  0.00	专用机械	四川	0.00	36.00	0	
300435	中泰股份	-0.11	18.08	-0.02	18.03	18.08	16	16	0.00	          0.00	18.08	18.08	18.08	18.10	    69.55	28928	  0.23	机械基件	浙江	0.00	18.08	8	
300436	广生堂	0.18	49.89	0.09	49.89	49.90	13	13	0.00	          0.00	49.89	49.89	49.89	49.80	    89.58	64857	  0.42	化学制药	福建	0.00	49.89	7	
300437	清水源	-0.18	22.61	-0.04	22.61	22.70	71	71	0.00	          0.01	22.61	22.61	22.61	22.65	   155.91	160531	  1.11	化工原料	河南	0.00	22.61	36	
300438	鹏辉能源	0.69	33.62	0.23	33.62	33.64	97	97	0.00	          0.01	33.62	33.62	33.62	33.39	    73.27	326114	  1.33	电气设备	广东	0.00	33.62	49	
300439	美康生物	-0.07	27.68	-0.02	27.65	27.68	27	27	0.00	          0.00	27.68	27.68	27.68	27.70	    50.53	74736	  0.47	医疗保健	浙江	0.00	27.68	14	
300440	运达科技	--  	26.43	--  	--  	--  	0	0	--  	          0.00	--  	--  	--  	26.43	    59.98	0	  0.00	软件服务	四川	0.00	26.43	0	
300441	鲍斯股份	0.41	24.20	0.10	24.02	24.20	54	54	0.00	          0.01	24.20	24.20	24.20	24.10	   123.95	130680	  0.32	机床制造	浙江	0.00	24.20	27	
300442	普丽盛	0.07	43.00	0.03	42.75	43.00	3	3	0.00	          0.00	43.00	43.00	43.00	42.97	  1321.18	12900	  0.17	轻工机械	上海	0.00	43.00	2	
300443	金雷风电	-0.27	58.25	-0.16	58.17	58.25	53	53	0.00	          0.01	58.25	58.25	58.25	58.41	    39.24	308725	  0.96	专用机械	山东	0.00	58.25	27	
300444	双杰电气	-0.47	23.34	-0.11	23.34	23.60	196	196	0.00	          0.02	23.34	23.34	23.34	23.45	    68.21	457464	  1.23	电气设备	北京	0.00	23.34	98	
300445	康斯特	0.19	26.95	0.05	26.92	26.95	30	30	0.00	          0.01	26.95	26.95	26.95	26.90	   140.38	80850	  0.56	电器仪表	北京	0.00	26.95	15	
300446	乐凯新材	1.82	39.80	0.71	39.79	39.80	5232	5232	0.00	          0.69	39.80	39.80	39.80	39.09	    45.26	20823360	 43.60	化工原料	河北	0.00	39.80	2616	
300447	全信股份	0.37	51.39	0.19	51.10	51.39	20	20	0.00	          0.00	51.39	51.39	51.39	51.20	    92.27	102780	  0.19	电气设备	江苏	0.00	51.39	10	
300448	浩云科技	0.95	28.77	0.27	28.56	28.80	56	56	0.00	          0.01	28.77	28.77	28.77	28.50	   314.51	161112	  1.33	软件服务	广东	0.00	28.77	28	
300449	汉邦高科	0.40	40.46	0.16	40.46	40.47	48	48	0.00	          0.01	40.46	40.46	40.46	40.30	   362.26	194208	  0.96	电脑设备	北京	0.00	40.46	24	
300450	先导智能	0.12	41.85	0.05	41.80	41.85	634	634	0.00	          0.04	41.85	41.85	41.85	41.80	    58.75	2653290	  1.09	专用机械	江苏	0.00	41.85	317	
300451	创业软件	0.70	35.81	0.25	35.76	35.81	33	33	0.00	          0.00	35.81	35.81	35.81	35.56	   319.19	118173	  0.48	软件服务	浙江	0.00	35.81	17	
300452	山河药辅	--  	37.79	--  	37.82	37.85	0	0	--  	          0.00	--  	--  	--  	37.79	    73.12	0	  0.00	化学制药	安徽	0.00	37.79	0	
300453	三鑫医疗	--  	23.27	--  	--  	--  	0	0	--  	          0.00	--  	--  	--  	23.27	   100.87	0	  0.00	医疗保健	江西	0.00	23.27	0	
300455	康拓红外	0.33	21.50	0.07	21.50	21.53	6	6	0.00	          0.00	21.50	21.50	21.50	21.43	   123.66	12900	  0.07	运输设备	北京	0.00	21.50	3	
300456	耐威科技	-0.02	48.40	-0.01	48.10	48.40	5	5	0.00	          0.00	48.40	48.40	48.40	48.41	   381.36	24200	  0.07	元器件	北京	0.00	48.40	3	
300457	赢合科技	--  	69.76	--  	--  	--  	0	0	--  	          0.00	--  	--  	--  	69.76	    69.77	0	  0.00	专用机械	深圳	0.00	69.76	0	
300458	全志科技	0.91	78.63	0.71	78.60	78.63	144	144	0.00	          0.02	78.63	78.63	78.63	77.92	    71.15	1132272	  1.48	元器件	广东	0.00	78.63	72	
300459	金科娱乐	0.50	14.01	0.07	14.01	14.02	243	243	0.00	          0.01	14.01	14.01	14.01	13.94	   121.52	340443	  0.34	化工原料	浙江	0.00	14.01	122	
300460	惠伦晶体	0.91	24.39	0.22	24.30	24.39	484	484	0.00	          0.07	24.39	24.39	24.39	24.17	   196.86	1180476	 11.26	元器件	广东	0.00	24.39	242	
300461	田中精机	-0.82	74.80	-0.62	74.80	75.30	7	7	0.00	          0.00	74.80	74.80	74.80	75.42	  1090.66	52360	  0.15	专用机械	浙江	0.00	74.80	4	
300462	华铭智能	-0.15	32.70	-0.05	32.52	32.70	35	35	0.00	          0.01	32.70	32.70	32.70	32.75	    86.65	114450	  0.31	专用机械	上海	0.00	32.70	18	
300463	迈克生物	0.18	22.30	0.04	22.30	22.33	56	56	0.00	          0.00	22.30	22.30	22.30	22.26	    37.98	124880	  0.36	医疗保健	四川	0.00	22.30	28	
300464	星徽精密	0.27	18.45	0.05	18.35	18.45	5	5	0.00	          0.00	18.45	18.45	18.45	18.40	   101.55	9225	  0.06	机械基件	广东	0.00	18.45	3	
300465	高伟达	-0.13	15.22	-0.02	15.22	15.24	230	230	0.00	          0.01	15.22	15.22	15.22	15.24	   438.55	350060	  0.46	软件服务	北京	0.00	15.22	115	
300466	赛摩电气	1.00	40.29	0.40	40.25	40.29	271	271	0.00	          0.03	40.29	40.29	40.29	39.89	   412.68	1091859	  0.51	电器仪表	江苏	0.00	40.29	136	
300467	迅游科技	--  	46.60	--  	--  	--  	0	0	--  	          0.00	--  	--  	--  	46.60	   163.83	0	  0.00	互联网	四川	0.00	46.60	0	
300468	四方精创	-0.31	57.97	-0.18	57.93	57.97	52	52	0.00	          0.01	57.97	57.97	57.97	58.15	   109.78	301444	  0.95	软件服务	深圳	0.00	57.97	26	
300469	信息发展	--  	68.48	--  	--  	--  	0	0	--  	          0.00	--  	--  	--  	68.48	  2672.07	0	  0.00	软件服务	上海	0.00	68.48	0	
300470	日机密封	0.02	42.13	0.01	42.12	42.21	1	1	0.00	          0.00	42.13	42.13	42.13	42.12	    55.80	4213	  0.04	机械基件	四川	0.00	42.13	1	
300471	厚普股份	0.32	49.53	0.16	49.53	49.74	76	76	0.00	          0.01	49.53	49.53	49.53	49.37	    61.64	376428	  0.50	专用机械	四川	0.00	49.53	38	
300472	新元科技	-0.53	35.86	-0.19	35.86	35.99	20	20	0.00	          0.01	35.86	35.86	35.86	36.05	   221.41	71720	  0.54	专用机械	北京	0.00	35.86	10	
300473	德尔股份	0.00	67.06	0.00	67.06	67.07	25	25	0.00	          0.01	67.06	67.06	67.06	67.06	    56.06	167650	  0.58	汽车配件	辽宁	0.00	67.06	13	
300475	聚隆科技	0.00	25.13	0.00	25.02	25.13	31	31	0.00	          0.01	25.13	25.13	25.13	25.13	    47.22	77903	  0.34	专用机械	安徽	0.00	25.13	16	
300476	胜宏科技	0.61	24.68	0.15	24.68	24.70	941	941	0.00	          0.06	24.68	24.68	24.68	24.53	    39.85	2322388	  3.08	元器件	广东	0.00	24.68	471	
300477	合纵科技	0.05	20.04	0.01	20.04	20.16	48	48	0.00	          0.00	20.04	20.04	20.04	20.03	    89.75	96192	  0.22	电气设备	北京	0.00	20.04	24	
300478	杭州高新	-0.11	56.94	-0.06	56.72	56.94	19	19	0.00	          0.01	56.94	56.94	56.94	57.00	   122.73	108186	  0.63	橡胶	浙江	0.00	56.94	10	
300479	神思电子	--  	25.57	--  	--  	--  	0	0	--  	          0.00	--  	--  	--  	25.57	   307.51	0	  0.00	软件服务	山东	0.00	25.57	0	
300480	光力科技	0.43	25.57	0.11	25.50	25.58	37	37	0.00	          0.01	25.57	25.57	25.57	25.46	   236.09	94609	  0.21	电器仪表	河南	0.00	25.57	19	
300481	濮阳惠成	0.00	33.32	0.00	33.32	33.33	202	202	0.00	          0.03	33.32	33.32	33.32	33.32	    85.29	673064	  0.57	化工原料	河南	0.00	33.32	101	
300482	万孚生物	-0.35	77.70	-0.27	77.68	77.70	15	15	0.00	          0.00	77.70	77.70	77.70	77.97	    94.32	116550	  0.32	生物制药	广东	0.00	77.70	8	
300483	沃施股份	0.02	49.14	0.01	49.10	49.14	6	6	0.00	          0.00	49.14	49.14	49.14	49.13	   178.41	29484	  0.16	专用机械	上海	0.00	49.14	3	
300485	赛升药业	0.14	41.99	0.06	41.81	41.99	14	14	0.00	          0.00	41.99	41.99	41.99	41.93	    37.52	58786	  0.36	生物制药	北京	0.00	41.99	7	
300486	东杰智能	--  	22.63	--  	--  	--  	0	0	--  	          0.00	--  	--  	--  	22.63	--  	0	  0.00	专用机械	山西	0.00	22.63	0	
300487	蓝晓科技	-0.27	66.40	-0.18	66.38	66.40	162	162	0.00	          0.05	66.40	66.40	66.40	66.58	    87.13	1075680	  0.89	化工原料	陕西	0.00	66.40	81	
300488	恒锋工具	--  	74.30	--  	74.29	74.57	0	0	--  	          0.00	--  	--  	--  	74.30	    65.88	0	  0.00	机械基件	浙江	0.00	74.30	0	
300489	中飞股份	0.00	35.48	0.00	35.48	35.59	87	87	0.00	          0.02	35.48	35.48	35.48	35.48	   127.37	308676	  1.16	铝	黑龙江	0.00	35.48	44	
300490	华自科技	--  	25.00	--  	--  	--  	0	0	--  	          0.00	--  	--  	--  	25.00	   135.43	0	  0.00	电气设备	湖南	0.00	25.00	0	
300491	通合科技	0.16	73.11	0.12	73.11	73.25	58	58	0.00	          0.02	73.11	73.11	73.11	72.99	   163.76	424038	  0.73	电气设备	河北	0.00	73.11	29	
300492	山鼎设计	-0.02	53.09	-0.01	52.70	53.09	45	45	0.00	          0.02	53.09	53.09	53.09	53.10	   454.02	238905	  0.85	建筑施工	四川	0.00	53.09	23	
300493	润欣科技	-0.60	48.40	-0.29	48.36	48.40	54	54	0.00	          0.01	48.40	48.40	48.40	48.69	   117.78	261360	  0.44	通信设备	上海	0.00	48.40	27	
300494	盛天网络	-0.23	29.90	-0.07	29.90	29.93	30	30	0.00	          0.00	29.90	29.90	29.90	29.97	    77.52	89700	  0.30	互联网	湖北	0.00	29.90	15	
300495	美尚生态	0.55	44.10	0.24	44.10	44.30	10	10	0.00	          0.00	44.10	44.10	44.10	43.86	    82.69	44100	  0.22	建筑施工	江苏	0.00	44.10	5	
300496	中科创达	-0.66	37.70	-0.25	37.69	37.70	366	366	0.00	          0.02	37.70	37.70	37.70	37.95	   115.42	1379820	  0.67	软件服务	北京	0.00	37.70	183	
300497	富祥股份	0.00	66.00	0.00	65.88	66.00	18	18	0.00	          0.00	66.00	66.00	66.00	66.00	    42.11	118800	  0.28	化学制药	江西	0.00	66.00	9	
300498	温氏股份	-0.03	33.56	-0.01	33.55	33.56	105	105	0.00	          0.00	33.56	33.56	33.56	33.57	    10.10	352380	  0.28	农业综合	广东	0.00	33.56	53	
300499	高澜股份	-0.42	37.66	-0.16	37.66	37.82	108	108	0.00	          0.02	37.66	37.66	37.66	37.82	   147.06	406728	  1.14	专用机械	广东	0.00	37.66	54	
300500	启迪设计	0.47	80.80	0.38	80.67	80.80	35	35	0.00	          0.02	80.80	80.80	80.80	80.42	    98.92	282800	  0.85	建筑施工	江苏	0.00	80.80	18	
300501	海顺新材	-0.01	85.36	-0.01	85.30	85.36	99	99	0.00	          0.05	85.36	85.36	85.36	85.37	    70.53	845064	  1.71	广告包装	上海	0.00	85.36	50	
300502	新易盛	-0.25	102.63	-0.26	102.60	102.63	46	46	0.00	          0.01	102.63	102.63	102.63	102.89	    74.20	472098	  0.52	通信设备	四川	0.00	102.63	23	
300503	昊志机电	0.38	63.00	0.24	63.00	63.20	28	28	0.00	          0.01	63.00	63.00	63.00	62.76	    89.05	176400	  0.37	机械基件	广东	0.00	63.00	14	
600958	东方证券	0.07	15.27	0.01	15.26	15.27	361	361	0.00	          0.00	15.27	15.27	15.27	15.26	    37.95	551247	  0.92	证券	上海	0.00	15.27	181	
600959	江苏有线	-0.18	10.84	-0.02	10.84	10.85	174	173	0.00	          0.00	10.84	10.84	10.84	10.86	    43.06	188074	  0.57	影视音像	江苏	0.00	10.84	87	
601155	新城控股	-0.12	16.27	-0.02	16.27	16.28	622	622	0.00	          0.01	16.27	16.27	16.27	16.29	    12.17	1011994	  0.66	区域地产	江苏	0.00	16.27	311	
601211	国泰君安	-0.05	18.83	-0.01	18.82	18.83	249	249	0.00	          0.00	18.83	18.83	18.83	18.84	    14.59	468867	  0.32	证券	上海	0.00	18.83	125	
601368	绿城水务	-0.17	11.87	-0.02	11.87	11.93	188	188	0.00	          0.01	11.87	11.87	11.87	11.89	    32.10	223156	  1.40	水务	广西	0.00	11.87	94	
601689	拓普集团	2.02	33.88	0.67	33.86	33.88	600	600	0.00	          0.04	33.88	33.88	33.88	33.21	    38.93	2032800	  3.23	汽车配件	浙江	0.00	33.88	300	
601900	南方传媒	0.00	15.26	0.00	15.26	15.30	28	28	0.00	          0.00	15.26	15.26	15.26	15.26	    27.03	42728	  0.15	出版业	广东	0.00	15.26	14	
601968	宝钢包装	-0.21	9.52	-0.02	9.51	9.52	90	90	0.00	          0.00	9.52	9.52	9.52	9.54	   476.23	85680	  0.26	广告包装	上海	0.00	9.52	45	
601985	中国核电	-0.14	7.16	-0.01	7.16	7.17	672	672	0.00	          0.00	7.16	7.16	7.16	7.17	    22.22	481152	  0.46	新型电力	北京	0.00	7.16	336	
603012	创力集团	-1.12	10.57	-0.12	10.56	10.57	940	940	0.00	          0.02	10.57	10.57	10.57	10.69	    60.44	993580	  5.56	专用机械	上海	0.00	10.57	470	
603020	爱普股份	0.35	19.80	0.07	19.80	19.83	151	151	0.00	          0.01	19.80	19.80	19.80	19.73	    30.46	298980	  2.25	食品	上海	0.00	19.80	76	
603021	山东华鹏	0.11	46.47	0.05	46.44	46.47	32	32	0.00	          0.01	46.47	46.47	46.47	46.42	    87.97	148704	  0.30	玻璃	山东	0.00	46.47	16	
603022	新通联	3.24	31.25	0.98	31.25	31.28	1738	1737	0.00	          0.27	31.25	31.25	31.25	30.27	   160.49	5429688	  4.04	广告包装	上海	0.00	31.25	869	
603023	威帝股份	0.54	15.03	0.08	15.03	15.05	43	43	0.00	          0.00	15.03	15.03	15.03	14.95	    65.06	64629	  0.20	汽车配件	黑龙江	0.00	15.03	22	
603025	大豪科技	--  	34.43	--  	34.43	34.66	0	0	--  	          0.00	--  	--  	--  	34.43	    64.46	0	  0.00	电脑设备	北京	0.00	34.43	0	
603026	石大胜华	-0.10	38.80	-0.04	38.80	38.81	68	68	0.00	          0.00	38.80	38.80	38.80	38.84	    43.32	263840	  0.31	化工原料	山东	0.00	38.80	34	
603027	千禾味业	-0.19	37.42	-0.07	37.41	37.42	251	251	0.00	          0.04	37.42	37.42	37.42	37.49	    62.29	939242	  1.26	食品	四川	0.00	37.42	126	
603030	全筑股份	-0.77	29.72	-0.23	29.72	29.88	64	64	0.00	          0.01	29.72	29.72	29.72	29.95	   131.65	190208	  1.64	装修装饰	上海	0.00	29.72	32	
603066	音飞储存	0.09	55.42	0.05	55.42	55.50	37	37	0.00	          0.01	55.42	55.42	55.42	55.37	    71.66	205054	  0.51	专用机械	江苏	0.00	55.42	19	
603085	天成自控	0.22	50.50	0.11	50.50	50.53	379	379	0.00	          0.13	50.50	50.50	50.50	50.39	   164.75	1913950	  9.02	专用机械	浙江	0.00	50.50	190	
603108	润达医疗	--  	32.29	--  	--  	--  	0	0	--  	          0.00	--  	--  	--  	32.29	    91.97	0	  0.00	医药商业	上海	0.00	32.29	0	
603116	红蜻蜓	-0.38	20.80	-0.08	20.80	20.83	210	210	0.00	          0.01	20.80	20.80	20.80	20.88	    31.27	436800	  0.89	服饰	浙江	0.00	20.80	105	
603117	万林股份	--  	16.30	--  	16.30	16.40	0	0	--  	          0.00	--  	--  	--  	16.30	    80.24	0	  0.00	仓储物流	江苏	0.00	16.30	0	
603158	腾龙股份	0.42	28.97	0.12	28.85	28.97	24	24	0.00	          0.00	28.97	28.97	28.97	28.85	    59.16	69528	  0.51	汽车配件	江苏	0.00	28.97	12	
603198	迎驾贡酒	0.18	22.10	0.04	22.10	22.12	72	72	0.00	          0.00	22.10	22.10	22.10	22.06	    28.00	159120	  0.60	白酒	安徽	0.00	22.10	36	
603199	九华旅游	--  	38.42	--  	38.44	38.52	0	0	--  	          0.00	--  	--  	--  	38.42	    48.39	0	  0.00	旅游服务	安徽	0.00	38.42	0	
603223	恒通股份	0.80	34.05	0.27	34.04	34.05	426	426	0.00	          0.05	34.05	34.05	34.05	33.78	    68.61	1450530	  8.04	公路	山东	0.00	34.05	213	
603227	雪峰科技	0.00	8.47	0.00	8.47	8.49	48	48	0.00	          0.00	8.47	8.47	8.47	8.47	  3153.03	40656	  0.22	化工原料	新疆	0.00	8.47	24	
603268	松发股份	--  	49.16	--  	--  	--  	0	0	--  	          0.00	--  	--  	--  	49.16	   121.98	0	  0.00	陶瓷	广东	0.00	49.16	0	
603299	井神股份	0.00	14.15	0.00	14.14	14.15	73	73	0.00	          0.00	14.15	14.15	14.15	14.15	  1193.83	103295	  0.24	化工原料	江苏	0.00	14.15	37	
603300	华铁科技	-0.32	15.44	-0.05	15.43	15.44	983	983	0.00	          0.04	15.44	15.44	15.44	15.49	   134.24	1517752	  0.64	钢加工	浙江	0.00	15.44	492	
603311	金海环境	-0.94	28.50	-0.27	28.48	28.50	297	297	0.00	          0.03	28.50	28.50	28.50	28.77	    74.42	846450	  0.29	专用机械	浙江	0.00	28.50	149	
603315	福鞍股份	0.21	28.50	0.06	28.49	28.50	32	32	0.00	          0.00	28.50	28.50	28.50	28.44	   123.98	91200	  0.40	机械基件	辽宁	0.00	28.50	16	
603318	派思股份	0.00	13.83	0.00	13.80	13.83	1	1	0.00	          0.00	13.83	13.83	13.83	13.83	  1545.54	1383	  0.01	专用机械	辽宁	0.00	13.83	1	
603338	浙江鼎力	0.42	52.91	0.22	52.91	52.95	16	16	0.00	          0.00	52.91	52.91	52.91	52.69	    49.19	84656	  0.37	专用机械	浙江	0.00	52.91	8	
603355	莱克电气	-0.22	49.00	-0.11	48.90	49.00	40	40	0.00	          0.01	49.00	49.00	49.00	49.11	    44.03	196000	  0.82	电气设备	江苏	0.00	49.00	20	
603377	东方时尚	0.00	36.78	0.00	36.76	36.78	1	1	0.00	          0.00	36.78	36.78	36.78	36.78	    55.21	3678	  0.01	汽车服务	北京	0.00	36.78	1	
603398	邦宝益智	-0.98	34.23	-0.34	34.23	34.28	112	112	0.00	          0.02	34.23	34.23	34.23	34.57	   109.93	383376	  0.97	文教休闲	广东	0.00	34.23	56	
603508	思维列控	-0.44	66.12	-0.29	66.12	66.15	14	14	0.00	          0.00	66.12	66.12	66.12	66.41	    74.22	92568	  0.24	软件服务	河南	0.00	66.12	7	
603519	立霸股份	--  	31.42	--  	31.35	31.48	0	0	--  	          0.00	--  	--  	--  	31.42	    72.96	0	  0.00	家用电器	江苏	0.00	31.42	0	
603520	司太立	0.04	45.38	0.02	45.38	45.44	18	18	0.00	          0.00	45.38	45.38	45.38	45.36	    65.60	81684	  0.29	化学制药	浙江	0.00	45.38	9	
603566	普莱柯	0.00	25.96	0.00	25.96	26.02	46	46	0.00	          0.00	25.96	25.96	25.96	25.96	    40.35	119416	  0.98	生物制药	河南	0.00	25.96	23	
603567	珍宝岛	0.00	21.00	0.00	21.00	21.02	43	43	0.00	          0.00	21.00	21.00	21.00	21.00	    35.26	90300	  0.25	中成药	黑龙江	0.00	21.00	22	
603568	伟明环保	-0.20	24.49	-0.05	24.44	24.49	31	31	0.00	          0.00	24.49	24.49	24.49	24.54	    48.68	75919	  0.27	环境保护	浙江	0.00	24.49	16	
603589	口子窖	0.03	35.90	0.01	35.90	35.95	215	215	0.00	          0.01	35.90	35.90	35.90	35.89	    22.68	771850	  0.93	白酒	安徽	0.00	35.90	108	
603598	引力传媒	--  	21.22	--  	--  	--  	0	0	--  	          0.00	--  	--  	--  	21.22	   151.63	0	  0.00	影视音像	北京	0.00	21.22	0	
603599	广信股份	-0.12	16.87	-0.02	16.86	16.87	8	8	0.00	          0.00	16.87	16.87	16.87	16.89	    32.77	13496	  0.04	农药化肥	安徽	0.00	16.87	4	
603608	天创时尚	0.10	20.30	0.02	20.28	20.30	153	153	0.00	          0.02	20.30	20.30	20.30	20.28	    51.09	310590	  0.92	服饰	广东	0.00	20.30	77	
603616	韩建河山	--  	15.79	--  	15.80	15.83	0	0	--  	          0.00	--  	--  	--  	15.79	--  	0	  0.00	其他建材	北京	0.00	15.79	0	
603669	灵康药业	-0.14	29.42	-0.04	29.42	29.46	3	3	0.00	          0.00	29.42	29.42	29.42	29.46	    56.62	8826	  0.05	化学制药	西藏	0.00	29.42	2	
603696	安记食品	-1.31	48.40	-0.64	48.36	48.40	1566	1566	0.00	          0.45	48.40	48.40	48.40	49.04	   146.62	7579440	  3.84	食品	福建	0.00	48.40	783	
603703	盛洋科技	0.31	35.97	0.11	35.90	35.97	66	66	0.00	          0.01	35.97	35.97	35.97	35.86	   324.76	237402	  0.34	电气设备	浙江	0.00	35.97	33	
603718	海利生物	--  	16.96	--  	16.90	16.96	0	0	--  	          0.00	--  	--  	--  	16.96	   114.89	0	  0.00	生物制药	上海	0.00	16.96	0	
603729	龙韵股份	--  	85.08	--  	85.00	85.93	0	0	--  	          0.00	--  	--  	--  	85.08	   133.63	0	  0.00	广告包装	上海	0.00	85.08	0	
603778	乾景园林	0.84	23.90	0.20	23.81	23.90	111	111	0.00	          0.01	23.90	23.90	23.90	23.70	    71.90	265290	  1.56	建筑施工	北京	0.00	23.90	56	
603789	星光农机	-0.11	27.40	-0.03	27.40	27.43	43	43	0.00	          0.01	27.40	27.40	27.40	27.43	    78.90	117820	  0.83	农用机械	浙江	0.00	27.40	22	
603800	道森股份	-0.84	43.90	-0.37	43.90	43.98	788	788	0.00	          0.12	43.90	43.90	43.90	44.27	--  	3459320	  1.51	专用机械	江苏	0.00	43.90	394	
603808	歌力思	-0.71	30.96	-0.22	30.96	31.00	21	21	0.00	          0.00	30.96	30.96	30.96	31.18	    63.99	65140	  0.31	服饰	深圳	0.00	30.96	11	
603818	曲美家居	-0.45	17.54	-0.08	17.52	17.54	58	58	0.00	          0.00	17.54	17.54	17.54	17.62	    47.80	101732	  0.29	家居用品	北京	0.00	17.54	29	
603838	四通股份	0.84	22.90	0.19	22.85	22.90	862	862	0.00	          0.09	22.90	22.90	22.90	22.71	    95.68	1973980	  1.02	陶瓷	广东	0.00	22.90	431	
603866	桃李面包	0.27	43.81	0.12	43.31	43.81	28	28	0.00	          0.00	43.81	43.81	43.81	43.69	    45.49	122668	  1.22	食品	辽宁	0.00	43.81	14	
603869	北部湾旅	-0.03	30.18	-0.01	30.10	30.18	2	2	0.00	          0.00	30.18	30.18	30.18	30.19	    84.21	6036	  0.04	旅游服务	广西	0.00	30.18	1	
603883	老百姓	0.00	45.45	0.00	45.45	45.46	42	42	0.00	          0.00	45.45	45.45	45.45	45.45	    43.70	190890	  1.11	医药商业	湖南	0.00	45.45	21	
603885	吉祥航空	0.00	24.50	0.00	24.50	24.53	21	21	0.00	          0.00	24.50	24.50	24.50	24.50	    18.65	51450	  0.25	空运	上海	0.00	24.50	11	
603901	永创智能	-0.27	14.78	-0.04	14.77	14.78	31	31	0.00	          0.00	14.78	14.78	14.78	14.82	    63.06	45818	  0.14	专用机械	浙江	0.00	14.78	16	
603918	金桥信息	0.00	33.53	0.00	33.51	33.53	13	13	0.00	          0.00	33.53	33.53	33.53	33.53	  1052.30	43589	  0.08	软件服务	上海	0.00	33.53	7	
603919	金徽酒	-0.14	28.68	-0.04	28.68	28.69	35	35	0.00	          0.00	28.68	28.68	28.68	28.72	    37.55	100380	  0.28	白酒	甘肃	0.00	28.68	18	
603936	博敏电子	-0.23	31.00	-0.07	31.00	31.07	8	8	0.00	          0.00	31.00	31.00	31.00	31.07	    99.25	24800	  0.10	元器件	广东	0.00	31.00	4	
603968	醋化股份	0.00	24.28	0.00	24.28	24.33	6	6	0.00	          0.00	24.28	24.28	24.28	24.28	    36.41	14568	  0.09	化工原料	江苏	0.00	24.28	3	
603979	金诚信	0.36	19.78	0.07	19.78	19.79	138	138	0.00	          0.01	19.78	19.78	19.78	19.71	    40.54	272964	  0.85	建筑施工	北京	0.00	19.78	69	
603989	艾华集团	--  	35.99	--  	35.84	35.90	0	0	--  	          0.00	--  	--  	--  	35.99	    40.36	0	  0.00	元器件	湖南	0.00	35.99	0	
603996	中新科技	0.09	21.49	0.02	21.47	21.49	58	58	0.00	          0.01	21.49	21.49	21.49	21.47	    79.43	124642	  0.50	电脑设备	浙江	0.00	21.49	29	
603999	读者传媒	-0.48	29.03	-0.14	29.03	29.05	86	86	0.00	          0.01	29.03	29.03	29.03	29.17	   100.67	249658	  0.70	出版业	甘肃	0.00	29.03	43	
数据来源:通达信
