代码	名称	涨幅%%	现价	涨跌	买价	卖价	总量	现量	涨速%%	换手%%	今开	最高	最低	昨收	市盈(动)	总金额	量比	细分行业	地区	振幅%%	均价	内盘	
002211	宏达新材	0.16	12.25	0.02	12.24	12.25	176	176	0.00	          0.01	12.25	12.25	12.25	12.23	--  	215600	  0.33	橡胶	江苏	0.00	12.25	88	
002334	英威腾	-0.24	8.45	-0.02	8.45	8.46	88	88	0.00	          0.00	8.45	8.45	8.45	8.47	    81.00	74360	  0.18	电气设备	深圳	0.00	8.45	44	
002360	同德化工	0.89	11.37	0.10	11.26	11.37	39	39	0.00	          0.00	11.37	11.37	11.37	11.27	    64.00	44343	  0.33	化工原料	山西	0.00	11.37	20	
002379	*ST鲁丰	--  	8.04	--  	--  	--  	0	0	--  	          0.00	--  	--  	--  	8.04	   745.89	0	  0.00	铝	山东	0.00	8.04	0	
002422	科伦药业	0.18	16.66	0.03	16.63	16.66	195	195	0.00	          0.00	16.66	16.66	16.66	16.63	    33.48	324870	  0.90	化学制药	四川	0.00	16.66	98	
002441	众业达	-0.15	12.89	-0.02	12.88	12.89	20	20	0.00	          0.00	12.89	12.89	12.89	12.91	    45.60	25780	  0.17	批发业	广东	0.00	12.89	10	
002448	中原内配	9.04	12.30	1.02	12.29	12.30	7579	7579	0.00	          0.17	12.30	12.30	12.30	11.28	    32.92	9322170	 17.46	汽车配件	河南	0.00	12.30	3790	
002474	榕基软件	-0.30	13.32	-0.04	13.32	13.38	34	34	0.00	          0.00	13.32	13.32	13.32	13.36	   305.20	45288	  0.08	软件服务	福建	0.00	13.32	17	
002515	金字火腿	0.12	16.98	0.02	16.97	16.98	55	55	0.00	          0.00	16.98	16.98	16.98	16.96	   371.82	93390	  0.11	食品	浙江	0.00	16.98	28	
002687	乔治白	--  	11.06	--  	11.06	11.09	0	0	--  	          0.00	--  	--  	--  	11.06	    66.45	0	  0.00	服饰	浙江	0.00	11.06	0	
002801	微光股份	0.01	121.67	0.01	121.67	121.69	68	68	0.00	          0.05	121.67	121.67	121.67	121.66	    76.08	827356	  1.42	电气设备	浙江	0.00	121.67	34	
300028	金亚科技	0.00	13.20	0.00	13.20	13.21	831	831	0.00	          0.03	13.20	13.20	13.20	13.20	   390.45	1096920	  1.19	通信设备	四川	0.00	13.20	416	
300099	尤洛卡	-1.13	12.28	-0.14	12.28	12.29	2486	2486	0.00	          0.07	12.28	12.28	12.28	12.42	--  	3052808	  2.52	电器仪表	山东	0.00	12.28	1243	
300116	坚瑞沃能	-0.69	21.55	-0.15	21.55	21.61	430	430	0.00	          0.01	21.55	21.55	21.55	21.70	    61.74	926650	  0.60	专用机械	陕西	0.00	21.55	215	
300248	新开普	-0.45	22.20	-0.10	22.20	22.38	630	630	0.00	          0.03	22.20	22.20	22.20	22.30	   174.58	1398600	  2.80	软件服务	河南	0.00	22.20	315	
300343	联创互联	-0.15	19.54	-0.03	19.54	19.55	151	151	0.00	          0.01	19.54	19.54	19.54	19.57	    53.74	295054	  0.52	互联网	山东	0.00	19.54	76	
300408	三环集团	0.17	18.21	0.03	18.21	18.28	76	76	0.00	          0.00	18.21	18.21	18.21	18.18	    30.68	138396	  0.22	元器件	广东	0.00	18.21	38	
300432	富临精工	-0.92	25.81	-0.24	25.81	25.98	341	341	0.00	          0.02	25.81	25.81	25.81	26.05	    61.34	880121	  0.95	汽车配件	四川	0.00	25.81	171	
300490	华自科技	--  	25.00	--  	--  	--  	0	0	--  	          0.00	--  	--  	--  	25.00	   135.43	0	  0.00	电气设备	湖南	0.00	25.00	0	
300506	名家汇	0.10	40.19	0.04	40.17	40.19	29	29	0.00	          0.00	40.19	40.19	40.19	40.15	   184.31	116551	  0.12	建筑施工	深圳	0.00	40.19	15	
300510	金冠电气	--  	34.91	--  	--  	--  	0	0	--  	          0.00	--  	--  	--  	34.91	   107.67	0	  0.00	电气设备	吉林	0.00	34.91	0	
300512	中亚股份	0.00	30.70	0.00	30.70	30.75	15	15	0.00	          0.00	30.70	30.70	30.70	30.70	    51.94	46050	  0.09	专用机械	浙江	0.00	30.70	8	
600182	S佳通	-0.38	28.58	-0.11	28.58	28.68	79	79	0.00	          0.00	28.58	28.58	28.58	28.69	    60.97	225782	  0.83	汽车配件	黑龙江	0.00	28.58	40	
600401	海润光伏	-0.43	2.29	-0.01	2.29	2.30	771	771	0.00	          0.00	2.29	2.29	2.29	2.30	   179.20	176559	  0.35	半导体	江苏	0.00	2.29	386	
601313	江南嘉捷	-0.25	12.03	-0.03	12.02	12.03	26	26	0.00	          0.00	12.03	12.03	12.03	12.06	    27.51	31278	  0.21	运输设备	江苏	0.00	12.03	13	
601611	中国核建	0.18	17.15	0.03	17.13	17.15	718	718	0.00	          0.01	17.15	17.15	17.15	17.12	    67.12	1231370	  0.90	建筑施工	北京	0.00	17.15	359	
601677	明泰铝业	0.07	14.58	0.01	14.58	14.59	40	40	0.00	          0.00	14.58	14.58	14.58	14.57	    27.67	58320	  0.25	铝	河南	0.00	14.58	20	
601890	亚星锚链	0.33	9.05	0.03	9.04	9.05	367	367	0.00	          0.00	9.05	9.05	9.05	9.02	   134.61	332135	  0.61	船舶	江苏	0.00	9.05	184	
601900	南方传媒	0.00	15.26	0.00	15.26	15.30	28	28	0.00	          0.00	15.26	15.26	15.26	15.26	    27.03	42728	  0.15	出版业	广东	0.00	15.26	14	
603029	天鹅股份	-0.71	52.00	-0.37	51.81	52.08	165	165	0.00	          0.07	52.00	52.00	52.00	52.37	   204.73	858000	  0.54	专用机械	山东	0.00	52.00	83	
603116	红蜻蜓	-0.38	20.80	-0.08	20.80	20.83	210	210	0.00	          0.01	20.80	20.80	20.80	20.88	    31.27	436800	  0.89	服饰	浙江	0.00	20.80	105	
603566	普莱柯	0.00	25.96	0.00	25.96	26.02	46	46	0.00	          0.00	25.96	25.96	25.96	25.96	    40.35	119416	  0.98	生物制药	河南	0.00	25.96	23	
603568	伟明环保	-0.20	24.49	-0.05	24.44	24.49	31	31	0.00	          0.00	24.49	24.49	24.49	24.54	    48.68	75919	  0.27	环境保护	浙江	0.00	24.49	16	
603726	朗迪集团	-0.18	50.90	-0.09	50.80	50.90	43	43	0.00	          0.02	50.90	50.90	50.90	50.99	    72.67	218870	  0.41	机械基件	浙江	0.00	50.90	22	
603822	嘉澳环保	-0.21	58.20	-0.12	58.11	58.20	151	151	0.00	          0.08	58.20	58.20	58.20	58.32	    99.54	878820	  1.23	环境保护	浙江	0.00	58.20	76	
603861	白云电器	-0.21	28.30	-0.06	28.20	28.30	8	8	0.00	          0.00	28.30	28.30	28.30	28.36	   126.91	22640	  0.10	电气设备	广东	0.00	28.30	4	
数据来源:通达信
