代码	名称	涨幅%%	现价	涨跌	买价	卖价	总量	现量	涨速%%	换手%%	今开	最高	最低	昨收	市盈(动)	总金额	量比	细分行业	地区	振幅%%	均价	内盘	
000951	中国重汽	--  	15.35	--  	15.33	15.35	0	0	--  	          0.00	--  	--  	--  	15.35	    34.11	0	  0.00	汽车整车	山东	0.00	15.35	0	
000996	中国中期	0.04	23.24	0.01	23.23	23.24	112	112	0.00	          0.00	23.24	23.24	23.24	23.23	   262.74	260288	  0.45	公路	北京	0.00	23.24	56	
600028	中国石化	0.00	5.53	0.00	5.52	5.53	2843	2843	0.00	          0.00	5.53	5.53	5.53	5.53	    17.22	1572179	  0.52	石油加工	北京	0.00	5.53	1422	
600050	中国联通	-0.67	7.36	-0.05	7.36	7.37	23655	23655	0.00	          0.01	7.36	7.36	7.36	7.41	   239.39	17410080	  1.30	电信运营	上海	0.00	7.36	11828	
600056	中国医药	-0.05	21.65	-0.01	21.60	21.65	135	135	0.00	          0.00	21.65	21.65	21.65	21.66	    23.26	292275	  0.57	医药商业	北京	0.00	21.65	68	
600118	中国卫星	0.24	33.15	0.08	33.15	33.16	206	206	0.00	          0.00	33.15	33.15	33.15	33.07	    98.57	682890	  0.43	航空	北京	0.00	33.15	103	
600150	中国船舶	0.18	27.97	0.05	27.95	27.97	587	587	0.00	          0.00	27.97	27.97	27.97	27.92	--  	1641839	  0.77	船舶	上海	0.00	27.97	294	
600176	中国巨石	0.00	10.24	0.00	10.24	10.25	387	387	0.00	          0.00	10.24	10.24	10.24	10.24	    16.36	396288	  0.37	玻璃	浙江	0.00	10.24	194	
600500	中化国际	-0.18	11.09	-0.02	11.09	11.10	1124	1124	0.00	          0.01	11.09	11.09	11.09	11.11	    76.99	1246516	  1.57	商贸代理	上海	0.00	11.09	562	
600536	中国软件	0.32	25.29	0.08	25.21	25.29	76	76	0.00	          0.00	25.29	25.29	25.29	25.21	--  	192204	  0.32	软件服务	北京	0.00	25.29	38	
600730	中国高科	0.08	12.07	0.01	12.06	12.07	71	71	0.00	          0.00	12.07	12.07	12.07	12.06	     8.33	85697	  0.26	综合类	北京	0.00	12.07	36	
600877	中国嘉陵	0.11	9.53	0.01	9.52	9.53	219	219	0.00	          0.00	9.53	9.53	9.53	9.52	--  	208707	  0.33	摩托车	重庆	0.00	9.53	110	
600970	中材国际	0.13	7.49	0.01	7.49	7.50	124	124	0.00	          0.00	7.49	7.49	7.49	7.48	    20.38	92996	  0.16	建筑施工	江苏	0.00	7.49	62	
601088	中国神华	0.00	16.51	0.00	16.51	16.52	460	460	0.00	          0.00	16.51	16.51	16.51	16.51	    14.23	759460	  0.80	煤炭开采	北京	0.00	16.51	230	
601106	中国一重	-0.46	4.29	-0.02	4.28	4.29	1549	1549	0.00	          0.00	4.29	4.29	4.29	4.31	--  	664521	  1.05	工程机械	黑龙江	0.00	4.29	775	
601111	中国国航	0.75	8.08	0.06	8.07	8.08	9912	9912	0.00	          0.01	8.08	8.08	8.08	8.02	    10.97	8008896	  6.47	空运	北京	0.00	8.08	4956	
601117	中国化学	0.13	7.87	0.01	7.87	7.88	1065	1065	0.00	          0.00	7.87	7.87	7.87	7.86	    20.18	838155	  0.87	建筑施工	北京	0.00	7.87	533	
601179	中国西电	-0.51	5.90	-0.03	5.90	5.92	273	273	0.00	          0.00	5.90	5.90	5.90	5.93	    30.05	161070	  0.64	电气设备	陕西	0.00	5.90	137	
601186	中国铁建	-0.40	12.51	-0.05	12.51	12.52	1002	1002	0.00	          0.00	12.51	12.51	12.51	12.56	    13.97	1253502	  0.60	建筑施工	北京	0.00	12.51	501	
601318	中国平安	0.06	35.99	0.02	35.99	36.00	2714	2714	0.00	          0.00	35.99	35.99	35.99	35.97	     8.73	9769306	  2.32	保险	深圳	0.00	35.99	1357	
601390	中国中铁	-0.11	8.71	-0.01	8.71	8.72	549	549	0.00	          0.00	8.71	8.71	8.71	8.72	    16.14	478179	  0.37	建筑施工	北京	0.00	8.71	275	
601600	中国铝业	0.00	4.90	0.00	4.89	4.90	2793	2793	0.00	          0.00	4.90	4.90	4.90	4.90	   507.82	1368570	  0.86	铝	北京	0.00	4.90	1397	
601601	中国太保	-0.07	27.79	-0.02	27.78	27.79	220	220	0.00	          0.00	27.79	27.79	27.79	27.81	    21.39	611380	  0.39	保险	上海	0.00	27.79	110	
601611	中国核建	0.18	17.15	0.03	17.13	17.15	718	718	0.00	          0.01	17.15	17.15	17.15	17.12	    67.12	1231370	  0.90	建筑施工	北京	0.00	17.15	359	
601618	中国中冶	0.41	4.93	0.02	4.92	4.93	2958	2958	0.00	          0.00	4.93	4.93	4.93	4.91	    22.83	1458294	  1.43	建筑施工	北京	0.00	4.93	1479	
601628	中国人寿	-0.52	25.01	-0.13	25.01	25.10	423	423	0.00	          0.00	25.01	25.01	25.01	25.14	    39.19	1057923	  0.98	保险	北京	0.00	25.01	212	
601668	中国建筑	0.12	8.68	0.01	8.67	8.68	2616	2616	0.00	          0.00	8.68	8.68	8.68	8.67	     7.89	2270688	  0.30	建筑施工	北京	0.00	8.68	1308	
601669	中国电建	-0.27	7.29	-0.02	7.29	7.30	638	638	0.00	          0.00	7.29	7.29	7.29	7.31	    14.04	465102	  0.40	建筑施工	北京	0.00	7.29	319	
601766	中国中车	0.00	10.12	0.00	10.11	10.12	1234	1234	0.00	          0.00	10.12	10.12	10.12	10.12	    28.97	1248808	  0.64	运输设备	北京	0.00	10.12	617	
601800	中国交建	0.00	17.37	0.00	17.35	17.37	379	379	0.00	          0.00	17.37	17.37	17.37	17.37	    18.69	658323	  0.39	建筑施工	北京	0.00	17.37	190	
601857	中国石油	0.00	7.97	0.00	7.96	7.97	448	448	0.00	          0.00	7.97	7.97	7.97	7.97	   634.58	357056	  0.27	石油开采	北京	0.00	7.97	224	
601888	中国国旅	0.02	49.91	0.01	49.91	50.00	158	157	0.00	          0.00	49.91	49.91	49.91	49.90	    25.02	787430	  0.95	旅游服务	北京	0.00	49.91	79	
601898	中煤能源	-0.34	5.86	-0.02	5.86	5.88	441	441	0.00	          0.00	5.86	5.86	5.86	5.88	    65.20	258426	  0.55	煤炭开采	北京	0.00	5.86	221	
601919	中远海控	-0.17	5.84	-0.01	5.83	5.84	261	261	0.00	          0.00	5.84	5.84	5.84	5.85	--  	152424	  0.18	水运	天津	0.00	5.84	131	
601985	中国核电	-0.14	7.16	-0.01	7.16	7.17	672	672	0.00	          0.00	7.16	7.16	7.16	7.17	    22.22	481152	  0.46	新型电力	北京	0.00	7.16	336	
601988	中国银行	0.00	3.67	0.00	3.66	3.67	1968	1968	0.00	          0.00	3.67	3.67	3.67	3.67	     6.01	722256	  0.46	银行	北京	0.00	3.67	984	
601989	中国重工	0.14	7.35	0.01	7.34	7.35	1450	1450	0.00	          0.00	7.35	7.35	7.35	7.34	   119.53	1065750	  0.33	船舶	北京	0.00	7.35	725	
数据来源:通达信
