代码	名称	涨幅%%	现价	涨跌	买价	卖价	总量	现量	涨速%%	换手%%	今开	最高	最低	昨收	市盈(动)	总金额	量比	细分行业	地区	振幅%%	均价	内盘	
000016	深康佳Ａ	0.22	4.50	0.01	4.50	4.51	487	487	0.00	          0.00	4.50	4.50	4.50	4.49	--  	219150	  1.18	家用电器	深圳	0.00	4.50	244	
000028	国药一致	0.30	70.54	0.21	70.51	70.54	11	11	0.00	          0.00	70.54	70.54	70.54	70.33	    31.34	77594	  0.23	医药商业	深圳	0.00	70.54	6	
000029	深深房Ａ	--  	11.17	--  	--  	--  	0	0	--  	          0.00	--  	--  	--  	11.17	    35.78	0	  0.00	区域地产	深圳	0.00	11.17	0	
000036	华联控股	0.24	8.41	0.02	8.40	8.41	174	174	0.00	          0.00	8.41	8.41	8.41	8.39	    15.13	146334	  0.69	全国地产	深圳	0.00	8.41	87	
000061	农 产 品	0.00	11.60	0.00	11.56	11.60	200	200	0.00	          0.00	11.60	11.60	11.60	11.60	    69.00	232000	  0.93	农业综合	深圳	0.00	11.60	100	
000513	丽珠集团	0.18	54.83	0.10	54.83	54.90	36	36	0.00	          0.00	54.83	54.83	54.83	54.73	    28.47	197388	  0.48	中成药	广东	0.00	54.83	18	
000516	国际医学	--  	7.90	--  	--  	--  	0	0	--  	          0.00	--  	--  	--  	7.90	    60.08	0	  0.00	百货	陕西	0.00	7.90	0	
000547	航天发展	0.00	15.57	0.00	15.57	15.60	152	152	0.00	          0.00	15.57	15.57	15.57	15.57	   112.43	236664	  0.23	通信设备	福建	0.00	15.57	76	
000553	沙隆达Ａ	0.00	14.95	0.00	14.95	14.96	19	19	0.00	          0.00	14.95	14.95	14.95	14.95	   324.85	28405	  0.07	农药化肥	湖北	0.00	14.95	10	
000568	泸州老窖	0.20	40.71	0.08	40.71	40.75	177	177	0.00	          0.00	40.71	40.71	40.71	40.63	    28.42	720567	  0.45	白酒	四川	0.00	40.71	89	
000573	粤宏远Ａ	-0.21	9.42	-0.02	9.41	9.42	161	161	0.00	          0.00	9.42	9.42	9.42	9.44	   184.58	151662	  0.24	区域地产	广东	0.00	9.42	81	
000584	友利控股	--  	11.85	--  	--  	--  	0	0	--  	          0.00	--  	--  	--  	11.85	--  	0	  0.00	化纤	江苏	0.00	11.85	0	
000592	平潭发展	0.16	6.42	0.01	6.41	6.42	131	131	0.00	          0.00	6.42	6.42	6.42	6.41	   436.59	84102	  0.24	林业	福建	0.00	6.42	66	
000596	古井贡酒	-0.18	54.37	-0.10	54.37	54.47	49	49	0.00	          0.00	54.37	54.37	54.37	54.47	    35.26	266413	  0.49	白酒	安徽	0.00	54.37	25	
000673	当代东方	--  	13.53	--  	--  	--  	0	0	--  	          0.00	--  	--  	--  	13.53	    59.33	0	  0.00	影视音像	山西	0.00	13.53	0	
000676	智度股份	0.00	18.22	0.00	18.11	18.22	18	18	0.00	          0.00	18.22	18.22	18.22	18.22	    87.87	32796	  0.06	互联网	河南	0.00	18.22	9	
000718	苏宁环球	0.14	7.28	0.01	7.27	7.28	782	782	0.00	          0.00	7.28	7.28	7.28	7.27	    20.57	569296	  1.42	区域地产	吉林	0.00	7.28	391	
000751	锌业股份	-0.17	5.97	-0.01	5.96	5.97	497	497	0.00	          0.00	5.97	5.97	5.97	5.98	    66.76	296709	  0.52	铅锌	辽宁	0.00	5.97	249	
000762	西藏矿业	-0.11	18.02	-0.02	18.00	18.02	247	247	0.00	          0.01	18.02	18.02	18.02	18.04	   546.10	445094	  0.50	小金属	西藏	0.00	18.02	124	
000766	通化金马	0.11	18.00	0.02	18.00	18.03	8	8	0.00	          0.00	18.00	18.00	18.00	17.98	    97.24	14400	  0.08	中成药	吉林	0.00	18.00	4	
000768	中航飞机	-0.21	24.00	-0.05	24.00	24.01	1620	1620	0.00	          0.01	24.00	24.00	24.00	24.05	   422.10	3888000	  1.44	航空	陕西	0.00	24.00	810	
000782	美达股份	-0.36	11.19	-0.04	11.19	11.23	193	193	0.00	          0.01	11.19	11.19	11.19	11.23	--  	215967	  0.33	化纤	广东	0.00	11.19	97	
000797	中国武夷	0.16	18.83	0.03	18.83	18.84	77	77	0.00	          0.00	18.83	18.83	18.83	18.80	   553.39	145010	  0.58	全国地产	福建	0.00	18.83	39	
000818	方大化工	0.07	13.53	0.01	13.53	13.55	519	519	0.00	          0.01	13.53	13.53	13.53	13.52	   168.96	702207	  1.12	化工原料	辽宁	0.00	13.53	260	
000901	航天科技	0.19	36.41	0.07	36.41	36.45	177	177	0.00	          0.01	36.41	36.41	36.41	36.34	   400.62	644457	  0.84	航空	黑龙江	0.00	36.41	89	
000908	景峰医药	-0.19	10.35	-0.02	10.33	10.35	4	4	0.00	          0.00	10.35	10.35	10.35	10.37	    40.85	4140	  0.04	化学制药	湖南	0.00	10.35	2	
000910	大亚圣象	0.22	22.63	0.05	22.63	22.68	154	154	0.00	          0.00	22.63	22.63	22.63	22.58	    31.94	348502	  0.81	家居用品	江苏	0.00	22.63	77	
000922	佳电股份	0.09	10.80	0.01	10.80	10.81	401	401	0.00	          0.01	10.80	10.80	10.80	10.79	--  	433080	  0.43	电气设备	黑龙江	0.00	10.80	201	
000957	中通客车	-0.06	16.38	-0.01	16.35	16.38	273	273	0.00	          0.01	16.38	16.38	16.38	16.39	    16.00	447174	  0.50	汽车整车	山东	0.00	16.38	137	
000962	*ST东钽	-0.98	13.13	-0.13	13.11	13.13	469	469	0.00	          0.01	13.13	13.13	13.13	13.26	   199.56	615797	  1.36	小金属	宁夏	0.00	13.13	235	
000975	银泰资源	0.25	15.80	0.04	15.78	15.80	463	463	0.00	          0.01	15.80	15.80	15.80	15.76	    77.81	731540	  1.55	铅锌	内蒙	0.00	15.80	232	
000976	春晖股份	0.71	9.92	0.07	9.88	9.92	668	668	0.00	          0.01	9.92	9.92	9.92	9.85	   105.76	662656	  1.19	化纤	广东	0.00	9.92	334	
000980	金马股份	-0.59	16.85	-0.10	16.85	16.88	1597	1597	0.00	          0.03	16.85	16.85	16.85	16.95	   102.54	2690945	  1.00	汽车配件	安徽	0.00	16.85	799	
002013	中航机电	1.58	18.00	0.28	18.00	18.01	3185	3185	0.00	          0.02	18.00	18.00	18.00	17.72	    90.21	5733000	  5.28	航空	湖北	0.00	18.00	1593	
002065	东华软件	0.00	21.67	0.00	21.61	21.67	70	70	0.00	          0.00	21.67	21.67	21.67	21.67	    40.38	151690	  0.24	软件服务	北京	0.00	21.67	35	
002091	江苏国泰	-0.29	13.92	-0.04	13.92	13.95	179	179	0.00	          0.00	13.92	13.92	13.92	13.96	    52.07	249168	  0.75	商贸代理	江苏	0.00	13.92	90	
002121	科陆电子	-0.11	9.14	-0.01	9.14	9.15	53	53	0.00	          0.00	9.14	9.14	9.14	9.15	   116.89	48442	  0.23	电器仪表	深圳	0.00	9.14	27	
002145	中核钛白	-0.61	6.51	-0.04	6.51	6.53	1654	1654	0.00	          0.02	6.51	6.51	6.51	6.55	   167.57	1076754	  0.92	化工原料	甘肃	0.00	6.51	827	
002170	芭田股份	-0.32	9.28	-0.03	9.27	9.28	67	67	0.00	          0.00	9.28	9.28	9.28	9.31	    46.96	62176	  0.38	农药化肥	深圳	0.00	9.28	34	
002171	楚江新材	0.06	16.84	0.01	16.82	16.84	111	111	0.00	          0.00	16.84	16.84	16.84	16.83	    46.56	186924	  0.57	铜	安徽	0.00	16.84	56	
002176	江特电机	-0.16	12.24	-0.02	12.23	12.24	249	249	0.00	          0.00	12.24	12.24	12.24	12.26	    91.15	304776	  0.24	电气设备	江西	0.00	12.24	125	
002182	云海金属	0.19	20.89	0.04	20.89	20.90	620	620	0.00	          0.03	20.89	20.89	20.89	20.85	    43.22	1295180	  1.45	小金属	江苏	0.00	20.89	310	
002183	怡 亚 通	0.27	11.02	0.03	11.01	11.02	360	360	0.00	          0.00	11.02	11.02	11.02	10.99	    38.44	396720	  0.52	仓储物流	深圳	0.00	11.02	180	
002188	巴士在线	-0.11	28.12	-0.03	28.01	28.12	1	1	0.00	          0.00	28.12	28.12	28.12	28.15	   232.48	2812	  0.02	广告包装	浙江	0.00	28.12	1	
002212	南洋股份	0.85	17.85	0.15	17.70	17.85	123	123	0.00	          0.00	17.85	17.85	17.85	17.70	   226.71	219555	  0.79	电气设备	广东	0.00	17.85	62	
002216	三全食品	0.20	9.98	0.02	9.97	9.98	141	141	0.00	          0.00	9.98	9.98	9.98	9.96	    89.43	140718	  0.64	食品	河南	0.00	9.98	71	
002217	合力泰	-0.36	19.38	-0.07	19.35	19.38	567	567	0.00	          0.01	19.38	19.38	19.38	19.45	    39.32	1098846	  1.09	元器件	山东	0.00	19.38	284	
002223	鱼跃医疗	-0.25	31.37	-0.08	31.37	31.39	52	52	0.00	          0.00	31.37	31.37	31.37	31.45	    36.40	163124	  0.47	医疗保健	江苏	0.00	31.37	26	
002240	威华股份	-1.02	12.65	-0.13	12.65	12.66	687	687	0.00	          0.02	12.65	12.65	12.65	12.78	   265.21	869055	  1.14	家居用品	广东	0.00	12.65	344	
002241	歌尔股份	0.67	32.84	0.22	32.80	32.84	1016	1016	0.00	          0.01	32.84	32.84	32.84	32.62	    36.29	3336544	  2.41	元器件	山东	0.00	32.84	508	
002242	九阳股份	-0.11	18.90	-0.02	18.88	18.90	290	290	0.00	          0.00	18.90	18.90	18.90	18.92	    19.92	548100	  0.98	家用电器	山东	0.00	18.90	145	
002246	北化股份	0.13	14.88	0.02	14.88	14.91	193	193	0.00	          0.00	14.88	14.88	14.88	14.86	    67.12	287184	  0.35	化工原料	四川	0.00	14.88	97	
002254	泰和新材	0.00	12.54	0.00	12.52	12.54	49	49	0.00	          0.00	12.54	12.54	12.54	12.54	   116.87	61446	  0.21	化纤	山东	0.00	12.54	25	
002266	浙富控股	0.00	5.64	0.00	5.63	5.64	156	156	0.00	          0.00	5.64	5.64	5.64	5.64	   165.90	87984	  0.44	电气设备	浙江	0.00	5.64	78	
002269	美邦服饰	-0.21	4.85	-0.01	4.84	4.85	258	258	0.00	          0.00	4.85	4.85	4.85	4.86	--  	125130	  0.45	服饰	上海	0.00	4.85	129	
002271	东方雨虹	-0.37	26.75	-0.10	26.75	26.80	46	46	0.00	          0.00	26.75	26.75	26.75	26.85	    24.57	123050	  0.19	其他建材	北京	0.00	26.75	23	
002284	亚太股份	10.04	14.80	1.35	14.80	--  	27456	27455	0.00	          0.40	14.80	14.80	14.80	13.45	    65.63	40634688	 56.49	汽车配件	浙江	0.00	14.80	13728	
002285	世联行	0.50	8.00	0.04	7.98	8.00	1010	1010	0.00	          0.01	8.00	8.00	8.00	7.96	    32.32	808000	  1.51	房产服务	深圳	0.00	8.00	505	
002286	保龄宝	0.07	14.98	0.01	14.98	15.01	8	8	0.00	          0.00	14.98	14.98	14.98	14.97	   103.44	11984	  0.07	食品	山东	0.00	14.98	4	
002296	辉煌科技	0.00	14.83	0.00	14.80	14.83	22	22	0.00	          0.00	14.83	14.83	14.83	14.83	    73.66	32626	  0.18	通信设备	河南	0.00	14.83	11	
002297	博云新材	0.38	13.34	0.05	13.33	13.34	395	395	0.00	          0.01	13.34	13.34	13.34	13.29	--  	526930	  0.60	矿物制品	湖南	0.00	13.34	198	
002299	圣农发展	--  	18.59	--  	--  	--  	0	0	--  	          0.00	--  	--  	--  	18.59	    30.79	0	  0.00	农业综合	福建	0.00	18.59	0	
002303	美盈森	0.21	9.75	0.02	9.75	9.76	166	166	0.00	          0.00	9.75	9.75	9.75	9.73	    53.25	161850	  0.57	造纸	深圳	0.00	9.75	83	
002304	洋河股份	0.43	86.68	0.37	86.35	86.68	25	25	0.00	          0.00	86.68	86.68	86.68	86.31	    20.25	216700	  0.17	白酒	江苏	0.00	86.68	13	
002310	东方园林	0.13	15.25	0.02	15.25	15.26	3577	3577	0.00	          0.03	15.25	15.25	15.25	15.23	    59.22	5454925	  4.82	建筑施工	北京	0.00	15.25	1789	
002311	海大集团	0.25	16.03	0.04	15.99	16.03	26	26	0.00	          0.00	16.03	16.03	16.03	15.99	    21.06	41678	  0.18	饲料	广东	0.00	16.03	13	
002324	普利特	0.00	29.16	0.00	29.10	29.16	61	61	0.00	          0.00	29.16	29.16	29.16	29.16	    26.05	177876	  1.65	塑料	上海	0.00	29.16	31	
002329	皇氏集团	-0.35	14.05	-0.05	14.04	14.05	174	174	0.00	          0.00	14.05	14.05	14.05	14.10	    66.53	244470	  0.12	乳制品	广西	0.00	14.05	87	
002331	皖通科技	0.06	17.46	0.01	17.45	17.46	457	457	0.00	          0.02	17.46	17.46	17.46	17.45	    79.57	797922	  0.44	软件服务	安徽	0.00	17.46	229	
002335	科华恒盛	--  	42.90	--  	--  	--  	0	0	--  	          0.00	--  	--  	--  	42.90	    87.58	0	  0.00	电气设备	福建	0.00	42.90	0	
002339	积成电子	0.00	18.91	0.00	18.82	18.91	45	45	0.00	          0.00	18.91	18.91	18.91	18.91	    67.47	85095	  0.18	电气设备	山东	0.00	18.91	23	
002345	潮宏基	-0.70	11.27	-0.08	11.27	11.29	77	77	0.00	          0.00	11.27	11.27	11.27	11.35	    36.70	86779	  0.26	服饰	广东	0.00	11.27	39	
002354	天神娱乐	0.26	70.50	0.18	70.39	70.50	65	65	0.00	          0.00	70.50	70.50	70.50	70.32	    45.62	458250	  0.86	互联网	辽宁	0.00	70.50	33	
002358	森源电气	-0.24	21.16	-0.05	21.11	21.16	207	207	0.00	          0.00	21.16	21.16	21.16	21.21	    49.91	438012	  0.62	电气设备	河南	0.00	21.16	104	
002371	北方华创	-0.16	31.39	-0.05	31.32	31.39	472	472	0.00	          0.03	31.39	31.39	31.39	31.44	   171.77	1481608	  1.53	半导体	北京	0.00	31.39	236	
002396	星网锐捷	0.35	20.35	0.07	20.35	20.39	120	120	0.00	          0.00	20.35	20.35	20.35	20.28	    46.72	244200	  0.26	通信设备	福建	0.00	20.35	60	
002414	高德红外	-0.25	24.14	-0.06	24.14	24.20	81	81	0.00	          0.00	24.14	24.14	24.14	24.20	   269.78	195534	  0.88	电器仪表	湖北	0.00	24.14	41	
002427	尤夫股份	0.13	23.83	0.03	23.83	23.84	69	69	0.00	          0.00	23.83	23.83	23.83	23.80	    61.85	164427	  0.21	化纤	浙江	0.00	23.83	35	
002465	海格通信	0.25	12.03	0.03	12.01	12.03	261	261	0.00	          0.00	12.03	12.03	12.03	12.00	    77.16	313983	  0.24	通信设备	广东	0.00	12.03	131	
002467	二六三	0.38	10.54	0.04	10.52	10.54	882	882	0.00	          0.01	10.54	10.54	10.54	10.50	    66.13	929628	  0.99	电信运营	北京	0.00	10.54	441	
002471	中超控股	0.00	6.02	0.00	6.01	6.02	139	139	0.00	          0.00	6.02	6.02	6.02	6.02	    64.84	83678	  0.53	电气设备	江苏	0.00	6.02	70	
002479	富春环保	-0.24	12.65	-0.03	12.62	12.65	180	180	0.00	          0.00	12.65	12.65	12.65	12.68	    41.13	227700	  0.57	火力发电	浙江	0.00	12.65	90	
002481	双塔食品	-0.46	8.70	-0.04	8.69	8.70	449	449	0.00	          0.00	8.70	8.70	8.70	8.74	    81.02	390630	  1.06	食品	山东	0.00	8.70	225	
002503	搜于特	-0.31	12.99	-0.04	12.95	12.99	41	41	0.00	          0.00	12.99	12.99	12.99	13.03	    58.26	53259	  0.25	服饰	广东	0.00	12.99	21	
002550	千红制药	0.44	6.91	0.03	6.91	6.92	267	267	0.00	          0.00	6.91	6.91	6.91	6.88	    36.04	184497	  1.56	生物制药	江苏	0.00	6.91	134	
002554	惠博普	-0.26	7.81	-0.02	7.81	7.83	178	178	0.00	          0.00	7.81	7.81	7.81	7.83	    59.46	139018	  0.46	石油开采	北京	0.00	7.81	89	
002570	贝因美	-0.15	13.72	-0.02	13.71	13.72	17	17	0.00	          0.00	13.72	13.72	13.72	13.74	--  	23324	  0.04	乳制品	浙江	0.00	13.72	9	
002571	德力股份	-0.14	13.91	-0.02	13.91	13.92	119	119	0.00	          0.00	13.91	13.91	13.91	13.93	--  	165529	  0.19	玻璃	安徽	0.00	13.91	60	
002586	围海股份	--  	9.40	--  	9.40	9.42	0	0	--  	          0.00	--  	--  	--  	9.40	   261.38	0	  0.00	建筑施工	浙江	0.00	9.40	0	
002596	海南瑞泽	0.08	26.44	0.02	26.43	26.44	20	20	0.00	          0.00	26.44	26.44	26.44	26.42	   390.65	52880	  0.23	其他建材	海南	0.00	26.44	10	
002603	以岭药业	-0.06	18.12	-0.01	18.10	18.12	14	14	0.00	          0.00	18.12	18.12	18.12	18.13	    35.21	25368	  0.06	中成药	河北	0.00	18.12	7	
002639	雪人股份	-0.34	11.88	-0.04	11.88	11.90	98	98	0.00	          0.00	11.88	11.88	11.88	11.92	   399.38	116424	  0.15	专用机械	福建	0.00	11.88	49	
002649	博彦科技	0.10	39.85	0.04	39.85	39.88	5	5	0.00	          0.00	39.85	39.85	39.85	39.81	    45.08	19925	  0.04	软件服务	北京	0.00	39.85	3	
002650	加加食品	0.00	7.19	0.00	7.19	7.20	653	653	0.00	          0.01	7.19	7.19	7.19	7.19	    48.60	469507	  1.07	食品	湖南	0.00	7.19	327	
002669	康达新材	0.00	27.80	0.00	27.62	27.80	4	4	0.00	          0.00	27.80	27.80	27.80	27.80	    71.59	11120	  0.08	化工原料	上海	0.00	27.80	2	
002675	东诚药业	--  	14.30	--  	--  	--  	0	0	--  	          0.00	--  	--  	--  	14.30	    77.44	0	  0.00	化学制药	山东	0.00	14.30	0	
002688	金河生物	-0.19	10.55	-0.02	10.55	10.56	115	115	0.00	          0.00	10.55	10.55	10.55	10.57	    40.71	121325	  0.60	化学制药	内蒙	0.00	10.55	58	
002701	奥瑞金	0.12	8.70	0.01	8.70	8.71	187	187	0.00	          0.00	8.70	8.70	8.70	8.69	    15.02	162690	  0.29	广告包装	北京	0.00	8.70	94	
002717	岭南园林	--  	24.96	--  	--  	--  	0	0	--  	          0.00	--  	--  	--  	24.96	    44.81	0	  0.00	建筑施工	广东	0.00	24.96	0	
002737	葵花药业	0.00	35.25	0.00	35.25	35.30	20	20	0.00	          0.00	35.25	35.25	35.25	35.25	    62.93	70641	  0.28	中成药	黑龙江	0.00	35.25	10	
300002	神州泰岳	-0.21	9.61	-0.02	9.60	9.61	245	245	0.00	          0.00	9.61	9.61	9.61	9.63	    40.35	235445	  0.41	软件服务	北京	0.00	9.61	123	
300006	莱美药业	0.24	8.48	0.02	8.48	8.49	49	49	0.00	          0.00	8.48	8.48	8.48	8.46	   110.12	41552	  0.33	化学制药	重庆	0.00	8.48	25	
300012	华测检测	-0.29	10.43	-0.03	10.42	10.43	224	224	0.00	          0.00	10.43	10.43	10.43	10.46	    86.86	233632	  0.35	电器仪表	深圳	0.00	10.43	112	
300018	中元股份	0.17	11.50	0.02	11.48	11.50	57	57	0.00	          0.00	11.50	11.50	11.50	11.48	    72.97	65550	  0.35	电气设备	湖北	0.00	11.50	29	
300038	梅泰诺	0.40	45.40	0.18	45.40	45.47	299	299	0.00	          0.02	45.40	45.40	45.40	45.22	    92.29	1357460	  1.78	通信设备	北京	0.00	45.40	150	
300039	上海凯宝	-0.10	10.50	-0.01	10.50	10.51	196	196	0.00	          0.00	10.50	10.50	10.50	10.51	    30.82	205800	  0.79	中成药	上海	0.00	10.50	98	
300049	福瑞股份	0.34	20.69	0.07	20.62	20.69	17	17	0.00	          0.00	20.69	20.69	20.69	20.62	    76.53	35173	  0.22	中成药	内蒙	0.00	20.69	9	
300063	天龙集团	0.00	27.24	0.00	27.21	27.24	213	213	0.00	          0.02	27.24	27.24	27.24	27.24	    48.13	580212	  0.79	染料涂料	广东	0.00	27.24	107	
300089	文化长城	0.00	16.00	0.00	15.95	16.00	287	287	0.00	          0.01	16.00	16.00	16.00	16.00	    47.66	459200	  2.66	陶瓷	广东	0.00	16.00	144	
300094	国联水产	--  	9.42	--  	9.40	9.42	0	0	--  	          0.00	--  	--  	--  	9.42	    87.44	0	  0.00	渔业	广东	0.00	9.42	0	
300135	宝利国际	0.34	5.83	0.02	5.83	5.84	462	462	0.00	          0.01	5.83	5.83	5.83	5.81	   131.84	269346	  0.58	化工原料	江苏	0.00	5.83	231	
300145	中金环境	-0.18	27.25	-0.05	27.08	27.25	9	9	0.00	          0.00	27.25	27.25	27.25	27.30	    46.35	24525	  0.05	专用机械	浙江	0.00	27.25	5	
300146	汤臣倍健	-0.09	11.60	-0.01	11.60	11.61	305	305	0.00	          0.00	11.60	11.60	11.60	11.61	    31.87	353800	  1.31	食品	广东	0.00	11.60	153	
300159	新研股份	0.54	14.88	0.08	14.80	14.88	392	392	0.00	          0.01	14.88	14.88	14.88	14.80	   155.13	583296	  1.04	农用机械	新疆	0.00	14.88	196	
300180	华峰超纤	0.00	28.33	0.00	28.23	28.33	10	10	0.00	          0.00	28.33	28.33	28.33	28.33	   135.81	28330	  0.06	化纤	上海	0.00	28.33	5	
300181	佐力药业	-0.23	8.76	-0.02	8.76	8.78	14	14	0.00	          0.00	8.76	8.76	8.76	8.78	    53.89	12264	  0.10	中成药	浙江	0.00	8.76	7	
300189	神农基因	0.00	5.07	0.00	5.06	5.07	134	134	0.00	          0.00	5.07	5.07	5.07	5.07	--  	67938	  0.28	种植业	海南	0.00	5.07	67	
300198	纳川股份	1.34	7.54	0.10	7.46	7.54	3000	3000	0.00	          0.04	7.54	7.54	7.54	7.44	   177.27	2262000	  3.45	塑料	福建	0.00	7.54	1500	
300222	科大智能	-1.03	25.90	-0.27	25.90	25.91	7782	7781	0.00	          0.28	25.90	25.90	25.90	26.17	    84.00	20154706	  3.08	电气设备	上海	0.00	25.90	3891	
300233	金城医药	--  	24.34	--  	24.34	24.43	0	0	--  	          0.00	--  	--  	--  	24.34	    46.88	0	  0.00	化学制药	山东	0.00	24.34	0	
300251	光线传媒	-0.10	9.69	-0.01	9.69	9.70	49	49	0.00	          0.00	9.69	9.69	9.69	9.70	    36.74	47481	  0.12	影视音像	北京	0.00	9.69	25	
300257	开山股份	-0.05	20.01	-0.01	20.01	20.02	13	13	0.00	          0.00	20.01	20.01	20.01	20.02	   170.56	26013	  0.10	机械基件	浙江	0.00	20.01	7	
300262	巴安水务	--  	16.79	--  	16.73	16.85	0	0	--  	          0.00	--  	--  	--  	16.79	    34.42	0	  0.00	环境保护	上海	0.00	16.79	0	
300279	和晶科技	-0.57	43.90	-0.25	43.81	43.90	708	708	0.00	          0.09	43.90	43.90	43.90	44.15	    75.50	3108120	  9.08	元器件	江苏	0.00	43.90	354	
300284	苏交科	0.00	20.03	0.00	20.03	20.08	7	7	0.00	          0.00	20.03	20.03	20.03	20.03	    34.52	14021	  0.06	建筑施工	江苏	0.00	20.03	4	
300317	珈伟股份	-0.47	38.48	-0.18	38.48	38.49	293	293	0.00	          0.02	38.48	38.48	38.48	38.66	    65.91	1127464	  0.86	半导体	深圳	0.00	38.48	147	
300336	新文化	-0.40	17.65	-0.07	17.65	17.70	304	304	0.00	          0.01	17.65	17.65	17.65	17.72	    42.81	536560	  1.37	影视音像	上海	0.00	17.65	152	
300351	永贵电器	0.00	24.04	0.00	24.00	24.04	22	22	0.00	          0.00	24.04	24.04	24.04	24.04	    64.79	52888	  0.26	元器件	浙江	0.00	24.04	11	
300353	东土科技	-0.59	18.54	-0.11	18.54	18.57	470	470	0.00	          0.02	18.54	18.54	18.54	18.65	   105.87	871547	  0.60	通信设备	北京	0.00	18.54	235	
300433	蓝思科技	-0.25	31.39	-0.08	31.37	31.39	18	18	0.00	          0.00	31.39	31.39	31.39	31.47	    64.64	56502	  0.08	元器件	湖南	0.00	31.39	9	
300471	厚普股份	0.32	49.53	0.16	49.53	49.74	76	76	0.00	          0.01	49.53	49.53	49.53	49.37	    61.64	376428	  0.50	专用机械	四川	0.00	49.53	38	
600038	中直股份	0.38	52.88	0.20	52.80	52.88	106	106	0.00	          0.00	52.88	52.88	52.88	52.68	    76.98	560528	  0.45	航空	黑龙江	0.00	52.88	53	
600055	万东医疗	-0.06	17.28	-0.01	17.20	17.28	27	27	0.00	          0.00	17.28	17.28	17.28	17.29	   111.47	46656	  0.19	医疗保健	北京	0.00	17.28	14	
600105	永鼎股份	0.00	9.95	0.00	9.95	9.96	149	149	0.00	          0.00	9.95	9.95	9.95	9.95	    44.17	148255	  0.69	通信设备	江苏	0.00	9.95	75	
600198	大唐电信	-0.24	16.90	-0.04	16.90	16.91	391	391	0.00	          0.00	16.90	16.90	16.90	16.94	--  	660790	  0.55	通信设备	北京	0.00	16.90	196	
600207	安彩高科	0.50	10.10	0.05	10.05	10.10	381	381	0.00	          0.01	10.10	10.10	10.10	10.05	  4100.68	384810	  1.49	元器件	河南	0.00	10.10	191	
600220	江苏阳光	0.00	4.31	0.00	4.30	4.31	145	145	0.00	          0.00	4.31	4.31	4.31	4.31	    43.99	62495	  0.34	纺织	江苏	0.00	4.31	73	
600229	城市传媒	-0.44	11.25	-0.05	11.25	11.28	212	212	0.00	          0.00	11.25	11.25	11.25	11.30	    39.17	238500	  1.29	出版业	山东	0.00	11.25	106	
600257	大湖股份	--  	9.93	--  	9.95	9.96	0	0	--  	          0.00	--  	--  	--  	9.93	   684.55	0	  0.00	渔业	湖南	0.00	9.93	0	
600288	大恒科技	0.07	13.85	0.01	13.85	13.88	93	93	0.00	          0.00	13.85	13.85	13.85	13.84	--  	128805	  0.32	软件服务	北京	0.00	13.85	47	
600293	三峡新材	0.71	18.52	0.13	18.40	18.52	18	18	0.00	          0.00	18.52	18.52	18.52	18.39	   511.56	33336	  0.31	玻璃	湖北	0.00	18.52	9	
600298	安琪酵母	-0.10	20.87	-0.02	20.86	20.87	153	153	0.00	          0.00	20.87	20.87	20.87	20.89	    33.70	319311	  0.41	食品	湖北	0.00	20.87	77	
600300	维维股份	0.29	6.87	0.02	6.87	6.88	20	20	0.00	          0.00	6.87	6.87	6.87	6.85	    89.35	13740	  0.04	软饮料	江苏	0.00	6.87	10	
600305	恒顺醋业	-0.35	11.35	-0.04	11.35	11.40	96	96	0.00	          0.00	11.35	11.35	11.35	11.39	    43.85	108960	  0.69	食品	江苏	0.00	11.35	48	
600313	农发种业	-0.17	5.94	-0.01	5.91	5.94	395	395	0.00	          0.00	5.94	5.94	5.94	5.95	   306.21	234630	  0.51	种植业	北京	0.00	5.94	198	
600321	国栋建设	0.00	5.92	0.00	5.90	5.92	317	317	0.00	          0.00	5.92	5.92	5.92	5.92	--  	187664	  0.50	其他建材	四川	0.00	5.92	159	
600346	恒力股份	9.96	9.16	0.83	9.16	--  	7971	7971	0.00	          0.12	9.16	9.16	9.16	8.33	    21.94	7301482	 14.31	化纤	辽宁	0.00	9.16	3986	
600393	粤泰股份	0.31	16.29	0.05	16.29	16.33	287	287	0.00	          0.01	16.29	16.29	16.29	16.24	   142.33	467523	  0.76	全国地产	广东	0.00	16.29	144	
600433	冠豪高新	-0.26	7.60	-0.02	7.60	7.61	40	40	0.00	          0.00	7.60	7.60	7.60	7.62	   118.28	30400	  0.09	造纸	广东	0.00	7.60	20	
600485	信威集团	--  	14.60	--  	--  	--  	0	0	--  	          0.00	--  	--  	--  	14.60	    22.52	0	  0.00	通信设备	北京	0.00	14.60	0	
600487	亨通光电	-0.21	23.39	-0.05	23.37	23.39	815	815	0.00	          0.01	23.39	23.39	23.39	23.44	    20.78	1906285	  0.54	通信设备	江苏	0.00	23.39	408	
600498	烽火通信	0.15	26.50	0.04	26.50	26.52	342	342	0.00	          0.00	26.50	26.50	26.50	26.46	    39.16	906300	  0.84	通信设备	湖北	0.00	26.50	171	
600507	方大特钢	-0.39	7.64	-0.03	7.62	7.64	323	323	0.00	          0.00	7.64	7.64	7.64	7.67	    16.41	246772	  0.56	特种钢	江西	0.00	7.64	162	
600511	国药股份	0.06	33.47	0.02	33.45	33.47	18	18	0.00	          0.00	33.47	33.47	33.47	33.45	    27.61	60246	  0.12	医药商业	北京	0.00	33.47	9	
600517	置信电气	0.30	10.09	0.03	10.08	10.09	121	121	0.00	          0.00	10.09	10.09	10.09	10.06	    37.43	122089	  0.34	电气设备	上海	0.00	10.09	61	
600530	交大昂立	0.00	7.18	0.00	7.18	7.19	31	31	0.00	          0.00	7.18	7.18	7.18	7.18	    30.95	22258	  0.13	医疗保健	上海	0.00	7.18	16	
600547	山东黄金	-0.72	35.90	-0.26	35.89	35.90	1086	1086	0.00	          0.01	35.90	35.90	35.90	36.16	    68.23	3898740	  1.53	黄金	山东	0.00	35.90	543	
600549	厦门钨业	0.67	24.20	0.16	24.19	24.20	335	335	0.00	          0.00	24.20	24.20	24.20	24.04	   128.25	810700	  0.71	小金属	福建	0.00	24.20	168	
600563	法拉电子	0.00	38.81	0.00	38.81	38.83	39	39	0.00	          0.00	38.81	38.81	38.81	38.81	    23.91	151359	  0.24	元器件	福建	0.00	38.81	20	
600572	康恩贝	0.14	6.95	0.01	6.95	6.96	469	468	0.00	          0.00	6.95	6.95	6.95	6.94	    29.07	325608	  2.17	中成药	浙江	0.00	6.95	234	
600584	长电科技	-0.51	19.38	-0.10	19.38	19.40	620	620	0.00	          0.01	19.38	19.38	19.38	19.48	   252.15	1201560	  0.88	半导体	江苏	0.00	19.38	310	
600612	老凤祥	--  	40.37	--  	40.24	40.47	0	0	--  	          0.00	--  	--  	--  	40.37	    19.72	0	  0.00	服饰	上海	0.00	40.37	0	
600614	鹏起科技	0.62	13.05	0.08	13.03	13.05	406	406	0.00	          0.00	13.05	13.05	13.05	12.97	    87.68	529830	  0.39	综合类	上海	0.00	13.05	203	
600620	天宸股份	-0.13	15.09	-0.02	15.09	15.10	153	153	0.00	          0.00	15.09	15.09	15.09	15.11	   149.11	230877	  1.30	综合类	上海	0.00	15.09	77	
600621	华鑫股份	0.21	14.02	0.03	14.05	14.05	0	0	--  	          0.00	--  	--  	--  	14.02	    38.49	0	  0.34	全国地产	上海	0.00	14.02	0	
600626	申达股份	0.08	12.03	0.01	12.04	12.04	0	0	--  	          0.00	--  	--  	--  	12.03	    41.88	0	  0.96	纺织	上海	0.00	12.03	0	
600630	龙头股份	-0.26	15.22	-0.04	15.18	15.18	0	0	--  	          0.00	--  	--  	--  	15.22	    68.92	0	  2.08	纺织	上海	0.00	15.22	0	
600634	中技控股	--  	18.17	--  	18.17	18.20	0	0	--  	          0.00	--  	--  	--  	18.17	   188.30	0	  0.00	互联网	上海	0.00	18.17	0	
600640	号百控股	-0.75	19.73	-0.15	19.73	19.87	50	50	0.00	          0.00	19.73	19.73	19.73	19.88	   474.03	98650	  0.18	酒店餐饮	上海	0.00	19.73	25	
600650	锦江投资	-0.39	23.09	-0.09	23.09	23.16	60	60	0.00	          0.00	23.09	23.09	23.09	23.18	    53.67	138540	  0.25	公共交通	上海	0.00	23.09	30	
600685	中船防务	-0.60	33.48	-0.20	33.28	33.28	0	0	--  	          0.00	--  	--  	--  	33.48	  5374.25	0	  0.59	船舶	广东	0.00	33.48	0	
600687	刚泰控股	0.14	14.10	0.02	14.10	14.11	301	301	0.00	          0.00	14.10	14.10	14.10	14.08	    47.32	424410	  0.67	黄金	甘肃	0.00	14.10	151	
600737	中粮糖业	-0.09	11.52	-0.01	11.51	11.52	258	258	0.00	          0.00	11.52	11.52	11.52	11.53	    53.36	297216	  0.31	食品	新疆	0.00	11.52	129	
600747	大连控股	--  	5.20	--  	--  	--  	0	0	--  	          0.00	--  	--  	--  	5.20	--  	0	  0.00	多元金融	辽宁	0.00	5.20	0	
600756	浪潮软件	0.00	22.42	0.00	22.42	22.42	0	0	--  	          0.00	--  	--  	--  	22.42	   132.56	0	  1.12	软件服务	山东	0.00	22.42	0	
600759	洲际油气	-0.12	8.08	-0.01	8.07	8.07	0	0	--  	          0.00	--  	--  	--  	8.08	  1562.96	0	  0.46	石油开采	海南	0.00	8.08	0	
600770	综艺股份	-0.51	9.84	-0.05	9.84	9.88	162	162	0.00	          0.00	9.84	9.84	9.84	9.89	   234.53	159408	  0.44	综合类	江苏	0.00	9.84	81	
600773	西藏城投	-0.15	13.02	-0.02	13.00	13.00	0	0	--  	          0.00	--  	--  	--  	13.02	   162.61	0	  1.52	区域地产	西藏	0.00	13.02	0	
600775	南京熊猫	0.52	15.48	0.08	15.48	15.50	209	209	0.00	          0.00	15.48	15.48	15.48	15.40	   134.10	323532	  0.81	通信设备	江苏	0.00	15.48	105	
600794	保税科技	-0.18	5.63	-0.01	5.62	5.63	206	206	0.00	          0.00	5.63	5.63	5.63	5.64	   276.71	115978	  0.48	仓储物流	江苏	0.00	5.63	103	
600809	山西汾酒	-0.16	31.41	-0.05	31.41	31.46	267	267	0.00	          0.00	31.41	31.41	31.41	31.46	    45.21	838647	  0.62	白酒	山西	0.00	31.41	134	
600844	丹化科技	0.40	7.59	0.03	7.57	7.59	65	65	0.00	          0.00	7.59	7.59	7.59	7.56	--  	49335	  0.55	化工原料	上海	0.00	7.59	33	
600872	中炬高新	-0.89	15.59	-0.14	15.58	15.59	917	917	0.00	          0.01	15.59	15.59	15.59	15.73	    36.39	1429603	  2.45	食品	广东	0.00	15.59	459	
600893	中航动力	0.06	33.55	0.02	33.55	33.56	178	178	0.00	          0.00	33.55	33.55	33.55	33.53	   163.31	597190	  0.90	航空	陕西	0.00	33.55	89	
600896	览海投资	0.09	10.74	0.01	10.73	10.74	26	26	0.00	          0.00	10.74	10.74	10.74	10.73	--  	27924	  0.22	水运	海南	0.00	10.74	13	
600909	华安证券	-0.09	11.69	-0.01	11.69	11.70	660	660	0.00	          0.01	11.69	11.69	11.69	11.70	    61.77	771540	  0.23	证券	安徽	0.00	11.69	330	
600993	马应龙	-0.19	21.45	-0.04	21.44	21.45	409	409	0.00	          0.01	21.45	21.45	21.45	21.49	    33.53	877305	  1.89	中成药	湖北	0.00	21.45	205	
600995	文山电力	0.00	13.15	0.00	13.15	13.16	202	202	0.00	          0.00	13.15	13.15	13.15	13.15	    32.00	265630	  0.25	水力发电	云南	0.00	13.15	101	
601021	春秋航空	0.11	38.00	0.04	37.99	38.00	83	83	0.00	          0.00	38.00	38.00	38.00	37.96	    19.51	315400	  0.63	空运	上海	0.00	38.00	42	
601163	三角轮胎	0.09	31.80	0.03	31.78	31.80	140	140	0.00	          0.01	31.80	31.80	31.80	31.77	    33.63	445200	  0.55	汽车配件	山东	0.00	31.80	70	
601388	怡球资源	0.24	4.22	0.01	4.22	4.23	1255	1255	0.00	          0.01	4.22	4.22	4.22	4.21	--  	529610	  1.04	铝	江苏	0.00	4.22	628	
601801	皖新传媒	0.00	18.45	0.00	18.45	18.48	129	129	0.00	          0.00	18.45	18.45	18.45	18.45	    38.58	238005	  0.12	出版业	安徽	0.00	18.45	65	
601877	正泰电器	-0.05	20.30	-0.01	20.29	20.29	0	0	--  	          0.00	--  	--  	--  	20.30	    25.27	0	  1.00	电气设备	浙江	0.00	20.30	0	
601966	玲珑轮胎	0.00	26.39	0.00	26.39	26.47	97	97	0.00	          0.00	26.39	26.39	26.39	26.39	    30.59	255983	  0.54	汽车配件	山东	0.00	26.39	49	
603369	今世缘	-0.29	13.97	-0.04	13.97	13.98	79	79	0.00	          0.00	13.97	13.97	13.97	14.01	    20.33	110363	  0.19	白酒	江苏	0.00	13.97	40	
603609	禾丰牧业	-0.38	13.10	-0.05	13.10	13.11	50	50	0.00	          0.00	13.10	13.10	13.10	13.15	    27.58	65500	  0.28	饲料	辽宁	0.00	13.10	25	
603618	杭电股份	-0.24	12.26	-0.03	12.26	12.27	26	26	0.00	          0.00	12.26	12.26	12.26	12.29	    51.96	31876	  0.12	电气设备	浙江	0.00	12.26	13	
603806	福斯特	0.18	49.26	0.09	49.17	49.28	10	10	0.00	          0.00	49.26	49.26	49.26	49.17	    24.26	49260	  0.15	塑料	浙江	0.00	49.26	5	
603885	吉祥航空	0.00	24.50	0.00	24.50	24.53	21	21	0.00	          0.00	24.50	24.50	24.50	24.50	    18.65	51450	  0.25	空运	上海	0.00	24.50	11	
数据来源:通达信
