代码	名称	涨幅%%	现价	涨跌	买价	卖价	总量	现量	涨速%%	换手%%	今开	最高	最低	昨收	市盈(动)	总金额	量比	细分行业	地区	振幅%%	均价	内盘	
000001	平安银行	-0.11	9.43	-0.01	9.43	9.44	1805	1805	0.00	          0.00	9.43	9.43	9.43	9.44	     6.49	1702115	  1.17	银行	深圳	0.00	9.43	903	
000027	深圳能源	-0.28	7.00	-0.02	6.99	7.00	279	279	0.00	          0.00	7.00	7.00	7.00	7.02	    15.56	195300	  0.92	火力发电	深圳	0.00	7.00	140	
000039	中集集团	0.18	16.37	0.03	16.34	16.37	66	66	0.00	          0.00	16.37	16.37	16.37	16.34	--  	108042	  0.18	轻工机械	深圳	0.00	16.37	33	
000059	华锦股份	0.00	12.36	0.00	12.36	12.37	414	413	0.00	          0.00	12.36	12.36	12.36	12.36	    12.63	511457	  0.18	石油加工	辽宁	0.00	12.36	207	
000069	华侨城Ａ	0.26	7.62	0.02	7.62	7.63	1071	1071	0.00	          0.00	7.62	7.62	7.62	7.60	    16.08	816102	  0.91	旅游景点	深圳	0.00	7.62	536	
000089	深圳机场	-0.35	8.59	-0.03	8.57	8.59	371	371	0.00	          0.00	8.59	8.59	8.59	8.62	    32.28	318689	  0.82	机场	深圳	0.00	8.59	186	
000100	TCL 集团	0.00	3.58	0.00	3.57	3.58	1041	1041	0.00	          0.00	3.58	3.58	3.58	3.58	    21.32	372678	  0.53	家用电器	广东	0.00	3.58	521	
000157	中联重科	-0.21	4.84	-0.01	4.83	4.84	814	814	0.00	          0.00	4.84	4.84	4.84	4.85	--  	393976	  0.40	工程机械	湖南	0.00	4.84	407	
000338	潍柴动力	0.97	11.40	0.11	11.40	11.41	6788	6787	0.00	          0.03	11.40	11.40	11.40	11.29	    22.73	7738195	  7.01	汽车配件	山东	0.00	11.40	3394	
000401	冀东水泥	0.36	13.89	0.05	13.89	13.90	119	119	0.00	          0.00	13.89	13.89	13.89	13.84	--  	165291	  0.15	水泥	河北	0.00	13.89	60	
000402	金 融 街	0.27	11.20	0.03	11.20	11.21	610	609	0.00	          0.00	11.20	11.20	11.20	11.17	    31.23	683088	  1.11	全国地产	北京	0.00	11.20	305	
000415	渤海金控	-0.14	7.26	-0.01	7.25	7.26	297	297	0.00	          0.00	7.26	7.26	7.26	7.27	    23.39	215622	  0.34	多元金融	新疆	0.00	7.26	149	
000422	湖北宜化	-0.14	7.04	-0.01	7.03	7.04	81	81	0.00	          0.00	7.04	7.04	7.04	7.05	   258.04	57024	  0.14	农药化肥	湖北	0.00	7.04	41	
000425	徐工机械	-0.50	4.00	-0.02	4.00	4.01	2323	2323	0.00	          0.00	4.00	4.00	4.00	4.02	   127.13	929200	  0.74	工程机械	江苏	0.00	4.00	1162	
000488	晨鸣纸业	-0.08	12.21	-0.01	12.20	12.21	646	646	0.00	          0.01	12.21	12.21	12.21	12.22	    11.46	788766	  0.63	造纸	山东	0.00	12.21	323	
000528	柳 工	0.00	9.10	0.00	9.08	9.10	426	426	0.00	          0.00	9.10	9.10	9.10	9.10	  1221.14	387660	  0.45	工程机械	广西	0.00	9.10	213	
000543	皖能电力	0.00	7.15	0.00	7.15	7.16	678	678	0.00	          0.00	7.15	7.15	7.15	7.15	    12.43	484770	  1.63	火力发电	安徽	0.00	7.15	339	
000572	海马汽车	0.00	6.14	0.00	6.13	6.14	355	355	0.00	          0.00	6.14	6.14	6.14	6.14	    36.24	217970	  0.22	汽车整车	海南	0.00	6.14	178	
000581	威孚高科	0.17	23.76	0.04	23.73	23.76	72	72	0.00	          0.00	23.76	23.76	23.76	23.72	    13.73	171072	  0.33	汽车配件	江苏	0.00	23.76	36	
000600	建投能源	0.00	9.36	0.00	9.35	9.36	101	101	0.00	          0.00	9.36	9.36	9.36	9.36	     7.66	94536	  0.27	火力发电	河北	0.00	9.36	51	
000616	海航投资	0.00	5.08	0.00	5.07	5.08	93	93	0.00	          0.00	5.08	5.08	5.08	5.08	--  	47244	  0.30	全国地产	辽宁	0.00	5.08	47	
000623	吉林敖东	0.17	29.43	0.05	29.43	29.44	47	47	0.00	          0.00	29.43	29.43	29.43	29.38	    15.40	138321	  0.20	中成药	吉林	0.00	29.43	24	
000656	金科股份	0.00	5.82	0.00	5.82	5.83	707	707	0.00	          0.00	5.82	5.82	5.82	5.82	    23.13	411474	  0.65	区域地产	重庆	0.00	5.82	354	
000667	美好置业	-0.53	3.75	-0.02	3.75	3.76	1746	1746	0.00	          0.01	3.75	3.75	3.75	3.77	    14.44	654750	  2.48	全国地产	云南	0.00	3.75	873	
000683	远兴能源	-0.33	3.04	-0.01	3.04	3.05	1564	1564	0.00	          0.01	3.04	3.04	3.04	3.05	   176.40	475456	  1.00	化工原料	内蒙	0.00	3.04	782	
000685	中山公用	-0.09	10.98	-0.01	10.98	11.00	350	350	0.00	          0.00	10.98	10.98	10.98	10.99	    16.67	384300	  1.55	水务	广东	0.00	10.98	175	
000709	河钢股份	0.00	3.84	0.00	3.84	3.85	2426	2426	0.00	          0.00	3.84	3.84	3.84	3.84	    32.77	931584	  0.74	普钢	河北	0.00	3.84	1213	
000725	京东方Ａ	0.00	3.20	0.00	3.19	3.20	8971	8971	0.00	          0.00	3.20	3.20	3.20	3.20	   599.76	2870720	  0.91	元器件	北京	0.00	3.20	4486	
000726	鲁 泰Ａ	0.08	12.64	0.01	12.61	12.64	65	65	0.00	          0.00	12.64	12.64	12.64	12.63	    15.05	82160	  0.21	纺织	山东	0.00	12.64	33	
000727	华东科技	0.00	3.26	0.00	3.25	3.26	1649	1649	0.00	          0.01	3.26	3.26	3.26	3.26	--  	537574	  1.08	元器件	江苏	0.00	3.26	825	
000729	燕京啤酒	0.00	7.45	0.00	7.45	7.47	22	22	0.00	          0.00	7.45	7.45	7.45	7.45	    25.47	16390	  0.10	啤酒	北京	0.00	7.45	11	
000732	泰禾集团	-0.05	18.55	-0.01	18.51	18.55	45	45	0.00	          0.00	18.55	18.55	18.55	18.56	    14.27	83475	  0.16	区域地产	福建	0.00	18.55	23	
000776	广发证券	-0.29	17.36	-0.05	17.36	17.37	797	797	0.00	          0.00	17.36	17.36	17.36	17.41	    16.04	1383592	  1.13	证券	广东	0.00	17.36	399	
000778	新兴铸管	-0.18	5.53	-0.01	5.52	5.53	2307	2307	0.00	          0.01	5.53	5.53	5.53	5.54	    66.57	1275771	  1.19	钢加工	河北	0.00	5.53	1154	
000786	北新建材	-0.17	11.82	-0.02	11.80	11.82	41	41	0.00	          0.00	11.82	11.82	11.82	11.84	    20.27	48462	  0.06	其他建材	北京	0.00	11.82	21	
000792	盐湖股份	0.00	18.62	0.00	18.62	18.63	268	268	0.00	          0.00	18.62	18.62	18.62	18.62	    99.67	499016	  0.68	农药化肥	青海	0.00	18.62	134	
000825	太钢不锈	0.00	4.93	0.00	4.93	4.94	2015	2015	0.00	          0.00	4.93	4.93	4.93	4.93	    25.01	993395	  0.88	特种钢	山西	0.00	4.93	1008	
000830	鲁西化工	-0.33	6.11	-0.02	6.11	6.12	342	342	0.00	          0.00	6.11	6.11	6.11	6.13	    37.40	208962	  0.24	农药化肥	山东	0.00	6.11	171	
000860	顺鑫农业	0.23	22.25	0.05	22.22	22.25	97	97	0.00	          0.00	22.25	22.25	22.25	22.20	    38.58	215825	  0.28	白酒	北京	0.00	22.25	49	
000876	新 希 望	0.00	8.08	0.00	8.08	8.09	278	278	0.00	          0.00	8.08	8.08	8.08	8.08	    12.09	224624	  0.47	饲料	四川	0.00	8.08	139	
000882	华联股份	0.23	4.28	0.01	4.27	4.28	1420	1420	0.00	          0.01	4.28	4.28	4.28	4.27	    57.24	607760	  1.16	百货	北京	0.00	4.28	710	
000883	湖北能源	0.00	4.78	0.00	4.77	4.78	242	242	0.00	          0.00	4.78	4.78	4.78	4.78	    12.75	115676	  0.54	火力发电	湖北	0.00	4.78	121	
000898	鞍钢股份	0.00	5.86	0.00	5.86	5.87	649	649	0.00	          0.00	5.86	5.86	5.86	5.86	    32.55	380314	  0.71	普钢	辽宁	0.00	5.86	325	
000900	现代投资	0.12	8.66	0.01	8.66	8.67	119	119	0.00	          0.00	8.66	8.66	8.66	8.65	    12.15	103054	  0.37	路桥	湖南	0.00	8.66	60	
000903	云内动力	--  	8.76	--  	--  	--  	0	0	--  	          0.00	--  	--  	--  	8.76	    38.01	0	  0.00	机械基件	云南	0.00	8.76	0	
000926	福星股份	0.16	12.65	0.02	12.63	12.65	692	692	0.00	          0.01	12.65	12.65	12.65	12.63	    13.47	875380	  1.44	区域地产	湖北	0.00	12.65	346	
000937	冀中能源	-0.15	6.85	-0.01	6.85	6.86	429	429	0.00	          0.00	6.85	6.85	6.85	6.86	   223.80	293865	  0.36	煤炭开采	河北	0.00	6.85	215	
000959	首钢股份	-0.42	7.16	-0.03	7.16	7.21	159	159	0.00	          0.00	7.16	7.16	7.16	7.19	   207.60	113844	  1.01	普钢	北京	0.00	7.16	80	
000979	中弘股份	--  	2.66	--  	--  	--  	0	0	--  	          0.00	--  	--  	--  	2.66	    74.11	0	  0.00	区域地产	安徽	0.00	2.66	0	
000983	西山煤电	-0.22	9.19	-0.02	9.18	9.19	140	140	0.00	          0.00	9.19	9.19	9.19	9.21	   107.00	128660	  0.12	煤炭开采	山西	0.00	9.19	70	
002005	德豪润达	0.00	6.00	0.00	6.00	6.02	1174	1174	0.00	          0.01	6.00	6.00	6.00	6.00	   340.19	704400	  1.54	家用电器	广东	0.00	6.00	587	
002024	苏宁云商	0.00	11.03	0.00	11.03	11.04	253	253	0.00	          0.00	11.03	11.03	11.03	11.03	--  	279059	  0.24	电器连锁	江苏	0.00	11.03	127	
002092	中泰化学	-0.23	12.88	-0.03	12.88	12.89	248	248	0.00	          0.00	12.88	12.88	12.88	12.91	    29.09	319424	  0.33	化工原料	新疆	0.00	12.88	124	
002128	露天煤业	0.11	8.93	0.01	8.92	8.93	247	247	0.00	          0.00	8.93	8.93	8.93	8.92	    22.00	220571	  0.59	煤炭开采	内蒙	0.00	8.93	124	
002142	宁波银行	-0.06	18.10	-0.01	18.09	18.10	100	100	0.00	          0.00	18.10	18.10	18.10	18.11	     8.35	181000	  0.19	银行	浙江	0.00	18.10	50	
002146	荣盛发展	0.11	9.20	0.01	9.19	9.20	200	200	0.00	          0.00	9.20	9.20	9.20	9.19	    13.80	184000	  0.23	全国地产	河北	0.00	9.20	100	
002244	滨江集团	-0.65	7.59	-0.05	7.58	7.59	2008	2008	0.00	          0.01	7.59	7.59	7.59	7.64	    17.43	1524072	  1.60	区域地产	浙江	0.00	7.59	1004	
002433	太安堂	-0.28	10.59	-0.03	10.58	10.59	275	275	0.00	          0.00	10.59	10.59	10.59	10.62	    37.29	291225	  0.76	中成药	广东	0.00	10.59	138	
300157	恒泰艾普	0.00	8.87	0.00	8.85	8.87	11	11	0.00	          0.00	8.87	8.87	8.87	8.87	  1277.09	9757	  0.03	石油开采	北京	0.00	8.87	6	
600000	浦发银行	0.00	16.34	0.00	16.33	16.34	278	278	0.00	          0.00	16.34	16.34	16.34	16.34	     6.51	454252	  0.47	银行	上海	0.00	16.34	139	
600004	白云机场	-0.37	16.20	-0.06	16.14	16.14	0	0	--  	          0.00	--  	--  	--  	16.20	    13.22	0	  3.28	机场	广东	0.00	16.20	0	
600011	华能国际	-0.39	7.72	-0.03	7.72	7.73	80	80	0.00	          0.00	7.72	7.72	7.72	7.75	     9.37	61760	  0.14	火力发电	北京	0.00	7.72	40	
600015	华夏银行	-0.09	11.47	-0.01	11.46	11.46	0	0	--  	          0.00	--  	--  	--  	11.47	     6.29	0	  0.16	银行	北京	0.00	11.47	0	
600016	民生银行	-0.11	8.85	-0.01	8.85	8.86	1019	1019	0.00	          0.00	8.85	8.85	8.85	8.86	     6.18	901815	  0.53	银行	北京	0.00	8.85	510	
600017	日照港	-0.25	4.07	-0.01	4.07	4.08	146	146	0.00	          0.00	4.07	4.07	4.07	4.08	    40.65	59422	  0.21	港口	山东	0.00	4.07	73	
600022	山东钢铁	-0.36	2.75	-0.01	2.75	2.76	960	960	0.00	          0.00	2.75	2.75	2.75	2.76	   710.63	264000	  0.48	普钢	山东	0.00	2.75	480	
600023	浙能电力	0.00	5.72	0.00	5.71	5.72	173	173	0.00	          0.00	5.72	5.72	5.72	5.72	     9.99	98956	  0.23	火力发电	浙江	0.00	5.72	87	
600026	中远海能	0.00	7.08	0.00	7.08	7.09	407	407	0.00	          0.00	7.08	7.08	7.08	7.08	     9.63	288156	  0.61	水运	上海	0.00	7.08	204	
600027	华电国际	0.00	5.09	0.00	5.08	5.09	628	628	0.00	          0.00	5.09	5.09	5.09	5.09	    10.13	319652	  0.62	火力发电	山东	0.00	5.09	314	
600028	中国石化	0.00	5.53	0.00	5.52	5.53	2843	2843	0.00	          0.00	5.53	5.53	5.53	5.53	    17.22	1572179	  0.52	石油加工	北京	0.00	5.53	1422	
600029	南方航空	0.26	7.79	0.02	7.79	7.80	1895	1895	0.00	          0.00	7.79	7.79	7.79	7.77	     8.91	1476205	  0.76	空运	广东	0.00	7.79	948	
600030	中信证券	0.00	16.34	0.00	16.33	16.34	731	731	0.00	          0.00	16.34	16.34	16.34	16.34	    18.70	1194454	  0.45	证券	深圳	0.00	16.34	366	
600036	招商银行	0.05	19.04	0.01	19.03	19.04	317	317	0.00	          0.00	19.04	19.04	19.04	19.03	     6.91	603568	  0.36	银行	深圳	0.00	19.04	159	
600037	歌华有线	0.07	15.25	0.01	15.24	15.25	319	319	0.00	          0.00	15.25	15.25	15.25	15.24	    26.76	486475	  1.11	影视音像	北京	0.00	15.25	160	
600039	四川路桥	0.00	4.83	0.00	4.82	4.83	1536	1536	0.00	          0.01	4.83	4.83	4.83	4.83	    19.02	741888	  1.53	建筑施工	四川	0.00	4.83	768	
600048	保利地产	-0.20	10.07	-0.02	10.06	10.07	3914	3914	0.00	          0.00	10.07	10.07	10.07	10.09	    12.60	3941398	  1.25	全国地产	广东	0.00	10.07	1957	
600060	海信电器	-2.61	19.02	-0.51	19.02	19.20	15677	15677	0.00	          0.12	19.02	19.02	19.02	19.53	    14.15	29818568	 29.52	家用电器	山东	0.00	19.02	7839	
600064	南京高科	0.06	17.29	0.01	17.29	17.30	13	13	0.00	          0.00	17.29	17.29	17.29	17.28	    11.04	22477	  0.06	园区开发	江苏	0.00	17.29	7	
600067	冠城大通	0.00	7.28	0.00	7.26	7.28	29	29	0.00	          0.00	7.28	7.28	7.28	7.28	    32.81	21112	  0.09	全国地产	福建	0.00	7.28	15	
600068	葛洲坝	0.00	10.98	0.00	10.98	10.99	1234	1233	0.00	          0.00	10.98	10.98	10.98	10.98	    16.91	1354383	  0.53	建筑施工	湖北	0.00	10.98	617	
600089	特变电工	0.28	10.56	0.03	10.56	10.57	549	549	0.00	          0.00	10.56	10.56	10.56	10.53	    14.52	579744	  0.38	电气设备	新疆	0.00	10.56	275	
600104	上汽集团	0.00	24.85	0.00	24.85	24.88	853	852	0.00	          0.00	24.85	24.85	24.85	24.85	     9.43	2119556	  0.85	汽车整车	上海	0.00	24.85	426	
600115	东方航空	-0.28	7.24	-0.02	7.23	7.24	6211	6211	0.00	          0.01	7.24	7.24	7.24	7.26	    11.74	4496764	  1.06	空运	上海	0.00	7.24	3106	
600122	宏图高科	-0.16	12.86	-0.02	12.84	12.84	0	0	--  	          0.00	--  	--  	--  	12.86	    37.34	0	  0.16	其他商业	江苏	0.00	12.86	0	
600123	兰花科创	0.12	8.04	0.01	8.05	8.05	0	0	--  	          0.00	--  	--  	--  	8.04	--  	0	  0.46	煤炭开采	山西	0.00	8.04	0	
600153	建发股份	-0.09	10.89	-0.01	10.88	10.88	0	0	--  	          0.00	--  	--  	--  	10.89	    17.61	0	  1.16	商贸代理	福建	0.00	10.89	0	
600166	福田汽车	0.30	3.35	0.01	3.34	3.35	1406	1406	0.00	          0.00	3.35	3.35	3.35	3.34	    72.21	471010	  0.77	汽车整车	北京	0.00	3.35	703	
600170	上海建工	0.00	4.92	0.00	4.91	4.92	459	459	0.00	          0.00	4.92	4.92	4.92	4.92	    16.67	225828	  0.41	建筑施工	上海	0.00	4.92	230	
600175	美都能源	-0.20	4.94	-0.01	4.94	4.95	569	569	0.00	          0.00	4.94	4.94	4.94	4.95	   162.23	281086	  1.98	综合类	浙江	0.00	4.94	285	
600177	雅戈尔	0.14	13.98	0.02	13.97	13.98	267	267	0.00	          0.00	13.98	13.98	13.98	13.96	     8.11	373266	  0.95	服饰	浙江	0.00	13.98	134	
600208	新湖中宝	--  	5.14	--  	--  	--  	0	0	--  	          0.00	--  	--  	--  	5.14	    47.74	0	  0.00	全国地产	浙江	0.00	5.14	0	
600216	浙江医药	0.25	12.16	0.03	12.19	12.19	0	0	--  	          0.00	--  	--  	--  	12.16	    21.68	0	  1.38	化学制药	浙江	0.00	12.16	0	
600219	南山铝业	-0.29	3.38	-0.01	3.37	3.38	989	989	0.00	          0.00	3.38	3.38	3.38	3.39	    50.81	334282	  0.44	铝	山东	0.00	3.38	495	
600221	海南航空	-0.29	3.39	-0.01	3.39	3.40	3187	3187	0.00	          0.00	3.39	3.39	3.39	3.40	    12.56	1080393	  1.19	空运	海南	0.00	3.39	1594	
600227	赤天化	-0.14	7.30	-0.01	7.29	7.29	0	0	--  	          0.00	--  	--  	--  	7.30	--  	0	  0.11	农药化肥	贵州	0.00	7.30	0	
600266	北京城建	-0.28	14.42	-0.04	14.38	14.38	0	0	--  	          0.00	--  	--  	--  	14.42	    24.75	0	  0.67	区域地产	北京	0.00	14.42	0	
600267	海正药业	0.07	13.59	0.01	13.58	13.59	84	84	0.00	          0.00	13.59	13.59	13.59	13.58	   317.41	114156	  0.32	化学制药	浙江	0.00	13.59	42	
600269	赣粤高速	0.00	5.34	0.00	5.33	5.34	400	400	0.00	          0.00	5.34	5.34	5.34	5.34	    12.02	213600	  0.49	路桥	江西	0.00	5.34	200	
600277	亿利洁能	--  	7.83	--  	--  	--  	0	0	--  	          0.00	--  	--  	--  	7.83	    73.93	0	  0.00	新型电力	内蒙	0.00	7.83	0	
600282	南钢股份	0.54	3.69	0.02	3.69	3.70	2041	2041	0.00	          0.01	3.69	3.69	3.69	3.67	    41.33	753129	  0.66	普钢	江苏	0.00	3.69	1021	
600284	浦东建设	-0.24	12.71	-0.03	12.71	12.72	47	47	0.00	          0.00	12.71	12.71	12.71	12.74	    24.53	60296	  0.15	建筑施工	上海	0.00	12.71	24	
600320	振华重工	0.37	5.44	0.02	5.43	5.44	580	580	0.00	          0.00	5.44	5.44	5.44	5.42	   115.14	315520	  1.12	工程机械	上海	0.00	5.44	290	
600322	天房发展	0.47	6.39	0.03	6.36	6.39	126	126	0.00	          0.00	6.39	6.39	6.39	6.36	--  	80514	  0.44	区域地产	天津	0.00	6.39	63	
600325	华发股份	0.36	13.77	0.05	13.77	13.78	1843	1843	0.00	          0.02	13.77	13.77	13.77	13.72	    31.80	2537811	  3.94	区域地产	广东	0.00	13.77	922	
600348	阳泉煤业	-0.29	6.92	-0.02	6.91	6.92	271	271	0.00	          0.00	6.92	6.92	6.92	6.94	    98.30	187532	  0.22	煤炭开采	山西	0.00	6.92	136	
600362	江西铜业	0.32	18.99	0.06	18.98	18.99	5163	5163	0.00	          0.02	18.99	18.99	18.99	18.93	    49.90	9804537	  3.84	铜	江西	0.00	18.99	2582	
600376	首开股份	-0.23	12.87	-0.03	12.84	12.84	0	0	--  	          0.00	--  	--  	--  	12.87	    20.66	0	  0.40	区域地产	北京	0.00	12.87	0	
600382	广东明珠	0.44	16.02	0.07	16.09	16.09	0	0	--  	          0.00	--  	--  	--  	16.02	    42.20	0	  0.29	商贸代理	广东	0.00	16.02	0	
600383	金地集团	-0.49	12.17	-0.06	12.16	12.17	767	767	0.00	          0.00	12.17	12.17	12.17	12.23	    24.03	933439	  1.38	全国地产	深圳	0.00	12.17	384	
600418	江淮汽车	-0.68	11.70	-0.08	11.70	11.73	870	870	0.00	          0.01	11.70	11.70	11.70	11.78	    20.32	1017912	  1.70	汽车整车	安徽	0.00	11.70	435	
600428	中远海特	-0.14	6.95	-0.01	6.94	6.94	0	0	--  	          0.00	--  	--  	--  	6.95	   337.12	0	  0.37	水运	广东	0.00	6.95	0	
600496	精工钢构	0.00	4.48	0.00	4.47	4.48	152	152	0.00	          0.00	4.48	4.48	4.48	4.48	    37.26	68096	  0.34	钢加工	安徽	0.00	4.48	76	
600512	腾达建设	0.55	5.52	0.03	5.51	5.52	499	499	0.00	          0.01	5.52	5.52	5.52	5.49	   110.09	275448	  1.02	建筑施工	浙江	0.00	5.52	250	
600578	京能电力	0.23	4.31	0.01	4.30	4.31	411	411	0.00	          0.00	4.31	4.31	4.31	4.30	    17.49	177141	  1.37	火力发电	北京	0.00	4.31	206	
600582	天地科技	0.19	5.24	0.01	5.23	5.24	267	267	0.00	          0.00	5.24	5.24	5.24	5.23	    44.61	139908	  0.38	工程机械	北京	0.00	5.24	134	
600583	海油工程	-0.65	7.66	-0.05	7.66	7.68	1470	1470	0.00	          0.00	7.66	7.66	7.66	7.71	    22.72	1126020	  1.14	石油开采	天津	0.00	7.66	735	
600585	海螺水泥	0.10	20.43	0.02	20.43	20.44	231	231	0.00	          0.00	20.43	20.43	20.43	20.41	    13.60	471933	  0.47	水泥	安徽	0.00	20.43	116	
600596	新安股份	-0.20	10.08	-0.02	10.08	10.09	100	100	0.00	          0.00	10.08	10.08	10.08	10.10	--  	100800	  0.13	农药化肥	浙江	0.00	10.08	50	
600611	大众交通	0.00	6.39	0.00	6.38	6.39	57	57	0.00	          0.00	6.39	6.39	6.39	6.39	    26.11	36423	  0.16	公共交通	上海	0.00	6.39	29	
600642	申能股份	-0.16	6.23	-0.01	6.23	6.24	45	45	0.00	          0.00	6.23	6.23	6.23	6.24	    11.67	28066	  0.10	火力发电	上海	0.00	6.23	23	
600655	豫园商城	--  	11.42	--  	--  	--  	0	0	--  	          0.00	--  	--  	--  	11.42	    29.09	0	  0.00	百货	上海	0.00	11.42	0	
600691	阳煤化工	-0.29	3.48	-0.01	3.47	3.48	1519	1519	0.00	          0.01	3.48	3.48	3.48	3.49	--  	528612	  1.71	农药化肥	山西	0.00	3.48	760	
600694	大商股份	-0.24	41.81	-0.10	41.81	41.82	69	69	0.00	          0.00	41.81	41.81	41.81	41.91	    14.21	288489	  0.78	百货	辽宁	0.00	41.81	35	
600704	物产中大	-0.28	10.83	-0.03	10.83	10.84	1171	1171	0.00	          0.01	10.83	10.83	10.83	10.86	    18.81	1268193	  1.43	商贸代理	浙江	0.00	10.83	586	
600708	光明地产	0.22	9.17	0.02	9.19	9.19	0	0	--  	          0.00	--  	--  	--  	9.17	    43.28	0	  2.94	全国地产	上海	0.00	9.17	0	
600717	天津港	-0.36	11.10	-0.04	11.09	11.10	820	820	0.00	          0.00	11.10	11.10	11.10	11.14	    13.93	910200	  2.04	港口	天津	0.00	11.10	410	
600720	祁连山	-0.10	9.92	-0.01	9.91	9.91	0	0	--  	          0.00	--  	--  	--  	9.92	    28.34	0	  0.23	水泥	甘肃	0.00	9.92	0	
600739	辽宁成大	-0.06	17.59	-0.01	17.59	17.60	51	51	0.00	          0.00	17.59	17.59	17.59	17.60	    24.26	89709	  0.17	商贸代理	辽宁	0.00	17.59	26	
600741	华域汽车	0.12	16.60	0.02	16.60	16.61	396	396	0.00	          0.00	16.60	16.60	16.60	16.58	     8.79	657360	  0.74	汽车配件	上海	0.00	16.60	198	
600742	一汽富维	-0.25	19.85	-0.05	19.77	19.85	128	128	0.00	          0.00	19.85	19.85	19.85	19.90	    18.45	254080	  0.39	汽车配件	吉林	0.00	19.85	64	
600755	厦门国贸	0.00	8.64	0.00	8.64	8.64	0	0	--  	          0.00	--  	--  	--  	8.64	    13.76	0	  0.26	商贸代理	福建	0.00	8.64	0	
600761	安徽合力	-0.41	14.45	-0.06	14.41	14.45	174	174	0.00	          0.00	14.45	14.45	14.45	14.51	    22.04	251430	  0.41	工程机械	安徽	0.00	14.45	87	
600795	国电电力	-0.31	3.25	-0.01	3.25	3.26	2611	2610	0.00	          0.00	3.25	3.25	3.25	3.26	     9.89	848435	  0.87	火力发电	辽宁	0.00	3.25	1305	
600805	悦达投资	0.12	8.59	0.01	8.58	8.59	99	99	0.00	          0.00	8.59	8.59	8.59	8.58	    61.72	85041	  0.34	综合类	江苏	0.00	8.59	50	
600808	马钢股份	0.59	3.39	0.02	3.39	3.40	5890	5890	0.00	          0.01	3.39	3.39	3.39	3.37	    25.78	1996710	  2.58	普钢	安徽	0.00	3.39	2945	
600811	东方集团	0.00	7.22	0.00	7.20	7.22	214	214	0.00	          0.00	7.22	7.22	7.22	7.22	    30.52	154508	  0.64	综合类	黑龙江	0.00	7.22	107	
600823	世茂股份	0.00	7.38	0.00	7.37	7.38	811	811	0.00	          0.00	7.38	7.38	7.38	7.38	    10.50	598518	  1.69	全国地产	上海	0.00	7.38	406	
600827	百联股份	0.06	17.00	0.01	17.00	17.01	1442	1442	0.00	          0.01	17.00	17.00	17.00	16.99	    30.48	2451400	  1.18	超市连锁	上海	0.00	17.00	721	
600837	海通证券	0.06	15.57	0.01	15.55	15.57	527	527	0.00	          0.00	15.57	15.57	15.57	15.56	    21.10	820539	  0.87	证券	上海	0.00	15.57	264	
600839	四川长虹	0.00	4.36	0.00	4.36	4.36	0	0	--  	          0.00	--  	--  	--  	4.36	    28.93	0	  0.74	家用电器	四川	0.00	4.36	0	
600859	王府井	--  	16.28	--  	--  	--  	0	0	--  	          0.00	--  	--  	--  	16.28	    21.61	0	  0.00	百货	北京	0.00	16.28	0	
600863	内蒙华电	-0.31	3.23	-0.01	3.22	3.22	0	0	--  	          0.00	--  	--  	--  	3.23	    25.80	0	  0.94	火力发电	内蒙	0.00	3.23	0	
600875	东方电气	--  	10.79	--  	--  	--  	0	0	--  	          0.00	--  	--  	--  	10.79	--  	0	  0.00	电气设备	四川	0.00	10.79	0	
600881	亚泰集团	0.34	5.92	0.02	5.90	5.92	314	314	0.00	          0.00	5.92	5.92	5.92	5.90	    98.59	185888	  0.59	水泥	吉林	0.00	5.92	157	
600886	国投电力	-0.14	7.03	-0.01	7.02	7.02	0	0	--  	          0.00	--  	--  	--  	7.03	    10.49	0	  0.03	水力发电	北京	0.00	7.03	0	
600894	广日股份	-0.07	13.85	-0.01	13.85	13.86	3	3	0.00	          0.00	13.85	13.85	13.85	13.86	    10.60	4155	  0.01	运输设备	广东	0.00	13.85	2	
600919	江苏银行	-0.10	10.03	-0.01	10.02	10.03	1209	1209	0.00	          0.01	10.03	10.03	10.03	10.04	    10.49	1212627	  0.63	银行	江苏	0.00	10.03	605	
600926	杭州银行	-0.49	22.47	-0.11	22.47	22.48	444	444	0.00	          0.02	22.47	22.47	22.47	22.58	    13.14	997668	  0.63	银行	浙江	0.00	22.47	222	
600963	岳阳林纸	0.35	8.64	0.03	8.64	8.65	319	319	0.00	          0.00	8.64	8.64	8.64	8.61	   364.68	275616	  0.98	造纸	湖南	0.00	8.64	160	
601000	唐山港	0.22	4.60	0.01	4.59	4.60	755	755	0.00	          0.00	4.60	4.60	4.60	4.59	    16.36	347300	  0.62	港口	河北	0.00	4.60	378	
601006	大秦铁路	-0.14	6.93	-0.01	6.92	6.93	509	509	0.00	          0.00	6.93	6.93	6.93	6.94	    15.02	352737	  0.66	铁路	山西	0.00	6.93	255	
601009	南京银行	0.00	11.79	0.00	11.78	11.79	389	389	0.00	          0.00	11.79	11.79	11.79	11.79	     8.43	458631	  0.35	银行	江苏	0.00	11.79	195	
601088	中国神华	0.00	16.51	0.00	16.51	16.52	460	460	0.00	          0.00	16.51	16.51	16.51	16.51	    14.23	759460	  0.80	煤炭开采	北京	0.00	16.51	230	
601111	中国国航	0.75	8.08	0.06	8.07	8.08	9912	9912	0.00	          0.01	8.08	8.08	8.08	8.02	    10.97	8008896	  6.47	空运	北京	0.00	8.08	4956	
601117	中国化学	0.13	7.87	0.01	7.87	7.88	1065	1065	0.00	          0.00	7.87	7.87	7.87	7.86	    20.18	838155	  0.87	建筑施工	北京	0.00	7.87	533	
601166	兴业银行	0.06	16.56	0.01	16.56	16.57	1111	1110	0.00	          0.00	16.56	16.56	16.56	16.55	     5.38	1839750	  0.81	银行	福建	0.00	16.56	555	
601168	西部矿业	--  	7.83	--  	--  	--  	0	0	--  	          0.00	--  	--  	--  	7.83	   116.16	0	  0.00	铜	青海	0.00	7.83	0	
601169	北京银行	0.10	9.92	0.01	9.91	9.92	112	112	0.00	          0.00	9.92	9.92	9.92	9.91	     7.57	111104	  0.15	银行	北京	0.00	9.92	56	
601179	中国西电	-0.51	5.90	-0.03	5.90	5.92	273	273	0.00	          0.00	5.90	5.90	5.90	5.93	    30.05	161070	  0.64	电气设备	陕西	0.00	5.90	137	
601186	中国铁建	-0.40	12.51	-0.05	12.51	12.52	1002	1002	0.00	          0.00	12.51	12.51	12.51	12.56	    13.97	1253502	  0.60	建筑施工	北京	0.00	12.51	501	
601211	国泰君安	-0.05	18.83	-0.01	18.82	18.83	249	249	0.00	          0.00	18.83	18.83	18.83	18.84	    14.59	468867	  0.32	证券	上海	0.00	18.83	125	
601222	林洋能源	0.00	7.97	0.00	7.96	7.97	425	425	0.00	          0.00	7.97	7.97	7.97	7.97	    29.79	338725	  0.57	电器仪表	江苏	0.00	7.97	213	
601225	陕西煤业	-0.34	5.82	-0.02	5.81	5.82	2252	2252	0.00	          0.00	5.82	5.82	5.82	5.84	    42.53	1310664	  1.50	煤炭开采	陕西	0.00	5.82	1126	
601229	上海银行	0.25	23.66	0.06	23.65	23.66	1262	1262	0.00	          0.02	23.66	23.66	23.66	23.60	     9.76	2985892	  1.58	银行	上海	0.00	23.66	631	
601233	桐昆股份	-0.13	14.88	-0.02	14.88	14.90	149	149	0.00	          0.00	14.88	14.88	14.88	14.90	    24.56	221712	  0.27	化纤	浙江	0.00	14.88	75	
601258	庞大集团	-0.34	2.91	-0.01	2.90	2.91	1226	1226	0.00	          0.00	2.91	2.91	2.91	2.92	    91.28	356766	  0.37	汽车服务	河北	0.00	2.91	613	
601288	农业银行	-0.31	3.25	-0.01	3.25	3.26	24363	24363	0.00	          0.00	3.25	3.25	3.25	3.26	     5.14	7917975	  4.29	银行	北京	0.00	3.25	12182	
601318	中国平安	0.06	35.99	0.02	35.99	36.00	2714	2714	0.00	          0.00	35.99	35.99	35.99	35.97	     8.73	9769306	  2.32	保险	深圳	0.00	35.99	1357	
601328	交通银行	0.00	6.22	0.00	6.21	6.22	1225	1225	0.00	          0.00	6.22	6.22	6.22	6.22	     6.59	761950	  0.65	银行	上海	0.00	6.22	613	
601333	广深铁路	0.00	5.43	0.00	5.43	5.44	978	978	0.00	          0.00	5.43	5.43	5.43	5.43	    26.48	531059	  0.66	铁路	深圳	0.00	5.43	489	
601377	兴业证券	-0.13	7.83	-0.01	7.82	7.83	981	981	0.00	          0.00	7.83	7.83	7.83	7.84	    19.23	768123	  0.92	证券	福建	0.00	7.83	491	
601390	中国中铁	-0.11	8.71	-0.01	8.71	8.72	549	549	0.00	          0.00	8.71	8.71	8.71	8.72	    16.14	478179	  0.37	建筑施工	北京	0.00	8.71	275	
601398	工商银行	-0.21	4.73	-0.01	4.72	4.72	0	0	--  	          0.00	--  	--  	--  	4.73	     5.68	0	  0.60	银行	北京	0.00	4.73	0	
601588	北辰实业	0.78	5.16	0.04	5.15	5.16	680	680	0.00	          0.00	5.16	5.16	5.16	5.12	    30.70	350880	  0.74	区域地产	北京	0.00	5.16	340	
601600	中国铝业	0.00	4.90	0.00	4.89	4.90	2793	2793	0.00	          0.00	4.90	4.90	4.90	4.90	   507.82	1368570	  0.86	铝	北京	0.00	4.90	1397	
601607	上海医药	0.32	21.64	0.07	21.60	21.64	79	79	0.00	          0.00	21.64	21.64	21.64	21.57	    17.76	170956	  0.28	医药商业	上海	0.00	21.64	40	
601618	中国中冶	0.41	4.93	0.02	4.92	4.93	2958	2958	0.00	          0.00	4.93	4.93	4.93	4.91	    22.83	1458294	  1.43	建筑施工	北京	0.00	4.93	1479	
601636	旗滨集团	0.23	4.38	0.01	4.37	4.38	624	624	0.00	          0.00	4.38	4.38	4.38	4.37	    19.83	273312	  0.63	玻璃	湖南	0.00	4.38	312	
601666	平煤股份	0.00	5.72	0.00	5.71	5.72	1361	1361	0.00	          0.01	5.72	5.72	5.72	5.72	   104.64	778492	  1.88	煤炭开采	河南	0.00	5.72	681	
601668	中国建筑	0.12	8.68	0.01	8.67	8.68	2616	2616	0.00	          0.00	8.68	8.68	8.68	8.67	     7.89	2270688	  0.30	建筑施工	北京	0.00	8.68	1308	
601669	中国电建	-0.27	7.29	-0.02	7.29	7.30	638	638	0.00	          0.00	7.29	7.29	7.29	7.31	    14.04	465102	  0.40	建筑施工	北京	0.00	7.29	319	
601678	滨化股份	0.28	7.16	0.02	7.18	7.18	0	0	--  	          0.00	--  	--  	--  	7.16	    23.71	0	  5.39	化工原料	山东	0.00	7.16	0	
601688	华泰证券	-0.06	17.86	-0.01	17.85	17.86	391	391	0.00	          0.00	17.86	17.86	17.86	17.87	    19.95	698326	  0.42	证券	江苏	0.00	17.86	196	
601699	潞安环能	-0.11	8.90	-0.01	8.88	8.90	1257	1257	0.00	          0.00	8.90	8.90	8.90	8.91	   221.19	1118730	  1.11	煤炭开采	山西	0.00	8.90	629	
601717	郑煤机	0.00	8.90	0.00	8.89	8.90	520	520	0.00	          0.00	8.90	8.90	8.90	8.90	    84.44	462800	  0.58	工程机械	河南	0.00	8.90	260	
601777	力帆股份	-0.43	9.25	-0.04	9.25	9.26	99	99	0.00	          0.00	9.25	9.25	9.25	9.29	    46.78	91575	  0.15	摩托车	重庆	0.00	9.25	50	
601788	光大证券	-0.06	15.83	-0.01	15.82	15.82	0	0	--  	          0.00	--  	--  	--  	15.83	    22.94	0	  0.13	证券	上海	0.00	15.83	0	
601800	中国交建	0.00	17.37	0.00	17.35	17.37	379	379	0.00	          0.00	17.37	17.37	17.37	17.37	    18.69	658323	  0.39	建筑施工	北京	0.00	17.37	190	
601808	中海油服	0.15	12.98	0.02	12.95	12.98	69	69	0.00	          0.00	12.98	12.98	12.98	12.96	--  	89562	  0.40	石油开采	天津	0.00	12.98	35	
601818	光大银行	-0.47	4.22	-0.02	4.20	4.20	0	0	--  	          0.00	--  	--  	--  	4.22	     6.05	0	  0.47	银行	北京	0.00	4.22	0	
601857	中国石油	0.00	7.97	0.00	7.96	7.97	448	448	0.00	          0.00	7.97	7.97	7.97	7.97	   634.58	357056	  0.27	石油开采	北京	0.00	7.97	224	
601872	招商轮船	-0.19	5.23	-0.01	5.23	5.24	191	191	0.00	          0.00	5.23	5.23	5.23	5.24	    11.75	99893	  0.18	水运	上海	0.00	5.23	96	
601898	中煤能源	-0.34	5.86	-0.02	5.86	5.88	441	441	0.00	          0.00	5.86	5.86	5.86	5.88	    65.20	258426	  0.55	煤炭开采	北京	0.00	5.86	221	
601901	方正证券	-0.35	8.51	-0.03	8.51	8.52	400	400	0.00	          0.00	8.51	8.51	8.51	8.54	    19.71	340400	  0.20	证券	湖南	0.00	8.51	200	
601939	建设银行	-0.17	5.92	-0.01	5.92	5.93	2232	2232	0.00	          0.00	5.92	5.92	5.92	5.93	     5.73	1321344	  1.21	银行	北京	0.00	5.92	1116	
601988	中国银行	0.00	3.67	0.00	3.66	3.67	1968	1968	0.00	          0.00	3.67	3.67	3.67	3.67	     6.01	722256	  0.46	银行	北京	0.00	3.67	984	
601991	大唐发电	0.00	4.73	0.00	4.72	4.73	403	403	0.00	          0.00	4.73	4.73	4.73	4.73	--  	190619	  0.24	火力发电	北京	0.00	4.73	202	
601992	金隅股份	0.00	4.76	0.00	4.75	4.76	1461	1461	0.00	          0.00	4.76	4.76	4.76	4.76	    16.79	695436	  0.63	水泥	北京	0.00	4.76	731	
601998	中信银行	-0.30	6.74	-0.02	6.74	6.75	1063	1063	0.00	          0.00	6.74	6.74	6.74	6.76	     7.16	716462	  1.68	银行	北京	0.00	6.74	532	
数据来源:通达信
