代码	名称	涨幅%%	现价	涨跌	买价	卖价	总量	现量	涨速%%	换手%%	今开	最高	最低	昨收	市盈(动)	总金额	量比	细分行业	地区	振幅%%	均价	内盘	
000002	万 科Ａ	0.48	20.81	0.10	20.80	20.81	2261	2261	0.00	          0.00	20.81	20.81	20.81	20.71	    20.85	4705141	  1.56	全国地产	深圳	0.00	20.81	1131	
000008	神州高铁	-0.23	8.65	-0.02	8.64	8.65	339	339	0.00	          0.00	8.65	8.65	8.65	8.67	    84.02	293235	  1.31	运输设备	北京	0.00	8.65	170	
000009	中国宝安	-0.21	9.73	-0.02	9.73	9.75	252	252	0.00	          0.00	9.73	9.73	9.73	9.75	    74.56	245196	  0.27	综合类	深圳	0.00	9.73	126	
000021	深科技	-0.20	9.87	-0.02	9.86	9.87	98	98	0.00	          0.00	9.87	9.87	9.87	9.89	    35.88	96726	  0.23	电脑设备	深圳	0.00	9.87	49	
000027	深圳能源	-0.28	7.00	-0.02	6.99	7.00	279	279	0.00	          0.00	7.00	7.00	7.00	7.02	    15.56	195300	  0.92	火力发电	深圳	0.00	7.00	140	
000030	富奥股份	0.11	8.84	0.01	8.84	8.85	433	433	0.00	          0.00	8.84	8.84	8.84	8.83	    16.52	382772	  1.62	汽车配件	吉林	0.00	8.84	217	
000035	中国天楹	-0.27	7.42	-0.02	7.42	7.43	98	98	0.00	          0.00	7.42	7.42	7.42	7.44	    51.00	72716	  0.27	环境保护	江苏	0.00	7.42	49	
000046	泛海控股	0.21	9.37	0.02	9.35	9.37	73	73	0.00	          0.00	9.37	9.37	9.37	9.35	    19.83	68401	  0.46	全国地产	北京	0.00	9.37	37	
000060	中金岭南	-0.52	11.48	-0.06	11.47	11.48	666	666	0.00	          0.00	11.48	11.48	11.48	11.54	   116.26	764568	  0.71	铅锌	深圳	0.00	11.48	333	
000100	TCL 集团	0.00	3.58	0.00	3.57	3.58	1041	1041	0.00	          0.00	3.58	3.58	3.58	3.58	    21.32	372678	  0.53	家用电器	广东	0.00	3.58	521	
000157	中联重科	-0.21	4.84	-0.01	4.83	4.84	814	814	0.00	          0.00	4.84	4.84	4.84	4.85	--  	393976	  0.40	工程机械	湖南	0.00	4.84	407	
000159	国际实业	-0.11	9.48	-0.01	9.46	9.48	299	299	0.00	          0.01	9.48	9.48	9.48	9.49	   294.37	283452	  0.39	石油贸易	新疆	0.00	9.48	150	
000333	美的集团	0.12	33.94	0.04	33.93	33.94	1188	1188	0.00	          0.00	33.94	33.94	33.94	33.90	    12.77	4032072	  0.79	家用电器	广东	0.00	33.94	594	
000402	金 融 街	0.27	11.20	0.03	11.20	11.21	610	609	0.00	          0.00	11.20	11.20	11.20	11.17	    31.23	683088	  1.11	全国地产	北京	0.00	11.20	305	
000408	*ST金源	--  	16.06	--  	16.01	16.12	0	0	--  	          0.00	--  	--  	--  	16.06	    53.36	0	  0.00	商贸代理	河北	0.00	16.06	0	
000419	通程控股	0.46	8.68	0.04	8.66	8.68	126	126	0.00	          0.00	8.68	8.68	8.68	8.64	    42.59	109368	  0.21	百货	湖南	0.00	8.68	63	
000426	兴业矿业	-0.34	8.90	-0.03	8.89	8.90	378	378	0.00	          0.00	8.90	8.90	8.90	8.93	   128.87	336420	  0.72	铅锌	内蒙	0.00	8.90	189	
000429	粤高速Ａ	-0.40	7.39	-0.03	7.39	7.41	400	400	0.00	          0.01	7.39	7.39	7.39	7.42	    14.53	295600	  1.52	路桥	广东	0.00	7.39	200	
000488	晨鸣纸业	-0.08	12.21	-0.01	12.20	12.21	646	646	0.00	          0.01	12.21	12.21	12.21	12.22	    11.46	788766	  0.63	造纸	山东	0.00	12.21	323	
000503	海虹控股	0.36	41.93	0.15	41.80	41.93	137	137	0.00	          0.00	41.93	41.93	41.93	41.78	--  	574441	  0.87	医疗保健	海南	0.00	41.93	69	
000531	穗恒运Ａ	0.17	11.81	0.02	11.80	11.81	52	52	0.00	          0.00	11.81	11.81	11.81	11.79	    14.04	61412	  0.24	火力发电	广东	0.00	11.81	26	
000532	力合股份	-0.05	18.28	-0.01	18.25	18.28	97	97	0.00	          0.00	18.28	18.28	18.28	18.29	   158.19	177316	  0.38	元器件	广东	0.00	18.28	49	
000534	万泽股份	0.76	15.86	0.12	15.75	15.86	6	6	0.00	          0.00	15.86	15.86	15.86	15.74	   102.37	9516	  0.07	区域地产	广东	0.00	15.86	3	
000538	云南白药	0.01	77.24	0.01	77.24	77.25	100	100	0.00	          0.00	77.24	77.24	77.24	77.23	    25.56	772400	  0.78	中成药	云南	0.00	77.24	50	
000540	中天城投	1.04	6.77	0.07	6.77	6.78	4902	4902	0.00	          0.01	6.77	6.77	6.77	6.70	    11.62	3318932	  5.07	区域地产	贵州	0.00	6.77	2451	
000541	佛山照明	0.00	10.51	0.00	10.48	10.51	84	84	0.00	          0.00	10.51	10.51	10.51	10.51	    35.80	88284	  0.21	家用电器	广东	0.00	10.51	42	
000543	皖能电力	0.00	7.15	0.00	7.15	7.16	678	678	0.00	          0.00	7.15	7.15	7.15	7.15	    12.43	484770	  1.63	火力发电	安徽	0.00	7.15	339	
000547	航天发展	0.00	15.57	0.00	15.57	15.60	152	152	0.00	          0.00	15.57	15.57	15.57	15.57	   112.43	236664	  0.23	通信设备	福建	0.00	15.57	76	
000558	莱茵体育	--  	14.75	--  	--  	--  	0	0	--  	          0.00	--  	--  	--  	14.75	   503.23	0	  0.00	文教休闲	浙江	0.00	14.75	0	
000564	供销大集	-0.12	8.62	-0.01	8.62	8.63	363	363	0.00	          0.01	8.62	8.62	8.62	8.63	  1563.38	312906	  0.64	百货	陕西	0.00	8.62	182	
000566	海南海药	0.56	14.32	0.08	14.32	14.33	3183	3183	0.00	          0.03	14.32	14.32	14.32	14.24	    84.84	4558056	  4.00	化学制药	海南	0.00	14.32	1592	
000568	泸州老窖	0.20	40.71	0.08	40.71	40.75	177	177	0.00	          0.00	40.71	40.71	40.71	40.63	    28.42	720567	  0.45	白酒	四川	0.00	40.71	89	
000584	友利控股	--  	11.85	--  	--  	--  	0	0	--  	          0.00	--  	--  	--  	11.85	--  	0	  0.00	化纤	江苏	0.00	11.85	0	
000589	黔轮胎Ａ	0.48	6.32	0.03	6.31	6.32	1291	1291	0.00	          0.02	6.32	6.32	6.32	6.29	   523.11	815912	  3.09	汽车配件	贵州	0.00	6.32	646	
000593	大通燃气	-0.65	10.67	-0.07	10.67	10.68	417	417	0.00	          0.01	10.67	10.67	10.67	10.74	   625.03	444939	  2.13	供气供热	四川	0.00	10.67	209	
000596	古井贡酒	-0.18	54.37	-0.10	54.37	54.47	49	49	0.00	          0.00	54.37	54.37	54.37	54.47	    35.26	266413	  0.49	白酒	安徽	0.00	54.37	25	
000600	建投能源	0.00	9.36	0.00	9.35	9.36	101	101	0.00	          0.00	9.36	9.36	9.36	9.36	     7.66	94536	  0.27	火力发电	河北	0.00	9.36	51	
000603	盛达矿业	0.12	17.00	0.02	17.00	17.03	218	218	0.00	          0.01	17.00	17.00	17.00	16.98	    60.79	370600	  0.72	铅锌	北京	0.00	17.00	109	
000615	京汉股份	0.34	11.89	0.04	11.85	11.89	355	355	0.00	          0.01	11.89	11.89	11.89	11.85	--  	422095	  0.47	化纤	湖北	0.00	11.89	178	
000616	海航投资	0.00	5.08	0.00	5.07	5.08	93	93	0.00	          0.00	5.08	5.08	5.08	5.08	--  	47244	  0.30	全国地产	辽宁	0.00	5.08	47	
000620	新华联	0.12	8.53	0.01	8.52	8.53	19	19	0.00	          0.00	8.53	8.53	8.53	8.52	    76.62	16207	  0.07	全国地产	北京	0.00	8.53	10	
000623	吉林敖东	0.17	29.43	0.05	29.43	29.44	47	47	0.00	          0.00	29.43	29.43	29.43	29.38	    15.40	138321	  0.20	中成药	吉林	0.00	29.43	24	
000625	长安汽车	0.51	15.70	0.08	15.70	15.71	3473	3473	0.00	          0.01	15.70	15.70	15.70	15.62	     7.31	5452610	  1.99	汽车整车	重庆	0.00	15.70	1737	
000628	高新发展	0.29	13.95	0.04	13.92	13.95	41	41	0.00	          0.00	13.95	13.95	13.95	13.91	   106.89	57195	  0.39	园区开发	四川	0.00	13.95	21	
000638	万方发展	0.00	14.35	0.00	14.35	14.40	73	73	0.00	          0.00	14.35	14.35	14.35	14.35	   397.63	104755	  0.28	批发业	辽宁	0.00	14.35	37	
000652	泰达股份	-0.17	6.00	-0.01	6.00	6.01	122	122	0.00	          0.00	6.00	6.00	6.00	6.01	    93.10	73200	  0.10	批发业	天津	0.00	6.00	61	
000661	长春高新	0.00	112.18	0.00	112.18	112.58	43	42	0.00	          0.00	112.18	112.18	112.18	112.18	    39.36	481701	  0.48	生物制药	吉林	0.00	112.18	21	
000666	经纬纺机	0.00	23.80	0.00	23.75	23.80	31	31	0.00	          0.00	23.80	23.80	23.80	23.80	    29.58	73780	  0.23	纺织机械	北京	0.00	23.80	16	
000679	大连友谊	0.15	13.18	0.02	13.16	13.18	32	32	0.00	          0.00	13.18	13.18	13.18	13.16	--  	42176	  0.23	百货	辽宁	0.00	13.18	16	
000685	中山公用	-0.09	10.98	-0.01	10.98	11.00	350	350	0.00	          0.00	10.98	10.98	10.98	10.99	    16.67	384300	  1.55	水务	广东	0.00	10.98	175	
000688	建新矿业	0.00	9.58	0.00	9.56	9.58	235	235	0.00	          0.00	9.58	9.58	9.58	9.58	    53.72	225130	  0.75	铅锌	重庆	0.00	9.58	118	
000690	宝新能源	0.00	9.26	0.00	9.25	9.26	780	780	0.00	          0.00	9.26	9.26	9.26	9.26	    27.17	722280	  1.61	火力发电	广东	0.00	9.26	390	
000702	正虹科技	0.00	14.25	0.00	14.21	14.25	304	304	0.00	          0.01	14.25	14.25	14.25	14.25	--  	433200	  1.26	饲料	湖南	0.00	14.25	152	
000703	恒逸石化	-0.13	14.84	-0.02	14.84	14.85	7	7	0.00	          0.00	14.84	14.84	14.84	14.86	    35.86	10388	  0.02	化纤	广西	0.00	14.84	4	
000705	浙江震元	0.00	12.90	0.00	12.85	12.90	11	11	0.00	          0.00	12.90	12.90	12.90	12.90	   117.08	14190	  0.09	医药商业	浙江	0.00	12.90	6	
000725	京东方Ａ	0.00	3.20	0.00	3.19	3.20	8971	8971	0.00	          0.00	3.20	3.20	3.20	3.20	   599.76	2870720	  0.91	元器件	北京	0.00	3.20	4486	
000732	泰禾集团	-0.05	18.55	-0.01	18.51	18.55	45	45	0.00	          0.00	18.55	18.55	18.55	18.56	    14.27	83475	  0.16	区域地产	福建	0.00	18.55	23	
000756	新华制药	0.00	14.50	0.00	14.50	14.55	105	105	0.00	          0.00	14.50	14.50	14.50	14.50	    55.77	152250	  0.31	化学制药	山东	0.00	14.50	53	
000798	中水渔业	-0.08	11.84	-0.01	11.81	11.84	62	62	0.00	          0.00	11.84	11.84	11.84	11.85	--  	73408	  0.39	渔业	北京	0.00	11.84	31	
000800	一汽轿车	0.40	12.45	0.05	12.45	12.46	769	769	0.00	          0.01	12.45	12.45	12.45	12.40	--  	957978	  0.93	汽车整车	吉林	0.00	12.45	385	
000802	北京文化	0.06	17.85	0.01	17.84	17.85	174	174	0.00	          0.00	17.85	17.85	17.85	17.84	   676.38	310590	  0.96	旅游服务	北京	0.00	17.85	87	
000823	超声电子	-0.42	14.36	-0.06	14.35	14.36	1076	1076	0.00	          0.02	14.36	14.36	14.36	14.42	    51.52	1545136	  1.66	元器件	广东	0.00	14.36	538	
000826	启迪桑德	-0.29	34.40	-0.10	34.40	34.48	100	100	0.00	          0.00	34.40	34.40	34.40	34.50	    30.78	344000	  0.99	环境保护	湖北	0.00	34.40	50	
000828	东莞控股	0.00	13.49	0.00	13.49	13.50	223	223	0.00	          0.00	13.49	13.49	13.49	13.49	    16.79	300827	  0.55	路桥	广东	0.00	13.49	112	
000829	天音控股	--  	11.28	--  	--  	--  	0	0	--  	          0.00	--  	--  	--  	11.28	   132.17	0	  0.00	其他商业	江西	0.00	11.28	0	
000850	华茂股份	0.00	6.22	0.00	6.22	6.23	161	161	0.00	          0.00	6.22	6.22	6.22	6.22	    71.07	100142	  0.53	纺织	安徽	0.00	6.22	81	
000851	高鸿股份	-0.64	12.42	-0.08	12.42	12.45	1565	1565	0.00	          0.03	12.42	12.42	12.42	12.50	   144.08	1943730	  2.85	软件服务	贵州	0.00	12.42	783	
000861	海印股份	0.21	4.73	0.01	4.73	4.74	965	965	0.00	          0.01	4.73	4.73	4.73	4.72	    61.39	456445	  3.52	房产服务	广东	0.00	4.73	483	
000876	新 希 望	0.00	8.08	0.00	8.08	8.09	278	278	0.00	          0.00	8.08	8.08	8.08	8.08	    12.09	224624	  0.47	饲料	四川	0.00	8.08	139	
000878	云南铜业	0.06	15.59	0.01	15.58	15.59	3993	3993	0.00	          0.03	15.59	15.59	15.59	15.58	   371.79	6225087	  2.41	铜	云南	0.00	15.59	1997	
000883	湖北能源	0.00	4.78	0.00	4.77	4.78	242	242	0.00	          0.00	4.78	4.78	4.78	4.78	    12.75	115676	  0.54	火力发电	湖北	0.00	4.78	121	
000888	峨眉山Ａ	0.00	12.46	0.00	12.40	12.46	3	3	0.00	          0.00	12.46	12.46	12.46	12.46	    34.03	3738	  0.01	旅游景点	四川	0.00	12.46	2	
000897	津滨发展	-0.61	4.90	-0.03	4.90	4.92	252	252	0.00	          0.00	4.90	4.90	4.90	4.93	   113.93	123480	  0.31	区域地产	天津	0.00	4.90	126	
000900	现代投资	0.12	8.66	0.01	8.66	8.67	119	119	0.00	          0.00	8.66	8.66	8.66	8.65	    12.15	103054	  0.37	路桥	湖南	0.00	8.66	60	
000908	景峰医药	-0.19	10.35	-0.02	10.33	10.35	4	4	0.00	          0.00	10.35	10.35	10.35	10.37	    40.85	4140	  0.04	化学制药	湖南	0.00	10.35	2	
000920	南方汇通	-0.13	15.06	-0.02	15.03	15.06	25	25	0.00	          0.00	15.06	15.06	15.06	15.08	    58.88	37650	  0.16	环境保护	贵州	0.00	15.06	13	
000928	中钢国际	0.00	19.81	0.00	19.81	19.87	180	180	0.00	          0.00	19.81	19.81	19.81	19.81	    28.13	356580	  0.34	建筑施工	吉林	0.00	19.81	90	
000936	华西股份	-0.31	9.78	-0.03	9.78	9.80	124	124	0.00	          0.00	9.78	9.78	9.78	9.81	    14.34	121272	  0.37	化纤	江苏	0.00	9.78	62	
000953	*ST河化	--  	12.01	--  	--  	--  	0	0	--  	          0.00	--  	--  	--  	12.01	--  	0	  0.00	农药化肥	广西	0.00	12.01	0	
000996	中国中期	0.04	23.24	0.01	23.23	23.24	112	112	0.00	          0.00	23.24	23.24	23.24	23.23	   262.74	260288	  0.45	公路	北京	0.00	23.24	56	
002002	鸿达兴业	0.25	8.15	0.02	8.15	8.16	551	551	0.00	          0.00	8.15	8.15	8.15	8.13	    28.36	449065	  0.73	化工原料	江苏	0.00	8.15	276	
002008	大族激光	0.11	26.31	0.03	26.29	26.31	645	645	0.00	          0.01	26.31	26.31	26.31	26.28	    33.24	1696995	  0.94	电器仪表	深圳	0.00	26.31	323	
002030	达安基因	-0.69	22.90	-0.16	22.88	22.90	678	678	0.00	          0.01	22.90	22.90	22.90	23.06	   146.74	1552620	  0.99	生物制药	广东	0.00	22.90	339	
002064	华峰氨纶	0.00	5.65	0.00	5.65	5.66	34	34	0.00	          0.00	5.65	5.65	5.65	5.65	--  	19210	  0.05	化纤	浙江	0.00	5.65	17	
002072	凯瑞德	0.50	24.30	0.12	24.22	24.30	27	27	0.00	          0.00	24.30	24.30	24.30	24.18	    98.13	65610	  0.14	纺织	山东	0.00	24.30	14	
002076	雪 莱 特	-0.51	13.78	-0.07	13.76	13.78	229	229	0.00	          0.01	13.78	13.78	13.78	13.85	   103.23	315562	  1.35	家用电器	广东	0.00	13.78	115	
002081	金 螳 螂	0.09	11.38	0.01	11.38	11.39	1662	1662	0.00	          0.01	11.38	11.38	11.38	11.37	    16.54	1891652	  1.87	装修装饰	江苏	0.00	11.38	831	
002093	国脉科技	-0.45	11.03	-0.05	11.03	11.06	855	855	0.00	          0.01	11.03	11.03	11.03	11.08	   163.86	943065	  1.53	电信运营	福建	0.00	11.03	428	
002131	利欧股份	0.00	14.81	0.00	14.80	14.81	518	518	0.00	          0.01	14.81	14.81	14.81	14.81	    40.97	767158	  0.69	互联网	浙江	0.00	14.81	259	
002146	荣盛发展	0.11	9.20	0.01	9.19	9.20	200	200	0.00	          0.00	9.20	9.20	9.20	9.19	    13.80	184000	  0.23	全国地产	河北	0.00	9.20	100	
002157	正邦科技	0.00	6.28	0.00	6.27	6.28	399	399	0.00	          0.00	6.28	6.28	6.28	6.28	    11.91	250572	  0.75	饲料	江西	0.00	6.28	200	
002159	三特索道	0.32	28.45	0.09	28.36	28.45	49	49	0.00	          0.00	28.45	28.45	28.45	28.36	--  	139405	  0.34	旅游景点	湖北	0.00	28.45	25	
002161	远 望 谷	0.09	10.84	0.01	10.84	10.85	191	191	0.00	          0.00	10.84	10.84	10.84	10.83	--  	207044	  0.95	通信设备	深圳	0.00	10.84	96	
002166	莱茵生物	0.78	12.97	0.10	12.97	12.98	728	728	0.00	          0.02	12.97	12.97	12.97	12.87	    99.50	944216	  1.01	中成药	广西	0.00	12.97	364	
002181	粤 传 媒	0.00	7.20	0.00	7.20	7.24	102	102	0.00	          0.00	7.20	7.20	7.20	7.20	--  	73440	  0.52	出版业	广东	0.00	7.20	51	
002203	海亮股份	0.44	9.05	0.04	9.04	9.05	134	134	0.00	          0.00	9.05	9.05	9.05	9.01	    28.95	121270	  0.16	铜	浙江	0.00	9.05	67	
002219	恒康医疗	--  	12.70	--  	12.70	12.75	0	0	--  	          0.00	--  	--  	--  	12.70	    88.02	0	  0.00	中成药	甘肃	0.00	12.70	0	
002259	升达林业	0.22	9.13	0.02	9.12	9.13	89	89	0.00	          0.00	9.13	9.13	9.13	9.11	   538.48	81257	  0.14	家居用品	四川	0.00	9.13	45	
002269	美邦服饰	-0.21	4.85	-0.01	4.84	4.85	258	258	0.00	          0.00	4.85	4.85	4.85	4.86	--  	125130	  0.45	服饰	上海	0.00	4.85	129	
002281	光迅科技	-0.38	79.60	-0.30	79.60	79.69	180	180	0.00	          0.01	79.60	79.60	79.60	79.90	    58.55	1432800	  0.78	通信设备	湖北	0.00	79.60	90	
002292	奥飞娱乐	-0.54	21.98	-0.12	21.98	21.99	251	251	0.00	          0.00	21.98	21.98	21.98	22.10	    49.24	551698	  0.69	影视音像	广东	0.00	21.98	126	
002301	齐心集团	-0.14	22.00	-0.03	21.81	22.00	51	51	0.00	          0.00	22.00	22.00	22.00	22.03	   105.77	112200	  0.62	文教休闲	深圳	0.00	22.00	26	
002310	东方园林	0.13	15.25	0.02	15.25	15.26	3577	3577	0.00	          0.03	15.25	15.25	15.25	15.23	    59.22	5454925	  4.82	建筑施工	北京	0.00	15.25	1789	
002357	富临运业	0.00	13.70	0.00	13.69	13.70	270	270	0.00	          0.01	13.70	13.70	13.70	13.70	    28.94	369900	  2.09	公路	四川	0.00	13.70	135	
002362	汉王科技	-0.60	23.30	-0.14	23.28	23.30	230	230	0.00	          0.01	23.30	23.30	23.30	23.44	   237.27	535900	  0.54	电脑设备	北京	0.00	23.30	115	
002399	海普瑞	0.40	22.59	0.09	22.56	22.59	47	47	0.00	          0.00	22.59	22.59	22.59	22.50	    69.55	106173	  0.19	化学制药	深圳	0.00	22.59	24	
002403	爱仕达	0.21	14.64	0.03	14.61	14.64	24	24	0.00	          0.00	14.64	14.64	14.64	14.61	    38.62	35136	  0.29	家用电器	浙江	0.00	14.64	12	
002407	多氟多	-0.09	31.59	-0.03	31.58	31.59	1029	1029	0.00	          0.02	31.59	31.59	31.59	31.62	    38.37	3250611	  0.54	化工原料	河南	0.00	31.59	515	
002409	雅克科技	--  	23.14	--  	23.14	23.49	0	0	--  	          0.00	--  	--  	--  	23.14	   117.28	0	  0.00	化工原料	江苏	0.00	23.14	0	
002416	爱施德	0.07	13.75	0.01	13.75	13.78	327	327	0.00	          0.00	13.75	13.75	13.75	13.74	    75.65	449625	  1.11	电器连锁	深圳	0.00	13.75	164	
002437	誉衡药业	0.24	8.32	0.02	8.31	8.32	138	138	0.00	          0.00	8.32	8.32	8.32	8.30	    24.06	114816	  0.12	化学制药	黑龙江	0.00	8.32	69	
002444	巨星科技	0.77	16.93	0.13	16.93	16.94	2985	2985	0.00	          0.03	16.93	16.93	16.93	16.80	    29.62	5053605	  3.62	轻工机械	浙江	0.00	16.93	1493	
002445	中南文化	--  	16.12	--  	16.01	16.14	0	0	--  	          0.00	--  	--  	--  	16.12	    73.94	0	  0.00	影视音像	江苏	0.00	16.12	0	
002471	中超控股	0.00	6.02	0.00	6.01	6.02	139	139	0.00	          0.00	6.02	6.02	6.02	6.02	    64.84	83678	  0.53	电气设备	江苏	0.00	6.02	70	
002482	广田集团	0.54	9.35	0.05	9.32	9.35	166	166	0.00	          0.00	9.35	9.35	9.35	9.30	    36.50	155210	  0.40	装修装饰	深圳	0.00	9.35	83	
002493	荣盛石化	--  	15.30	--  	15.28	15.30	0	0	--  	          0.00	--  	--  	--  	15.30	    23.77	0	  0.00	化纤	浙江	0.00	15.30	0	
002515	金字火腿	0.12	16.98	0.02	16.97	16.98	55	55	0.00	          0.00	16.98	16.98	16.98	16.96	   371.82	93390	  0.11	食品	浙江	0.00	16.98	28	
002532	新界泵业	0.00	14.77	0.00	14.68	14.77	13	13	0.00	          0.00	14.77	14.77	14.77	14.77	    37.76	19201	  0.18	农用机械	浙江	0.00	14.77	7	
002535	林州重机	-0.14	7.26	-0.01	7.25	7.26	671	671	0.00	          0.01	7.26	7.26	7.26	7.27	   346.23	487146	  1.89	工程机械	河南	0.00	7.26	336	
002543	万和电气	0.00	21.18	0.00	21.18	21.20	145	145	0.00	          0.00	21.18	21.18	21.18	21.18	    23.80	307110	  0.49	家用电器	广东	0.00	21.18	73	
002555	三七互娱	1.14	21.26	0.24	21.15	21.26	428	428	0.00	          0.01	21.26	21.26	21.26	21.02	    44.19	909928	  0.85	互联网	安徽	0.00	21.26	214	
002557	洽洽食品	-0.13	15.92	-0.02	15.92	15.93	6	6	0.00	          0.00	15.92	15.92	15.92	15.94	    22.25	9552	  0.04	食品	安徽	0.00	15.92	3	
002563	森马服饰	-0.42	9.50	-0.04	9.48	9.50	258	258	0.00	          0.00	9.50	9.50	9.50	9.54	    19.16	245100	  1.10	服饰	浙江	0.00	9.50	129	
002571	德力股份	-0.14	13.91	-0.02	13.91	13.92	119	119	0.00	          0.00	13.91	13.91	13.91	13.93	--  	165529	  0.19	玻璃	安徽	0.00	13.91	60	
002578	闽发铝业	--  	11.89	--  	--  	--  	0	0	--  	          0.00	--  	--  	--  	11.89	   332.39	0	  0.00	铝	福建	0.00	11.89	0	
002584	西陇科学	-1.00	14.89	-0.15	14.88	14.89	5633	5633	0.00	          0.22	14.89	14.89	14.89	15.04	    79.25	8387537	  2.65	化工原料	广东	0.00	14.89	2817	
002592	八菱科技	0.45	31.11	0.14	31.08	31.11	41	41	0.00	          0.00	31.11	31.11	31.11	30.97	    72.86	127551	  1.46	汽车配件	广西	0.00	31.11	21	
002595	豪迈科技	0.12	25.30	0.03	25.27	25.30	20	20	0.00	          0.00	25.30	25.30	25.30	25.27	    26.83	50600	  0.25	专用机械	山东	0.00	25.30	10	
002612	朗姿股份	0.23	17.54	0.04	17.50	17.54	128	128	0.00	          0.01	17.54	17.54	17.54	17.50	    63.83	224512	  0.89	服饰	北京	0.00	17.54	64	
002622	融钰集团	1.09	12.97	0.14	12.96	12.97	1550	1550	0.00	          0.02	12.97	12.97	12.97	12.83	   293.26	2010350	  3.31	电气设备	吉林	0.00	12.97	775	
002630	华西能源	0.00	12.17	0.00	12.15	12.17	192	192	0.00	          0.00	12.17	12.17	12.17	12.17	    38.18	233664	  0.70	专用机械	四川	0.00	12.17	96	
002631	德尔未来	0.11	18.73	0.02	18.72	18.73	78	78	0.00	          0.00	18.73	18.73	18.73	18.71	    64.41	146094	  0.56	家居用品	江苏	0.00	18.73	39	
002650	加加食品	0.00	7.19	0.00	7.19	7.20	653	653	0.00	          0.01	7.19	7.19	7.19	7.19	    48.60	469507	  1.07	食品	湖南	0.00	7.19	327	
002657	中科金财	0.13	38.73	0.05	38.71	38.73	133	133	0.00	          0.01	38.73	38.73	38.73	38.68	    81.10	515109	  0.94	软件服务	北京	0.00	38.73	67	
002683	宏大爆破	0.30	10.15	0.03	10.12	10.15	40	40	0.00	          0.00	10.15	10.15	10.15	10.12	   113.68	40600	  0.13	化工原料	广东	0.00	10.15	20	
002684	猛狮科技	0.51	33.40	0.17	33.25	33.40	15	15	0.00	          0.00	33.40	33.40	33.40	33.23	  1573.71	50100	  0.14	电气设备	广东	0.00	33.40	8	
002721	金一文化	-0.06	16.39	-0.01	16.34	16.39	11	11	0.00	          0.00	16.39	16.39	16.39	16.40	    97.63	18029	  0.12	服饰	北京	0.00	16.39	6	
300019	硅宝科技	-0.38	13.28	-0.05	13.28	13.35	66	66	0.00	          0.00	13.28	13.28	13.28	13.33	    48.82	87648	  0.32	化工原料	四川	0.00	13.28	33	
300026	红日药业	0.00	5.47	0.00	5.47	5.48	285	285	0.00	          0.00	5.47	5.47	5.47	5.47	    25.94	155895	  0.43	中成药	天津	0.00	5.47	143	
300055	万邦达	0.77	17.11	0.13	17.08	17.11	65	65	0.00	          0.00	17.11	17.11	17.11	16.98	    55.79	111215	  0.23	环境保护	北京	0.00	17.11	33	
300059	东方财富	0.00	16.00	0.00	16.00	16.01	605	605	0.00	          0.00	16.00	16.00	16.00	16.00	    79.76	968000	  0.47	互联网	上海	0.00	16.00	303	
300085	银之杰	0.05	20.62	0.01	20.62	20.67	110	110	0.00	          0.00	20.62	20.62	20.62	20.61	   210.02	227439	  0.41	软件服务	深圳	0.00	20.62	55	
300098	高新兴	0.00	13.41	0.00	13.41	13.45	170	170	0.00	          0.00	13.41	13.41	13.41	13.41	    53.90	227970	  0.32	通信设备	广东	0.00	13.41	85	
300112	万讯自控	--  	13.93	--  	13.83	13.96	0	0	--  	          0.00	--  	--  	--  	13.93	   140.87	0	  0.00	电器仪表	深圳	0.00	13.93	0	
300148	天舟文化	--  	20.29	--  	--  	--  	0	0	--  	          0.00	--  	--  	--  	20.29	    86.12	0	  0.00	出版业	湖南	0.00	20.29	0	
300154	瑞凌股份	0.00	9.96	0.00	9.93	9.96	50	50	0.00	          0.00	9.96	9.96	9.96	9.96	    45.43	49800	  0.42	元器件	深圳	0.00	9.96	25	
300202	聚龙股份	-0.53	20.78	-0.11	20.78	20.80	40	40	0.00	          0.00	20.78	20.78	20.78	20.89	    70.29	83120	  0.15	专用机械	辽宁	0.00	20.78	20	
300219	鸿利智汇	-0.07	13.39	-0.01	13.39	13.40	50	50	0.00	          0.00	13.39	13.39	13.39	13.40	    34.85	66950	  0.15	元器件	广东	0.00	13.39	25	
300226	上海钢联	0.07	41.42	0.03	41.41	41.42	42	42	0.00	          0.00	41.42	41.42	41.42	41.39	   309.23	173964	  0.46	互联网	上海	0.00	41.42	21	
300241	瑞丰光电	--  	14.90	--  	14.85	14.90	0	0	--  	          0.00	--  	--  	--  	14.90	    64.45	0	  0.00	半导体	深圳	0.00	14.90	0	
300242	明家联合	0.16	12.24	0.02	12.22	12.24	133	133	0.00	          0.00	12.24	12.24	12.24	12.22	    39.66	162792	  0.31	互联网	广东	0.00	12.24	67	
300243	瑞丰高材	0.49	16.45	0.08	16.37	16.45	75	75	0.00	          0.01	16.45	16.45	16.45	16.37	   112.01	123375	  0.65	化工原料	山东	0.00	16.45	38	
300254	仟源医药	--  	19.35	--  	19.28	19.35	0	0	--  	          0.00	--  	--  	--  	19.35	   103.98	0	  0.00	化学制药	山西	0.00	19.35	0	
300263	隆华节能	0.00	7.29	0.00	7.26	7.29	340	340	0.00	          0.01	7.29	7.29	7.29	7.29	   121.48	247860	  1.38	专用机械	河南	0.00	7.29	170	
300275	梅安森	0.10	29.39	0.03	29.32	29.39	25	25	0.00	          0.00	29.39	29.39	29.39	29.36	--  	73475	  0.14	软件服务	重庆	0.00	29.39	13	
300283	温州宏丰	--  	9.69	--  	9.69	9.72	0	0	--  	          0.00	--  	--  	--  	9.69	    93.28	0	  0.00	电气设备	浙江	0.00	9.69	0	
300315	掌趣科技	--  	8.84	--  	--  	--  	0	0	--  	          0.00	--  	--  	--  	8.84	    32.83	0	  0.00	互联网	北京	0.00	8.84	0	
300320	海达股份	--  	16.82	--  	16.82	16.98	0	0	--  	          0.00	--  	--  	--  	16.82	    61.18	0	  0.00	橡胶	江苏	0.00	16.82	0	
300333	兆日科技	0.13	15.55	0.02	15.50	15.55	212	212	0.00	          0.01	15.55	15.55	15.55	15.53	   180.20	329660	  1.25	元器件	深圳	0.00	15.55	106	
300356	光一科技	-0.09	32.85	-0.03	32.85	32.88	27	27	0.00	          0.00	32.85	32.85	32.85	32.88	   166.36	88695	  0.21	电气设备	江苏	0.00	32.85	14	
300367	东方网力	--  	20.04	--  	--  	--  	0	0	--  	          0.00	--  	--  	--  	20.04	   116.32	0	  0.00	电脑设备	北京	0.00	20.04	0	
300385	雪浪环境	0.67	37.62	0.25	37.62	37.66	149	149	0.00	          0.03	37.62	37.62	37.62	37.37	    50.89	560613	  2.76	环境保护	江苏	0.00	37.62	75	
300498	温氏股份	-0.03	33.56	-0.01	33.55	33.56	105	105	0.00	          0.00	33.56	33.56	33.56	33.57	    10.10	352380	  0.28	农业综合	广东	0.00	33.56	53	
600018	上港集团	0.18	5.63	0.01	5.62	5.63	536	536	0.00	          0.00	5.63	5.63	5.63	5.62	    24.72	301768	  0.45	港口	上海	0.00	5.63	268	
600020	中原高速	-0.42	4.74	-0.02	4.74	4.75	693	693	0.00	          0.00	4.74	4.74	4.74	4.76	    12.49	328482	  1.31	路桥	河南	0.00	4.74	347	
600021	上海电力	-0.48	12.53	-0.06	12.51	12.53	304	304	0.00	          0.00	12.53	12.53	12.53	12.59	    24.58	380912	  0.76	火力发电	上海	0.00	12.53	152	
600023	浙能电力	0.00	5.72	0.00	5.71	5.72	173	173	0.00	          0.00	5.72	5.72	5.72	5.72	     9.99	98956	  0.23	火力发电	浙江	0.00	5.72	87	
600029	南方航空	0.26	7.79	0.02	7.79	7.80	1895	1895	0.00	          0.00	7.79	7.79	7.79	7.77	     8.91	1476205	  0.76	空运	广东	0.00	7.79	948	
600039	四川路桥	0.00	4.83	0.00	4.82	4.83	1536	1536	0.00	          0.01	4.83	4.83	4.83	4.83	    19.02	741888	  1.53	建筑施工	四川	0.00	4.83	768	
600048	保利地产	-0.20	10.07	-0.02	10.06	10.07	3914	3914	0.00	          0.00	10.07	10.07	10.07	10.09	    12.60	3941398	  1.25	全国地产	广东	0.00	10.07	1957	
600050	中国联通	-0.67	7.36	-0.05	7.36	7.37	23655	23655	0.00	          0.01	7.36	7.36	7.36	7.41	   239.39	17410080	  1.30	电信运营	上海	0.00	7.36	11828	
600053	九鼎投资	0.00	43.23	0.00	43.23	43.25	14	14	0.00	          0.00	43.23	43.23	43.23	43.23	    51.23	60522	  0.22	区域地产	江西	0.00	43.23	7	
600054	黄山旅游	-0.57	17.59	-0.10	17.59	17.66	55	55	0.00	          0.00	17.59	17.59	17.59	17.69	    30.23	96745	  0.15	旅游景点	安徽	0.00	17.59	28	
600056	中国医药	-0.05	21.65	-0.01	21.60	21.65	135	135	0.00	          0.00	21.65	21.65	21.65	21.66	    23.26	292275	  0.57	医药商业	北京	0.00	21.65	68	
600064	南京高科	0.06	17.29	0.01	17.29	17.30	13	13	0.00	          0.00	17.29	17.29	17.29	17.28	    11.04	22477	  0.06	园区开发	江苏	0.00	17.29	7	
600068	葛洲坝	0.00	10.98	0.00	10.98	10.99	1234	1233	0.00	          0.00	10.98	10.98	10.98	10.98	    16.91	1354383	  0.53	建筑施工	湖北	0.00	10.98	617	
600079	人福医药	0.39	20.50	0.08	20.50	20.54	301	301	0.00	          0.00	20.50	20.50	20.50	20.42	    31.74	617050	  0.89	化学制药	湖北	0.00	20.50	151	
600084	中葡股份	-1.23	12.04	-0.15	12.03	12.04	2125	2125	0.00	          0.02	12.04	12.04	12.04	12.19	--  	2558500	  0.71	红黄药酒	新疆	0.00	12.04	1063	
600094	大名城	0.00	8.41	0.00	8.40	8.41	264	264	0.00	          0.00	8.41	8.41	8.41	8.41	    19.64	222024	  0.95	区域地产	上海	0.00	8.41	132	
600100	同方股份	-0.14	13.94	-0.02	13.92	13.92	0	0	--  	          0.00	--  	--  	--  	13.94	     6.08	0	  0.43	电脑设备	北京	0.00	13.94	0	
600107	美尔雅	-0.19	16.08	-0.03	16.03	16.08	189	189	0.00	          0.01	16.08	16.08	16.08	16.11	--  	303912	  1.34	服饰	湖北	0.00	16.08	95	
600108	亚盛集团	0.00	5.43	0.00	5.41	5.43	101	101	0.00	          0.00	5.43	5.43	5.43	5.43	   145.89	54843	  0.14	农业综合	甘肃	0.00	5.43	51	
600110	诺德股份	0.69	13.10	0.09	13.08	13.10	662	662	0.00	          0.01	13.10	13.10	13.10	13.01	   415.50	867220	  0.31	电气设备	吉林	0.00	13.10	331	
600119	长江投资	0.05	19.69	0.01	19.70	19.70	0	0	--  	          0.00	--  	--  	--  	19.69	    36.20	0	  0.67	仓储物流	上海	0.00	19.69	0	
600121	郑州煤电	-0.37	5.43	-0.02	5.41	5.41	0	0	--  	          0.00	--  	--  	--  	5.43	--  	0	  0.33	煤炭开采	河南	0.00	5.43	0	
600122	宏图高科	-0.16	12.86	-0.02	12.84	12.84	0	0	--  	          0.00	--  	--  	--  	12.86	    37.34	0	  0.16	其他商业	江苏	0.00	12.86	0	
600128	弘业股份	0.07	14.75	0.01	14.75	14.76	60	60	0.00	          0.00	14.75	14.75	14.75	14.74	    74.38	88500	  0.60	商贸代理	江苏	0.00	14.75	30	
600129	太极集团	0.11	17.90	0.02	17.90	17.91	113	113	0.00	          0.00	17.90	17.90	17.90	17.88	     6.16	202270	  0.75	中成药	重庆	0.00	17.90	57	
600153	建发股份	-0.09	10.89	-0.01	10.88	10.88	0	0	--  	          0.00	--  	--  	--  	10.89	    17.61	0	  1.16	商贸代理	福建	0.00	10.89	0	
600156	华升股份	-0.18	10.81	-0.02	10.81	10.85	22	22	0.00	          0.00	10.81	10.81	10.81	10.83	--  	23782	  0.12	纺织	湖南	0.00	10.81	11	
600157	永泰能源	-0.25	4.04	-0.01	4.03	4.03	0	0	--  	          0.00	--  	--  	--  	4.04	    81.64	0	  0.15	煤炭开采	山西	0.00	4.04	0	
600165	新日恒力	-0.44	15.73	-0.07	15.70	15.73	232	232	0.00	          0.00	15.73	15.73	15.73	15.80	--  	364936	  0.32	钢加工	宁夏	0.00	15.73	116	
600167	联美控股	-0.35	22.82	-0.08	22.74	22.74	0	0	--  	          0.00	--  	--  	--  	22.82	    22.21	0	  0.54	供气供热	辽宁	0.00	22.82	0	
600175	美都能源	-0.20	4.94	-0.01	4.94	4.95	569	569	0.00	          0.00	4.94	4.94	4.94	4.95	   162.23	281086	  1.98	综合类	浙江	0.00	4.94	285	
600177	雅戈尔	0.14	13.98	0.02	13.97	13.98	267	267	0.00	          0.00	13.98	13.98	13.98	13.96	     8.11	373266	  0.95	服饰	浙江	0.00	13.98	134	
600180	瑞茂通	-0.43	14.00	-0.06	13.96	14.00	289	289	0.00	          0.00	14.00	14.00	14.00	14.06	    36.33	404600	  1.59	仓储物流	山东	0.00	14.00	145	
600188	兖州煤业	0.10	10.43	0.01	10.43	10.44	124	124	0.00	          0.00	10.43	10.43	10.43	10.42	    37.74	129332	  0.37	煤炭开采	山东	0.00	10.43	62	
600189	吉林森工	-0.33	12.12	-0.04	12.08	12.08	0	0	--  	          0.00	--  	--  	--  	12.12	    72.79	0	  0.27	林业	吉林	0.00	12.12	0	
600191	华资实业	0.09	11.26	0.01	11.27	11.27	0	0	--  	          0.00	--  	--  	--  	11.26	   256.57	0	  1.14	食品	内蒙	0.00	11.26	0	
600197	伊力特	0.34	17.75	0.06	17.75	17.78	310	310	0.00	          0.01	17.75	17.75	17.75	17.69	    25.37	550268	  0.79	白酒	新疆	0.00	17.75	155	
600200	江苏吴中	0.48	16.70	0.08	16.78	16.78	0	0	--  	          0.00	--  	--  	--  	16.70	   149.91	0	  0.90	综合类	江苏	0.00	16.70	0	
600208	新湖中宝	--  	5.14	--  	--  	--  	0	0	--  	          0.00	--  	--  	--  	5.14	    47.74	0	  0.00	全国地产	浙江	0.00	5.14	0	
600217	中再资环	-0.23	8.58	-0.02	8.56	8.56	0	0	--  	          0.00	--  	--  	--  	8.58	   136.07	0	  0.09	环境保护	陕西	0.00	8.58	0	
600226	升华拜克	1.90	11.28	0.21	11.27	11.28	8824	8824	0.00	          0.08	11.28	11.28	11.28	11.07	    52.42	9953472	 10.88	农药化肥	浙江	0.00	11.28	4412	
600236	桂冠电力	-0.16	6.34	-0.01	6.33	6.34	62	62	0.00	          0.00	6.34	6.34	6.34	6.35	    11.76	39308	  0.37	水力发电	广西	0.00	6.34	31	
600239	云南城投	--  	6.55	--  	--  	--  	0	0	--  	          0.00	--  	--  	--  	6.55	--  	0	  0.00	区域地产	云南	0.00	6.55	0	
600247	ST成城	0.16	12.36	0.02	12.36	12.44	42	42	0.00	          0.00	12.36	12.36	12.36	12.34	--  	51912	  0.62	商贸代理	吉林	0.00	12.36	21	
600249	两面针	0.54	11.17	0.06	11.16	11.17	240	240	0.00	          0.01	11.17	11.17	11.17	11.11	--  	268080	  0.27	日用化工	广西	0.00	11.17	120	
600261	阳光照明	-0.13	7.57	-0.01	7.56	7.56	0	0	--  	          0.00	--  	--  	--  	7.57	    23.24	0	  0.21	家用电器	浙江	0.00	7.57	0	
600278	东方创业	0.07	15.34	0.01	15.30	15.34	95	95	0.00	          0.00	15.34	15.34	15.34	15.33	    57.63	145730	  0.83	商贸代理	上海	0.00	15.34	48	
600282	南钢股份	0.54	3.69	0.02	3.69	3.70	2041	2041	0.00	          0.01	3.69	3.69	3.69	3.67	    41.33	753129	  0.66	普钢	江苏	0.00	3.69	1021	
600288	大恒科技	0.07	13.85	0.01	13.85	13.88	93	93	0.00	          0.00	13.85	13.85	13.85	13.84	--  	128805	  0.32	软件服务	北京	0.00	13.85	47	
600292	远达环保	0.08	12.05	0.01	12.04	12.05	15	15	0.00	          0.00	12.05	12.05	12.05	12.04	    62.29	18075	  0.07	环境保护	重庆	0.00	12.05	8	
600293	三峡新材	0.71	18.52	0.13	18.40	18.52	18	18	0.00	          0.00	18.52	18.52	18.52	18.39	   511.56	33336	  0.31	玻璃	湖北	0.00	18.52	9	
600310	桂东电力	2.26	9.50	0.21	9.49	9.50	5456	5456	0.00	          0.07	9.50	9.50	9.50	9.29	    56.97	5183200	 17.77	水力发电	广西	0.00	9.50	2728	
600323	瀚蓝环境	0.59	15.46	0.09	15.46	15.47	397	397	0.00	          0.01	15.46	15.46	15.46	15.37	    20.54	613762	  1.55	水务	广东	0.00	15.46	199	
600328	兰太实业	0.25	12.11	0.03	12.11	12.12	129	129	0.00	          0.00	12.11	12.11	12.11	12.08	    65.95	156219	  0.47	化工原料	内蒙	0.00	12.11	65	
600332	白云山	0.00	28.21	0.00	28.21	28.22	400	400	0.00	          0.00	28.21	28.21	28.21	28.21	    32.56	1128400	  0.87	中成药	广东	0.00	28.21	200	
600339	*ST油工	-0.13	7.43	-0.01	7.41	7.43	81	81	0.00	          0.00	7.43	7.43	7.43	7.44	--  	60183	  0.30	石油加工	新疆	0.00	7.43	41	
600340	华夏幸福	0.11	27.36	0.03	27.36	27.39	971	971	0.00	          0.00	27.36	27.36	27.36	27.33	    13.17	2656656	  1.02	区域地产	河北	0.00	27.36	486	
600348	阳泉煤业	-0.29	6.92	-0.02	6.91	6.92	271	271	0.00	          0.00	6.92	6.92	6.92	6.94	    98.30	187532	  0.22	煤炭开采	山西	0.00	6.92	136	
600352	浙江龙盛	-0.10	9.58	-0.01	9.58	9.59	269	269	0.00	          0.00	9.58	9.58	9.58	9.59	    16.43	257702	  0.45	染料涂料	浙江	0.00	9.58	135	
600354	敦煌种业	0.00	8.28	0.00	8.28	8.30	368	368	0.00	          0.01	8.28	8.28	8.28	8.28	--  	304704	  1.01	种植业	甘肃	0.00	8.28	184	
600363	联创光电	-0.59	18.71	-0.11	18.60	18.60	0	0	--  	          0.00	--  	--  	--  	18.71	    39.77	0	  0.21	元器件	江西	0.00	18.71	0	
600376	首开股份	-0.23	12.87	-0.03	12.84	12.84	0	0	--  	          0.00	--  	--  	--  	12.87	    20.66	0	  0.40	区域地产	北京	0.00	12.87	0	
600383	金地集团	-0.49	12.17	-0.06	12.16	12.17	767	767	0.00	          0.00	12.17	12.17	12.17	12.23	    24.03	933439	  1.38	全国地产	深圳	0.00	12.17	384	
600389	江山股份	--  	18.91	--  	18.92	18.99	0	0	--  	          0.00	--  	--  	--  	18.91	   520.93	0	  0.00	农药化肥	江苏	0.00	18.91	0	
600410	华胜天成	0.00	10.40	0.00	10.40	10.40	0	0	--  	          0.00	--  	--  	--  	10.40	   341.85	0	  0.97	软件服务	北京	0.00	10.40	0	
600436	片仔癀	-0.37	48.32	-0.18	48.32	48.50	80	80	0.00	          0.00	48.32	48.32	48.32	48.50	    45.45	386560	  0.58	中成药	福建	0.00	48.32	40	
600467	好当家	-0.24	4.23	-0.01	4.23	4.24	195	195	0.00	          0.00	4.23	4.23	4.23	4.24	   117.97	82485	  0.27	渔业	山东	0.00	4.23	98	
600469	风神股份	--  	11.94	--  	--  	--  	0	0	--  	          0.00	--  	--  	--  	11.94	    27.79	0	  0.00	汽车配件	河南	0.00	11.94	0	
600476	湘邮科技	0.34	29.89	0.10	29.89	29.97	23	23	0.00	          0.00	29.89	29.89	29.89	29.79	--  	68747	  0.25	软件服务	湖南	0.00	29.89	12	
600483	福能股份	-0.17	11.58	-0.02	11.57	11.58	5	5	0.00	          0.00	11.58	11.58	11.58	11.60	    19.23	5790	  0.03	火力发电	福建	0.00	11.58	3	
600500	中化国际	-0.18	11.09	-0.02	11.09	11.10	1124	1124	0.00	          0.01	11.09	11.09	11.09	11.11	    76.99	1246516	  1.57	商贸代理	上海	0.00	11.09	562	
600503	华丽家族	0.00	8.17	0.00	8.16	8.17	787	787	0.00	          0.01	8.17	8.17	8.17	8.17	    78.36	642979	  0.78	区域地产	上海	0.00	8.17	394	
600518	康美药业	-0.46	17.41	-0.08	17.41	17.48	103	103	0.00	          0.00	17.41	17.41	17.41	17.49	    24.92	179323	  0.25	中成药	广东	0.00	17.41	52	
600520	*ST中发	0.32	21.92	0.07	21.99	21.99	0	0	--  	          0.00	--  	--  	--  	21.92	--  	0	  0.21	机械基件	安徽	0.00	21.92	0	
600530	交大昂立	0.00	7.18	0.00	7.18	7.19	31	31	0.00	          0.00	7.18	7.18	7.18	7.18	    30.95	22258	  0.13	医疗保健	上海	0.00	7.18	16	
600548	深高速	--  	8.80	--  	8.77	8.80	0	0	--  	          0.00	--  	--  	--  	8.80	    15.20	0	  0.00	路桥	深圳	0.00	8.80	0	
600551	时代出版	--  	20.32	--  	--  	--  	0	0	--  	          0.00	--  	--  	--  	20.32	    25.53	0	  0.00	出版业	安徽	0.00	20.32	0	
600566	济川药业	0.00	30.88	0.00	30.88	30.98	6	6	0.00	          0.00	30.88	30.88	30.88	30.88	    27.73	18528	  0.07	中成药	湖北	0.00	30.88	3	
600567	山鹰纸业	-0.27	3.71	-0.01	3.71	3.72	223	223	0.00	          0.00	3.71	3.71	3.71	3.72	    61.17	82733	  0.15	造纸	安徽	0.00	3.71	112	
600570	恒生电子	0.20	45.00	0.09	44.91	45.00	157	157	0.00	          0.00	45.00	45.00	45.00	44.91	   101.54	706500	  0.42	软件服务	浙江	0.00	45.00	79	
600592	龙溪股份	-0.86	17.28	-0.15	17.28	17.38	455	455	0.00	          0.01	17.28	17.28	17.28	17.43	--  	786240	  0.53	机械基件	福建	0.00	17.28	228	
600593	大连圣亚	-0.69	35.80	-0.25	35.71	35.80	38	38	0.00	          0.00	35.80	35.80	35.80	36.05	    35.68	136040	  0.67	旅游景点	辽宁	0.00	35.80	19	
600611	大众交通	0.00	6.39	0.00	6.38	6.39	57	57	0.00	          0.00	6.39	6.39	6.39	6.39	    26.11	36423	  0.16	公共交通	上海	0.00	6.39	29	
600612	老凤祥	--  	40.37	--  	40.24	40.47	0	0	--  	          0.00	--  	--  	--  	40.37	    19.72	0	  0.00	服饰	上海	0.00	40.37	0	
600621	华鑫股份	0.21	14.02	0.03	14.05	14.05	0	0	--  	          0.00	--  	--  	--  	14.02	    38.49	0	  0.34	全国地产	上海	0.00	14.02	0	
600638	新黄浦	0.00	20.24	0.00	20.24	20.25	180	180	0.00	          0.00	20.24	20.24	20.24	20.24	    63.33	364320	  0.54	区域地产	上海	0.00	20.24	90	
600639	浦东金桥	0.00	18.38	0.00	18.36	18.38	58	58	0.00	          0.00	18.38	18.38	18.38	18.38	    32.74	106604	  0.56	园区开发	上海	0.00	18.38	29	
600641	万业企业	0.40	12.51	0.05	12.50	12.51	302	302	0.00	          0.00	12.51	12.51	12.51	12.46	    14.04	377802	  0.66	区域地产	上海	0.00	12.51	151	
600642	申能股份	-0.16	6.23	-0.01	6.23	6.24	45	45	0.00	          0.00	6.23	6.23	6.23	6.24	    11.67	28066	  0.10	火力发电	上海	0.00	6.23	23	
600648	外高桥	0.00	20.19	0.00	20.19	20.22	15	15	0.00	          0.00	20.19	20.19	20.19	20.19	    27.59	30285	  0.16	园区开发	上海	0.00	20.19	8	
600649	城投控股	--  	20.34	--  	--  	--  	0	0	--  	          0.00	--  	--  	--  	20.34	    24.56	0	  0.00	区域地产	上海	0.00	20.34	0	
600651	飞乐音响	0.10	10.30	0.01	10.30	10.32	60	60	0.00	          0.00	10.30	10.30	10.30	10.29	    69.66	61800	  0.15	电器仪表	上海	0.00	10.30	30	
600657	信达地产	--  	5.88	--  	--  	--  	0	0	--  	          0.00	--  	--  	--  	5.88	    39.02	0	  0.00	全国地产	北京	0.00	5.88	0	
600675	中华企业	0.54	7.50	0.04	7.50	7.52	503	503	0.00	          0.00	7.50	7.50	7.50	7.46	    21.36	377250	  0.64	区域地产	上海	0.00	7.50	252	
600693	东百集团	-0.57	12.26	-0.07	12.26	12.33	45	44	0.00	          0.00	12.26	12.26	12.26	12.33	  1019.39	54949	  0.20	百货	福建	0.00	12.26	22	
600694	大商股份	-0.24	41.81	-0.10	41.81	41.82	69	69	0.00	          0.00	41.81	41.81	41.81	41.91	    14.21	288489	  0.78	百货	辽宁	0.00	41.81	35	
600704	物产中大	-0.28	10.83	-0.03	10.83	10.84	1171	1171	0.00	          0.01	10.83	10.83	10.83	10.86	    18.81	1268193	  1.43	商贸代理	浙江	0.00	10.83	586	
600713	南京医药	-0.38	7.91	-0.03	7.91	7.93	500	500	0.00	          0.01	7.91	7.91	7.91	7.94	    41.34	395500	  1.99	医药商业	江苏	0.00	7.91	250	
600730	中国高科	0.08	12.07	0.01	12.06	12.07	71	71	0.00	          0.00	12.07	12.07	12.07	12.06	     8.33	85697	  0.26	综合类	北京	0.00	12.07	36	
600738	兰州民百	-0.20	9.83	-0.02	9.81	9.81	0	0	--  	          0.00	--  	--  	--  	9.83	    58.07	0	  0.14	百货	甘肃	0.00	9.83	0	
600739	辽宁成大	-0.06	17.59	-0.01	17.59	17.60	51	51	0.00	          0.00	17.59	17.59	17.59	17.60	    24.26	89709	  0.17	商贸代理	辽宁	0.00	17.59	26	
600742	一汽富维	-0.25	19.85	-0.05	19.77	19.85	128	128	0.00	          0.00	19.85	19.85	19.85	19.90	    18.45	254080	  0.39	汽车配件	吉林	0.00	19.85	64	
600754	锦江股份	0.00	29.84	0.00	29.84	29.88	91	91	0.00	          0.00	29.84	29.84	29.84	29.84	    42.40	271544	  1.21	酒店餐饮	上海	0.00	29.84	46	
600755	厦门国贸	0.00	8.64	0.00	8.64	8.64	0	0	--  	          0.00	--  	--  	--  	8.64	    13.76	0	  0.26	商贸代理	福建	0.00	8.64	0	
600757	长江传媒	0.00	8.60	0.00	8.58	8.60	69	69	0.00	          0.00	8.60	8.60	8.60	8.60	    19.19	59340	  0.24	出版业	湖北	0.00	8.60	35	
600770	综艺股份	-0.51	9.84	-0.05	9.84	9.88	162	162	0.00	          0.00	9.84	9.84	9.84	9.89	   234.53	159408	  0.44	综合类	江苏	0.00	9.84	81	
600778	友好集团	-0.44	11.20	-0.05	11.20	11.28	3	3	0.00	          0.00	11.20	11.20	11.20	11.25	--  	3360	  0.02	百货	新疆	0.00	11.20	2	
600783	鲁信创投	0.16	24.75	0.04	24.73	24.75	56	56	0.00	          0.00	24.75	24.75	24.75	24.71	    41.61	138600	  0.18	矿物制品	山东	0.00	24.75	28	
600790	轻纺城	-0.14	7.12	-0.01	7.11	7.12	36	36	0.00	          0.00	7.12	7.12	7.12	7.13	    20.19	25632	  0.08	商品城	浙江	0.00	7.12	18	
600794	保税科技	-0.18	5.63	-0.01	5.62	5.63	206	206	0.00	          0.00	5.63	5.63	5.63	5.64	   276.71	115978	  0.48	仓储物流	江苏	0.00	5.63	103	
600795	国电电力	-0.31	3.25	-0.01	3.25	3.26	2611	2610	0.00	          0.00	3.25	3.25	3.25	3.26	     9.89	848435	  0.87	火力发电	辽宁	0.00	3.25	1305	
600802	福建水泥	-0.56	12.40	-0.07	12.40	12.41	412	412	0.00	          0.01	12.40	12.40	12.40	12.47	--  	510880	  0.32	水泥	福建	0.00	12.40	206	
600804	鹏博士	0.38	21.29	0.08	21.25	21.29	160	160	0.00	          0.00	21.29	21.29	21.29	21.21	    37.21	340640	  0.40	电信运营	四川	0.00	21.29	80	
600811	东方集团	0.00	7.22	0.00	7.20	7.22	214	214	0.00	          0.00	7.22	7.22	7.22	7.22	    30.52	154508	  0.64	综合类	黑龙江	0.00	7.22	107	
600818	中路股份	0.33	30.50	0.10	30.50	30.51	190	190	0.00	          0.01	30.50	30.50	30.50	30.40	    92.55	579500	  0.78	文教休闲	上海	0.00	30.50	95	
600820	隧道股份	0.18	11.25	0.02	11.24	11.25	1265	1265	0.00	          0.00	11.25	11.25	11.25	11.23	    25.29	1423125	  1.16	建筑施工	上海	0.00	11.25	633	
600824	益民集团	-0.14	7.05	-0.01	7.05	7.07	68	68	0.00	          0.00	7.05	7.05	7.05	7.06	    40.79	47940	  0.28	百货	上海	0.00	7.05	34	
600827	百联股份	0.06	17.00	0.01	17.00	17.01	1442	1442	0.00	          0.01	17.00	17.00	17.00	16.99	    30.48	2451400	  1.18	超市连锁	上海	0.00	17.00	721	
600833	第一医药	-0.05	20.25	-0.01	20.24	20.25	95	95	0.00	          0.00	20.25	20.25	20.25	20.26	    81.48	192375	  0.83	医药商业	上海	0.00	20.25	48	
600835	上海机电	-0.15	20.61	-0.03	20.61	20.68	28	28	0.00	          0.00	20.61	20.61	20.61	20.64	    13.83	57708	  0.24	运输设备	上海	0.00	20.61	14	
600838	上海九百	-0.06	16.45	-0.01	16.41	16.45	109	109	0.00	          0.00	16.45	16.45	16.45	16.46	    30.63	179305	  0.31	百货	上海	0.00	16.45	55	
600851	海欣股份	0.26	11.51	0.03	11.49	11.51	15	15	0.00	          0.00	11.51	11.51	11.51	11.48	    65.29	17265	  0.15	纺织	上海	0.00	11.51	8	
600864	哈投股份	0.00	10.70	0.00	10.63	10.70	314	314	0.00	          0.01	10.70	10.70	10.70	10.70	    45.51	335980	  0.69	火力发电	黑龙江	0.00	10.70	157	
600873	梅花生物	-0.15	6.86	-0.01	6.85	6.86	450	450	0.00	          0.00	6.86	6.86	6.86	6.87	    20.47	308700	  0.53	食品	西藏	0.00	6.86	225	
600881	亚泰集团	0.34	5.92	0.02	5.90	5.92	314	314	0.00	          0.00	5.92	5.92	5.92	5.90	    98.59	185888	  0.59	水泥	吉林	0.00	5.92	157	
600884	杉杉股份	-0.53	14.91	-0.08	14.91	14.92	322	322	0.00	          0.00	14.91	14.91	14.91	14.99	    46.85	480102	  0.38	服饰	浙江	0.00	14.91	161	
600887	伊利股份	0.11	18.54	0.02	18.53	18.54	889	889	0.00	          0.00	18.54	18.54	18.54	18.52	    19.26	1648206	  0.49	乳制品	内蒙	0.00	18.54	445	
600895	张江高科	0.06	18.04	0.01	18.03	18.04	196	196	0.00	          0.00	18.04	18.04	18.04	18.03	    54.02	353584	  0.62	园区开发	上海	0.00	18.04	98	
600896	览海投资	0.09	10.74	0.01	10.73	10.74	26	26	0.00	          0.00	10.74	10.74	10.74	10.73	--  	27924	  0.22	水运	海南	0.00	10.74	13	
600966	博汇纸业	0.00	4.76	0.00	4.76	4.77	528	528	0.00	          0.00	4.76	4.76	4.76	4.76	    44.55	251328	  0.40	造纸	山东	0.00	4.76	264	
600981	汇鸿集团	-0.22	8.91	-0.02	8.91	8.96	184	184	0.00	          0.01	8.91	8.91	8.91	8.93	    26.68	163944	  1.30	商贸代理	江苏	0.00	8.91	92	
600993	马应龙	-0.19	21.45	-0.04	21.44	21.45	409	409	0.00	          0.01	21.45	21.45	21.45	21.49	    33.53	877305	  1.89	中成药	湖北	0.00	21.45	205	
600998	九州通	0.20	19.97	0.04	19.97	19.98	14	14	0.00	          0.00	19.97	19.97	19.97	19.93	    53.93	27958	  0.18	医药商业	湖北	0.00	19.97	7	
601018	宁波港	0.00	5.29	0.00	5.29	5.29	0	0	--  	          0.00	--  	--  	--  	5.29	    27.70	0	  0.79	港口	浙江	0.00	5.29	0	
601038	一拖股份	-0.25	12.17	-0.03	12.15	12.17	140	140	0.00	          0.00	12.17	12.17	12.17	12.20	    35.88	170380	  0.28	农用机械	河南	0.00	12.17	70	
601098	中南传媒	0.00	17.20	0.00	17.20	17.20	0	0	--  	          0.00	--  	--  	--  	17.20	    19.68	0	  0.37	出版业	湖南	0.00	17.20	0	
601107	四川成渝	-0.20	5.10	-0.01	5.08	5.10	560	560	0.00	          0.00	5.10	5.10	5.10	5.11	    11.38	285600	  0.77	路桥	四川	0.00	5.10	280	
601117	中国化学	0.13	7.87	0.01	7.87	7.88	1065	1065	0.00	          0.00	7.87	7.87	7.87	7.86	    20.18	838155	  0.87	建筑施工	北京	0.00	7.87	533	
601118	海南橡胶	-0.14	7.18	-0.01	7.17	7.18	1031	1031	0.00	          0.00	7.18	7.18	7.18	7.19	--  	740258	  0.77	橡胶	海南	0.00	7.18	516	
601155	新城控股	-0.12	16.27	-0.02	16.27	16.28	622	622	0.00	          0.01	16.27	16.27	16.27	16.29	    12.17	1011994	  0.66	区域地产	江苏	0.00	16.27	311	
601177	杭齿前进	-0.34	11.90	-0.04	11.88	11.90	67	67	0.00	          0.00	11.90	11.90	11.90	11.94	   548.58	79730	  0.14	机械基件	浙江	0.00	11.90	34	
601186	中国铁建	-0.40	12.51	-0.05	12.51	12.52	1002	1002	0.00	          0.00	12.51	12.51	12.51	12.56	    13.97	1253502	  0.60	建筑施工	北京	0.00	12.51	501	
601188	龙江交通	0.00	5.82	0.00	5.82	5.83	194	194	0.00	          0.00	5.82	5.82	5.82	5.82	    22.08	112908	  0.91	路桥	黑龙江	0.00	5.82	97	
601216	君正集团	-0.75	5.26	-0.04	5.25	5.26	3270	3270	0.00	          0.00	5.26	5.26	5.26	5.30	    33.59	1720020	  0.57	化工原料	内蒙	0.00	5.26	1635	
601238	广汽集团	-0.04	26.05	-0.01	26.05	26.09	169	169	0.00	          0.00	26.05	26.05	26.05	26.06	    22.52	440245	  0.77	汽车整车	广东	0.00	26.05	85	
601258	庞大集团	-0.34	2.91	-0.01	2.90	2.91	1226	1226	0.00	          0.00	2.91	2.91	2.91	2.92	    91.28	356766	  0.37	汽车服务	河北	0.00	2.91	613	
601390	中国中铁	-0.11	8.71	-0.01	8.71	8.72	549	549	0.00	          0.00	8.71	8.71	8.71	8.72	    16.14	478179	  0.37	建筑施工	北京	0.00	8.71	275	
601566	九牧王	0.30	16.99	0.05	16.95	16.99	74	74	0.00	          0.00	16.99	16.99	16.99	16.94	    23.42	125726	  1.19	服饰	福建	0.00	16.99	37	
601600	中国铝业	0.00	4.90	0.00	4.89	4.90	2793	2793	0.00	          0.00	4.90	4.90	4.90	4.90	   507.82	1368570	  0.86	铝	北京	0.00	4.90	1397	
601618	中国中冶	0.41	4.93	0.02	4.92	4.93	2958	2958	0.00	          0.00	4.93	4.93	4.93	4.91	    22.83	1458294	  1.43	建筑施工	北京	0.00	4.93	1479	
601668	中国建筑	0.12	8.68	0.01	8.67	8.68	2616	2616	0.00	          0.00	8.68	8.68	8.68	8.67	     7.89	2270688	  0.30	建筑施工	北京	0.00	8.68	1308	
601700	风范股份	--  	8.47	--  	--  	--  	0	0	--  	          0.00	--  	--  	--  	8.47	    41.35	0	  0.00	电气设备	江苏	0.00	8.47	0	
601717	郑煤机	0.00	8.90	0.00	8.89	8.90	520	520	0.00	          0.00	8.90	8.90	8.90	8.90	    84.44	462800	  0.58	工程机械	河南	0.00	8.90	260	
601718	际华集团	-0.11	8.82	-0.01	8.82	8.83	80	80	0.00	          0.00	8.82	8.82	8.82	8.83	    33.16	70560	  0.08	服饰	北京	0.00	8.82	40	
601727	上海电气	--  	8.42	--  	--  	--  	0	0	--  	          0.00	--  	--  	--  	8.42	    47.95	0	  0.00	电气设备	上海	0.00	8.42	0	
601777	力帆股份	-0.43	9.25	-0.04	9.25	9.26	99	99	0.00	          0.00	9.25	9.25	9.25	9.29	    46.78	91575	  0.15	摩托车	重庆	0.00	9.25	50	
601800	中国交建	0.00	17.37	0.00	17.35	17.37	379	379	0.00	          0.00	17.37	17.37	17.37	17.37	    18.69	658323	  0.39	建筑施工	北京	0.00	17.37	190	
601857	中国石油	0.00	7.97	0.00	7.96	7.97	448	448	0.00	          0.00	7.97	7.97	7.97	7.97	   634.58	357056	  0.27	石油开采	北京	0.00	7.97	224	
601880	大连港	-0.34	2.90	-0.01	2.90	2.91	1313	1313	0.00	          0.00	2.90	2.90	2.90	2.91	    81.15	380770	  0.89	港口	辽宁	0.00	2.90	657	
601890	亚星锚链	0.33	9.05	0.03	9.04	9.05	367	367	0.00	          0.00	9.05	9.05	9.05	9.02	   134.61	332135	  0.61	船舶	江苏	0.00	9.05	184	
601899	紫金矿业	-0.29	3.46	-0.01	3.45	3.45	0	0	--  	          0.00	--  	--  	--  	3.46	    39.24	0	  0.65	黄金	福建	0.00	3.46	0	
601918	*ST新集	-0.36	5.54	-0.02	5.54	5.55	1602	1602	0.00	          0.01	5.54	5.54	5.54	5.56	    43.37	887508	  0.99	煤炭开采	安徽	0.00	5.54	801	
601919	中远海控	-0.17	5.84	-0.01	5.83	5.84	261	261	0.00	          0.00	5.84	5.84	5.84	5.85	--  	152424	  0.18	水运	天津	0.00	5.84	131	
601928	凤凰传媒	0.10	10.43	0.01	10.42	10.43	215	215	0.00	          0.00	10.43	10.43	10.43	10.42	    23.40	224245	  0.70	出版业	江苏	0.00	10.43	108	
601929	吉视传媒	-0.24	4.19	-0.01	4.19	4.20	70	70	0.00	          0.00	4.19	4.19	4.19	4.20	    41.65	29330	  0.13	影视音像	吉林	0.00	4.19	35	
601991	大唐发电	0.00	4.73	0.00	4.72	4.73	403	403	0.00	          0.00	4.73	4.73	4.73	4.73	--  	190619	  0.24	火力发电	北京	0.00	4.73	202	
601999	出版传媒	0.00	11.30	0.00	11.30	11.32	15	15	0.00	          0.00	11.30	11.30	11.30	11.30	    55.80	16950	  0.08	出版业	辽宁	0.00	11.30	8	
603001	奥康国际	-0.18	22.03	-0.04	22.00	22.03	14	14	0.00	          0.00	22.03	22.03	22.03	22.07	    25.90	30842	  0.13	服饰	浙江	0.00	22.03	7	
603100	川仪股份	-0.20	14.80	-0.03	14.77	14.80	33	33	0.00	          0.00	14.80	14.80	14.80	14.83	    45.95	48840	  0.31	电器仪表	重庆	0.00	14.80	17	
603268	松发股份	--  	49.16	--  	--  	--  	0	0	--  	          0.00	--  	--  	--  	49.16	   121.98	0	  0.00	陶瓷	广东	0.00	49.16	0	
603308	应流股份	0.25	19.85	0.05	19.85	19.86	29	29	0.00	          0.00	19.85	19.85	19.85	19.80	   125.49	57565	  0.15	专用机械	安徽	0.00	19.85	15	
603333	明星电缆	0.11	9.33	0.01	9.31	9.33	440	440	0.00	          0.01	9.33	9.33	9.33	9.32	--  	410520	  1.34	电气设备	四川	0.00	9.33	220	
603968	醋化股份	0.00	24.28	0.00	24.28	24.33	6	6	0.00	          0.00	24.28	24.28	24.28	24.28	    36.41	14568	  0.09	化工原料	江苏	0.00	24.28	3	
数据来源:通达信
