代码	名称	涨幅%%	现价	涨跌	买价	卖价	总量	现量	涨速%%	换手%%	今开	最高	最低	昨收	市盈(动)	总金额	量比	细分行业	地区	振幅%%	均价	内盘	
000027	深圳能源	-0.28	7.00	-0.02	6.99	7.00	279	279	0.00	          0.00	7.00	7.00	7.00	7.02	    15.56	195300	  0.92	火力发电	深圳	0.00	7.00	140	
000100	TCL 集团	0.00	3.58	0.00	3.57	3.58	1041	1041	0.00	          0.00	3.58	3.58	3.58	3.58	    21.32	372678	  0.53	家用电器	广东	0.00	3.58	521	
000157	中联重科	-0.21	4.84	-0.01	4.83	4.84	814	814	0.00	          0.00	4.84	4.84	4.84	4.85	--  	393976	  0.40	工程机械	湖南	0.00	4.84	407	
000166	申万宏源	0.16	6.31	0.01	6.30	6.31	1668	1668	0.00	          0.00	6.31	6.31	6.31	6.30	    24.66	1052508	  1.36	证券	新疆	0.00	6.31	834	
000423	东阿阿胶	0.08	59.60	0.05	59.58	59.60	376	376	0.00	          0.01	59.60	59.60	59.60	59.55	    21.04	2240960	  0.90	中成药	山东	0.00	59.60	188	
000525	红 太 阳	0.31	19.38	0.06	19.38	19.40	74	74	0.00	          0.00	19.38	19.38	19.38	19.32	   217.17	143412	  0.27	农药化肥	江苏	0.00	19.38	37	
000543	皖能电力	0.00	7.15	0.00	7.15	7.16	678	678	0.00	          0.00	7.15	7.15	7.15	7.15	    12.43	484770	  1.63	火力发电	安徽	0.00	7.15	339	
000568	泸州老窖	0.20	40.71	0.08	40.71	40.75	177	177	0.00	          0.00	40.71	40.71	40.71	40.63	    28.42	720567	  0.45	白酒	四川	0.00	40.71	89	
000707	双环科技	-0.69	8.67	-0.06	8.67	8.68	230	230	0.00	          0.00	8.67	8.67	8.67	8.73	--  	199427	  0.55	化工原料	湖北	0.00	8.67	115	
000712	锦龙股份	0.36	22.59	0.08	22.56	22.59	328	328	0.00	          0.00	22.59	22.59	22.59	22.51	    55.68	740952	  0.64	多元金融	广东	0.00	22.59	164	
000768	中航飞机	-0.21	24.00	-0.05	24.00	24.01	1620	1620	0.00	          0.01	24.00	24.00	24.00	24.05	   422.10	3888000	  1.44	航空	陕西	0.00	24.00	810	
000776	广发证券	-0.29	17.36	-0.05	17.36	17.37	797	797	0.00	          0.00	17.36	17.36	17.36	17.41	    16.04	1383592	  1.13	证券	广东	0.00	17.36	399	
000786	北新建材	-0.17	11.82	-0.02	11.80	11.82	41	41	0.00	          0.00	11.82	11.82	11.82	11.84	    20.27	48462	  0.06	其他建材	北京	0.00	11.82	21	
000791	甘肃电投	-1.56	13.25	-0.21	13.21	13.25	960	960	0.00	          0.01	13.25	13.25	13.25	13.46	  1429.80	1272000	  3.23	水力发电	甘肃	0.00	13.25	480	
000828	东莞控股	0.00	13.49	0.00	13.49	13.50	223	223	0.00	          0.00	13.49	13.49	13.49	13.49	    16.79	300827	  0.55	路桥	广东	0.00	13.49	112	
000839	中信国安	-1.48	11.34	-0.17	11.33	11.34	24645	24645	0.00	          0.06	11.34	11.34	11.34	11.51	   152.26	27947430	  2.97	综合类	北京	0.00	11.34	12323	
000850	华茂股份	0.00	6.22	0.00	6.22	6.23	161	161	0.00	          0.00	6.22	6.22	6.22	6.22	    71.07	100142	  0.53	纺织	安徽	0.00	6.22	81	
000886	海南高速	0.00	5.45	0.00	5.44	5.45	19	19	0.00	          0.00	5.45	5.45	5.45	5.45	    85.71	10355	  0.05	路桥	海南	0.00	5.45	10	
000890	法 尔 胜	0.43	11.64	0.05	11.61	11.64	55	55	0.00	          0.00	11.64	11.64	11.64	11.59	    24.39	64020	  0.30	钢加工	江苏	0.00	11.64	28	
000913	*ST钱江	0.28	17.80	0.05	17.80	17.88	45	44	0.00	          0.00	17.80	17.80	17.80	17.75	   109.81	79335	  0.36	摩托车	浙江	0.00	17.80	22	
000917	电广传媒	-0.35	14.31	-0.05	14.31	14.33	672	672	0.00	          0.01	14.31	14.31	14.31	14.36	    71.03	961632	  1.23	影视音像	湖南	0.00	14.31	336	
000936	华西股份	-0.31	9.78	-0.03	9.78	9.80	124	124	0.00	          0.00	9.78	9.78	9.78	9.81	    14.34	121272	  0.37	化纤	江苏	0.00	9.78	62	
000969	安泰科技	-0.28	10.76	-0.03	10.76	10.78	415	415	0.00	          0.00	10.76	10.76	10.76	10.79	   117.66	446540	  1.22	钢加工	北京	0.00	10.76	208	
002024	苏宁云商	0.00	11.03	0.00	11.03	11.04	253	253	0.00	          0.00	11.03	11.03	11.03	11.03	--  	279059	  0.24	电器连锁	江苏	0.00	11.03	127	
002032	苏 泊 尔	-0.59	38.76	-0.23	38.76	38.99	23	23	0.00	          0.00	38.76	38.76	38.76	38.99	    24.75	89148	  0.28	家用电器	浙江	0.00	38.76	12	
002056	横店东磁	0.00	14.71	0.00	14.71	14.72	448	448	0.00	          0.01	14.71	14.71	14.71	14.71	    29.29	659008	  1.03	元器件	浙江	0.00	14.71	224	
002123	梦网荣信	-0.07	15.00	-0.01	15.00	15.01	100	100	0.00	          0.00	15.00	15.00	15.00	15.01	    57.50	150000	  0.37	互联网	辽宁	0.00	15.00	50	
002126	银轮股份	0.00	9.29	0.00	9.28	9.29	329	329	0.00	          0.01	9.29	9.29	9.29	9.29	    28.16	305641	  0.47	汽车配件	浙江	0.00	9.29	165	
002161	远 望 谷	0.09	10.84	0.01	10.84	10.85	191	191	0.00	          0.00	10.84	10.84	10.84	10.83	--  	207044	  0.95	通信设备	深圳	0.00	10.84	96	
002274	华昌化工	0.23	8.81	0.02	8.80	8.81	152	152	0.00	          0.00	8.81	8.81	8.81	8.79	   254.82	133912	  0.67	农药化肥	江苏	0.00	8.81	76	
002320	海峡股份	-0.95	15.65	-0.15	15.65	15.80	1169	1169	0.00	          0.03	15.65	15.65	15.65	15.80	    37.02	1829485	  7.69	水运	海南	0.00	15.65	585	
002326	永太科技	0.12	16.13	0.02	16.13	16.20	17	17	0.00	          0.00	16.13	16.13	16.13	16.11	    80.71	27421	  0.09	化工原料	浙江	0.00	16.13	9	
002444	巨星科技	0.77	16.93	0.13	16.93	16.94	2985	2985	0.00	          0.03	16.93	16.93	16.93	16.80	    29.62	5053605	  3.62	轻工机械	浙江	0.00	16.93	1493	
002503	搜于特	-0.31	12.99	-0.04	12.95	12.99	41	41	0.00	          0.00	12.99	12.99	12.99	13.03	    58.26	53259	  0.25	服饰	广东	0.00	12.99	21	
002565	顺灏股份	-0.61	8.17	-0.05	8.17	8.18	228	228	0.00	          0.00	8.17	8.17	8.17	8.22	    72.89	186276	  0.71	造纸	上海	0.00	8.17	114	
300498	温氏股份	-0.03	33.56	-0.01	33.55	33.56	105	105	0.00	          0.00	33.56	33.56	33.56	33.57	    10.10	352380	  0.28	农业综合	广东	0.00	33.56	53	
600018	上港集团	0.18	5.63	0.01	5.62	5.63	536	536	0.00	          0.00	5.63	5.63	5.63	5.62	    24.72	301768	  0.45	港口	上海	0.00	5.63	268	
600030	中信证券	0.00	16.34	0.00	16.33	16.34	731	731	0.00	          0.00	16.34	16.34	16.34	16.34	    18.70	1194454	  0.45	证券	深圳	0.00	16.34	366	
600037	歌华有线	0.07	15.25	0.01	15.24	15.25	319	319	0.00	          0.00	15.25	15.25	15.25	15.24	    26.76	486475	  1.11	影视音像	北京	0.00	15.25	160	
600053	九鼎投资	0.00	43.23	0.00	43.23	43.25	14	14	0.00	          0.00	43.23	43.23	43.23	43.23	    51.23	60522	  0.22	区域地产	江西	0.00	43.23	7	
600054	黄山旅游	-0.57	17.59	-0.10	17.59	17.66	55	55	0.00	          0.00	17.59	17.59	17.59	17.69	    30.23	96745	  0.15	旅游景点	安徽	0.00	17.59	28	
600066	宇通客车	-0.48	20.90	-0.10	20.80	20.80	0	0	--  	          0.00	--  	--  	--  	20.90	    15.25	0	  1.15	汽车整车	河南	0.00	20.90	0	
600100	同方股份	-0.14	13.92	-0.02	13.91	13.92	604	604	0.00	          0.00	13.92	13.92	13.92	13.94	     6.07	840768	  0.43	电脑设备	北京	0.00	13.92	302	
600120	浙江东方	-0.07	30.45	-0.02	30.44	30.45	927	927	0.00	          0.02	30.45	30.45	30.45	30.47	    24.37	2822715	  1.67	商贸代理	浙江	0.00	30.45	464	
600122	宏图高科	-0.16	12.86	-0.02	12.84	12.84	0	0	--  	          0.00	--  	--  	--  	12.86	    37.34	0	  0.16	其他商业	江苏	0.00	12.86	0	
600151	航天机电	--  	10.97	--  	--  	--  	0	0	--  	          0.00	--  	--  	--  	10.97	   126.25	0	  0.00	半导体	上海	0.00	10.97	0	
600200	江苏吴中	0.48	16.70	0.08	16.78	16.78	0	0	--  	          0.00	--  	--  	--  	16.70	   149.91	0	  0.90	综合类	江苏	0.00	16.70	0	
600203	福日电子	-0.08	11.85	-0.01	11.85	11.88	63	63	0.00	          0.00	11.85	11.85	11.85	11.86	    55.11	74655	  0.29	元器件	福建	0.00	11.85	32	
600278	东方创业	0.07	15.34	0.01	15.30	15.34	95	95	0.00	          0.00	15.34	15.34	15.34	15.33	    57.63	145730	  0.83	商贸代理	上海	0.00	15.34	48	
600283	钱江水利	0.40	12.50	0.05	12.48	12.50	58	58	0.00	          0.00	12.50	12.50	12.50	12.45	--  	72500	  0.24	水务	浙江	0.00	12.50	29	
600287	江苏舜天	0.00	9.98	0.00	9.96	9.98	20	20	0.00	          0.00	9.98	9.98	9.98	9.98	    79.42	19960	  0.14	商贸代理	江苏	0.00	9.98	10	
600315	上海家化	0.04	28.31	0.01	28.31	28.39	86	86	0.00	          0.00	28.31	28.31	28.31	28.30	    32.99	243466	  0.50	日用化工	上海	0.00	28.31	43	
600330	天通股份	-0.19	10.73	-0.02	10.73	10.75	110	110	0.00	          0.00	10.73	10.73	10.73	10.75	    61.56	118030	  0.25	元器件	浙江	0.00	10.73	55	
600377	宁沪高速	0.00	9.07	0.00	9.07	9.07	0	0	--  	          0.00	--  	--  	--  	9.07	    14.05	0	  1.05	路桥	江苏	0.00	9.07	0	
600380	健康元	-0.41	9.80	-0.04	9.80	9.83	244	244	0.00	          0.00	9.80	9.80	9.80	9.84	    31.19	239120	  0.57	化学制药	深圳	0.00	9.80	122	
600398	海澜之家	0.00	10.45	0.00	10.45	10.45	0	0	--  	          0.00	--  	--  	--  	10.45	    15.04	0	  0.73	服饰	江苏	0.00	10.45	0	
600400	红豆股份	--  	8.56	--  	--  	--  	0	0	--  	          0.00	--  	--  	--  	8.56	   109.30	0	  0.00	服饰	江苏	0.00	8.56	0	
600510	黑牡丹	-0.21	9.30	-0.02	9.28	9.30	187	187	0.00	          0.00	9.30	9.30	9.30	9.32	    27.56	173910	  0.82	全国地产	江苏	0.00	9.30	94	
600525	长园集团	-1.48	15.96	-0.24	15.95	15.96	907	907	0.00	          0.01	15.96	15.96	15.96	16.20	    34.80	1447572	  1.77	电气设备	深圳	0.00	15.96	454	
600530	交大昂立	0.00	7.18	0.00	7.18	7.19	31	31	0.00	          0.00	7.18	7.18	7.18	7.18	    30.95	22258	  0.13	医疗保健	上海	0.00	7.18	16	
600551	时代出版	--  	20.32	--  	--  	--  	0	0	--  	          0.00	--  	--  	--  	20.32	    25.53	0	  0.00	出版业	安徽	0.00	20.32	0	
600611	大众交通	0.00	6.39	0.00	6.38	6.39	57	57	0.00	          0.00	6.39	6.39	6.39	6.39	    26.11	36423	  0.16	公共交通	上海	0.00	6.39	29	
600639	浦东金桥	0.00	18.38	0.00	18.36	18.38	58	58	0.00	          0.00	18.38	18.38	18.38	18.38	    32.74	106604	  0.56	园区开发	上海	0.00	18.38	29	
600650	锦江投资	-0.39	23.09	-0.09	23.09	23.16	60	60	0.00	          0.00	23.09	23.09	23.09	23.18	    53.67	138540	  0.25	公共交通	上海	0.00	23.09	30	
600704	物产中大	-0.28	10.83	-0.03	10.83	10.84	1171	1171	0.00	          0.01	10.83	10.83	10.83	10.86	    18.81	1268193	  1.43	商贸代理	浙江	0.00	10.83	586	
600730	中国高科	0.08	12.07	0.01	12.06	12.07	71	71	0.00	          0.00	12.07	12.07	12.07	12.06	     8.33	85697	  0.26	综合类	北京	0.00	12.07	36	
600736	苏州高新	--  	8.51	--  	--  	--  	0	0	--  	          0.00	--  	--  	--  	8.51	    33.09	0	  0.00	园区开发	江苏	0.00	8.51	0	
600741	华域汽车	0.12	16.60	0.02	16.60	16.61	396	396	0.00	          0.00	16.60	16.60	16.60	16.58	     8.79	657360	  0.74	汽车配件	上海	0.00	16.60	198	
600776	东方通信	-0.24	8.46	-0.02	8.44	8.44	0	0	--  	          0.00	--  	--  	--  	8.46	   118.35	0	  0.40	通信设备	浙江	0.00	8.46	0	
600810	神马股份	-0.10	10.40	-0.01	10.38	10.40	444	444	0.00	          0.01	10.40	10.40	10.40	10.41	    46.30	461760	  0.78	化纤	河南	0.00	10.40	222	
600831	广电网络	-0.46	13.08	-0.06	13.08	13.10	184	184	0.00	          0.00	13.08	13.08	13.08	13.14	    48.29	240672	  0.74	影视音像	陕西	0.00	13.08	92	
600837	海通证券	0.06	15.57	0.01	15.55	15.57	527	527	0.00	          0.00	15.57	15.57	15.57	15.56	    21.10	820539	  0.87	证券	上海	0.00	15.57	264	
600895	张江高科	0.06	18.04	0.01	18.03	18.04	196	196	0.00	          0.00	18.04	18.04	18.04	18.03	    54.02	353584	  0.62	园区开发	上海	0.00	18.04	98	
600958	东方证券	0.07	15.27	0.01	15.26	15.27	361	361	0.00	          0.00	15.27	15.27	15.27	15.26	    37.95	551247	  0.92	证券	上海	0.00	15.27	181	
601006	大秦铁路	-0.14	6.93	-0.01	6.92	6.93	509	509	0.00	          0.00	6.93	6.93	6.93	6.94	    15.02	352737	  0.66	铁路	山西	0.00	6.93	255	
601018	宁波港	0.00	5.29	0.00	5.29	5.29	0	0	--  	          0.00	--  	--  	--  	5.29	    27.70	0	  0.79	港口	浙江	0.00	5.29	0	
601117	中国化学	0.13	7.87	0.01	7.87	7.88	1065	1065	0.00	          0.00	7.87	7.87	7.87	7.86	    20.18	838155	  0.87	建筑施工	北京	0.00	7.87	533	
601186	中国铁建	-0.40	12.51	-0.05	12.51	12.52	1002	1002	0.00	          0.00	12.51	12.51	12.51	12.56	    13.97	1253502	  0.60	建筑施工	北京	0.00	12.51	501	
601688	华泰证券	-0.06	17.86	-0.01	17.85	17.86	391	391	0.00	          0.00	17.86	17.86	17.86	17.87	    19.95	698326	  0.42	证券	江苏	0.00	17.86	196	
601788	光大证券	-0.06	15.83	-0.01	15.82	15.82	0	0	--  	          0.00	--  	--  	--  	15.83	    22.94	0	  0.13	证券	上海	0.00	15.83	0	
601801	皖新传媒	0.00	18.45	0.00	18.45	18.48	129	129	0.00	          0.00	18.45	18.45	18.45	18.45	    38.58	238005	  0.12	出版业	安徽	0.00	18.45	65	
601918	*ST新集	-0.36	5.54	-0.02	5.54	5.55	1602	1602	0.00	          0.01	5.54	5.54	5.54	5.56	    43.37	887508	  0.99	煤炭开采	安徽	0.00	5.54	801	
数据来源:通达信
