代码	名称	涨幅%%	现价	涨跌	买价	卖价	总量	现量	涨速%%	换手%%	今开	最高	最低	昨收	市盈(动)	总金额	量比	细分行业	地区	振幅%%	均价	内盘	
000034	神州数码	0.00	23.50	0.00	23.50	23.58	68	68	0.00	          0.00	23.50	23.50	23.50	23.50	    34.53	159800	  0.41	综合类	深圳	0.00	23.50	34	
000042	中洲控股	--  	20.24	--  	--  	--  	0	0	--  	          0.00	--  	--  	--  	20.24	   123.09	0	  0.00	全国地产	深圳	0.00	20.24	0	
000056	皇庭国际	0.08	12.86	0.01	12.86	12.90	5	5	0.00	          0.00	12.86	12.86	12.86	12.85	   148.20	6430	  0.07	房产服务	深圳	0.00	12.86	3	
000150	宜华健康	0.21	28.52	0.06	28.51	28.52	98	98	0.00	          0.00	28.52	28.52	28.52	28.46	     9.91	279496	  0.71	医疗保健	广东	0.00	28.52	49	
000501	鄂武商Ａ	0.50	24.32	0.12	24.24	24.32	263	263	0.00	          0.01	24.32	24.32	24.32	24.20	    15.29	639616	  1.33	百货	湖北	0.00	24.32	132	
000503	海虹控股	0.36	41.93	0.15	41.80	41.93	137	137	0.00	          0.00	41.93	41.93	41.93	41.78	--  	574441	  0.87	医疗保健	海南	0.00	41.93	69	
000509	华塑控股	--  	7.76	--  	--  	--  	0	0	--  	          0.00	--  	--  	--  	7.76	--  	0	  0.00	其他建材	四川	0.00	7.76	0	
000536	华映科技	0.00	12.07	0.00	12.06	12.07	192	192	0.00	          0.00	12.07	12.07	12.07	12.07	    38.25	231744	  0.78	元器件	福建	0.00	12.07	96	
000566	海南海药	0.56	14.32	0.08	14.32	14.33	3183	3183	0.00	          0.03	14.32	14.32	14.32	14.24	    84.84	4558056	  4.00	化学制药	海南	0.00	14.32	1592	
000587	金洲慈航	-0.32	15.61	-0.05	15.60	15.64	40	40	0.00	          0.00	15.61	15.61	15.61	15.66	    17.76	62440	  0.15	批发业	黑龙江	0.00	15.61	20	
000592	平潭发展	0.16	6.42	0.01	6.41	6.42	131	131	0.00	          0.00	6.42	6.42	6.42	6.41	   436.59	84102	  0.24	林业	福建	0.00	6.42	66	
000600	建投能源	0.00	9.36	0.00	9.35	9.36	101	101	0.00	          0.00	9.36	9.36	9.36	9.36	     7.66	94536	  0.27	火力发电	河北	0.00	9.36	51	
000636	风华高科	0.56	10.78	0.06	10.74	10.78	591	591	0.00	          0.01	10.78	10.78	10.78	10.72	    65.37	637098	  0.95	元器件	广东	0.00	10.78	296	
000639	西王食品	0.00	23.73	0.00	23.73	23.77	81	81	0.00	          0.00	23.73	23.73	23.73	23.73	    69.53	192213	  0.84	食品	山东	0.00	23.73	41	
000670	*ST盈方	3.63	8.00	0.28	7.99	8.00	19694	19694	0.00	          0.33	8.00	8.00	8.00	7.72	   293.42	15755200	 22.95	元器件	湖北	0.00	8.00	9847	
000671	阳 光 城	0.17	5.80	0.01	5.79	5.80	561	561	0.00	          0.00	5.80	5.80	5.80	5.79	    48.48	325380	  0.79	区域地产	福建	0.00	5.80	281	
000678	襄阳轴承	-0.24	12.48	-0.03	12.48	12.55	50	50	0.00	          0.00	12.48	12.48	12.48	12.51	  2557.04	62712	  0.20	机械基件	湖北	0.00	12.48	25	
000681	视觉中国	-0.45	20.10	-0.09	20.08	20.10	64	64	0.00	          0.00	20.10	20.10	20.10	20.19	    85.80	128640	  0.22	互联网	江苏	0.00	20.10	32	
000690	宝新能源	0.00	9.26	0.00	9.25	9.26	780	780	0.00	          0.00	9.26	9.26	9.26	9.26	    27.17	722280	  1.61	火力发电	广东	0.00	9.26	390	
000703	恒逸石化	-0.13	14.84	-0.02	14.84	14.85	7	7	0.00	          0.00	14.84	14.84	14.84	14.86	    35.86	10388	  0.02	化纤	广西	0.00	14.84	4	
000718	苏宁环球	0.14	7.28	0.01	7.27	7.28	782	782	0.00	          0.00	7.28	7.28	7.28	7.27	    20.57	569296	  1.42	区域地产	吉林	0.00	7.28	391	
000728	国元证券	0.10	20.13	0.02	20.12	20.13	385	385	0.00	          0.00	20.13	20.13	20.13	20.11	    31.10	775005	  0.50	证券	安徽	0.00	20.13	193	
000732	泰禾集团	-0.05	18.55	-0.01	18.51	18.55	45	45	0.00	          0.00	18.55	18.55	18.55	18.56	    14.27	83475	  0.16	区域地产	福建	0.00	18.55	23	
000828	东莞控股	0.00	13.49	0.00	13.49	13.50	223	223	0.00	          0.00	13.49	13.49	13.49	13.49	    16.79	300827	  0.55	路桥	广东	0.00	13.49	112	
000893	东凌国际	0.00	14.44	0.00	14.41	14.44	776	776	0.00	          0.02	14.44	14.44	14.44	14.44	   447.74	1120544	  3.13	食品	广东	0.00	14.44	388	
000903	云内动力	--  	8.76	--  	--  	--  	0	0	--  	          0.00	--  	--  	--  	8.76	    38.01	0	  0.00	机械基件	云南	0.00	8.76	0	
000908	景峰医药	-0.19	10.35	-0.02	10.33	10.35	4	4	0.00	          0.00	10.35	10.35	10.35	10.37	    40.85	4140	  0.04	化学制药	湖南	0.00	10.35	2	
000918	嘉凯城	0.37	8.04	0.03	8.04	8.05	773	773	0.00	          0.00	8.04	8.04	8.04	8.01	--  	621492	  0.94	全国地产	浙江	0.00	8.04	387	
000925	众合科技	--  	24.15	--  	24.10	24.15	0	0	--  	          0.00	--  	--  	--  	24.15	--  	0	  0.00	专用机械	浙江	0.00	24.15	0	
000926	福星股份	0.16	12.65	0.02	12.63	12.65	692	692	0.00	          0.01	12.65	12.65	12.65	12.63	    13.47	875380	  1.44	区域地产	湖北	0.00	12.65	346	
000955	欣龙控股	-0.27	7.27	-0.02	7.27	7.30	214	214	0.00	          0.00	7.27	7.27	7.27	7.29	--  	155578	  1.04	纺织	海南	0.00	7.27	107	
000961	中南建设	-0.20	9.80	-0.02	9.78	9.80	2135	2135	0.00	          0.01	9.80	9.80	9.80	9.82	    55.86	2092300	  0.81	建筑施工	江苏	0.00	9.80	1068	
001696	宗申动力	0.22	9.05	0.02	9.04	9.05	51	51	0.00	          0.00	9.05	9.05	9.05	9.03	    31.78	46155	  0.15	摩托车	重庆	0.00	9.05	26	
002001	新 和 成	-0.05	19.94	-0.01	19.90	19.94	40	40	0.00	          0.00	19.94	19.94	19.94	19.95	    19.26	79760	  0.13	化学制药	浙江	0.00	19.94	20	
002009	天奇股份	-0.13	14.85	-0.02	14.82	14.85	80	80	0.00	          0.00	14.85	14.85	14.85	14.87	    62.85	118800	  0.49	工程机械	江苏	0.00	14.85	40	
002024	苏宁云商	0.00	11.03	0.00	11.03	11.04	253	253	0.00	          0.00	11.03	11.03	11.03	11.03	--  	279059	  0.24	电器连锁	江苏	0.00	11.03	127	
002031	巨轮智能	-0.29	3.40	-0.01	3.40	3.41	750	750	0.00	          0.00	3.40	3.40	3.40	3.41	   209.60	255000	  0.52	汽车配件	广东	0.00	3.40	375	
002042	华孚色纺	0.46	12.98	0.06	12.92	12.98	1066	1066	0.00	          0.01	12.98	12.98	12.98	12.92	    20.22	1383668	  0.56	纺织	安徽	0.00	12.98	533	
002044	美年健康	--  	12.85	--  	12.80	12.84	0	0	--  	          0.00	--  	--  	--  	12.85	   244.68	0	  0.00	医疗保健	江苏	0.00	12.85	0	
002045	国光电器	-0.29	13.80	-0.04	13.80	13.87	284	284	0.00	          0.01	13.80	13.80	13.80	13.84	   132.63	391920	  0.46	元器件	广东	0.00	13.80	142	
002047	宝鹰股份	0.00	9.20	0.00	9.18	9.20	66	66	0.00	          0.00	9.20	9.20	9.20	9.20	    34.06	60720	  0.25	装修装饰	深圳	0.00	9.20	33	
002050	三花智控	--  	10.81	--  	--  	--  	0	0	--  	          0.00	--  	--  	--  	10.81	    21.75	0	  0.00	机械基件	浙江	0.00	10.81	0	
002054	德美化工	-0.77	11.60	-0.09	11.59	11.60	691	691	0.00	          0.02	11.60	11.60	11.60	11.69	    27.86	801560	  1.81	化工原料	广东	0.00	11.60	346	
002056	横店东磁	0.00	14.71	0.00	14.71	14.72	448	448	0.00	          0.01	14.71	14.71	14.71	14.71	    29.29	659008	  1.03	元器件	浙江	0.00	14.71	224	
002081	金 螳 螂	0.09	11.38	0.01	11.38	11.39	1662	1662	0.00	          0.01	11.38	11.38	11.38	11.37	    16.54	1891652	  1.87	装修装饰	江苏	0.00	11.38	831	
002083	孚日股份	0.00	7.17	0.00	7.16	7.17	22	22	0.00	          0.00	7.17	7.17	7.17	7.17	    20.20	15774	  0.10	纺织	山东	0.00	7.17	11	
002086	东方海洋	-0.19	10.60	-0.02	10.55	10.60	46	46	0.00	          0.00	10.60	10.60	10.60	10.62	    95.14	48760	  0.23	渔业	山东	0.00	10.60	23	
002094	青岛金王	0.00	27.87	0.00	27.87	27.90	6	6	0.00	          0.00	27.87	27.87	27.87	27.87	    68.70	16722	  0.06	日用化工	山东	0.00	27.87	3	
002101	广东鸿图	0.09	23.35	0.02	23.35	23.54	16	16	0.00	          0.00	23.35	23.35	23.35	23.33	    36.75	37360	  0.17	机械基件	广东	0.00	23.35	8	
002117	东港股份	0.37	30.21	0.11	30.21	30.38	16	16	0.00	          0.00	30.21	30.21	30.21	30.10	    55.32	48336	  0.11	广告包装	山东	0.00	30.21	8	
002118	紫鑫药业	0.14	7.32	0.01	7.32	7.33	491	491	0.00	          0.00	7.32	7.32	7.32	7.31	    93.46	359412	  1.60	中成药	吉林	0.00	7.32	246	
002122	天马股份	-0.09	11.15	-0.01	11.12	11.15	183	183	0.00	          0.00	11.15	11.15	11.15	11.16	   348.75	204045	  0.54	机械基件	浙江	0.00	11.15	92	
002127	南极电商	-0.54	11.00	-0.06	10.98	11.00	226	226	0.00	          0.00	11.00	11.00	11.00	11.06	    84.97	248600	  0.95	互联网	江苏	0.00	11.00	113	
002131	利欧股份	0.00	14.81	0.00	14.80	14.81	518	518	0.00	          0.01	14.81	14.81	14.81	14.81	    40.97	767158	  0.69	互联网	浙江	0.00	14.81	259	
002143	印纪传媒	--  	38.20	--  	--  	--  	0	0	--  	          0.00	--  	--  	--  	38.20	    80.02	0	  0.00	影视音像	四川	0.00	38.20	0	
002145	中核钛白	-0.61	6.51	-0.04	6.51	6.53	1654	1654	0.00	          0.02	6.51	6.51	6.51	6.55	   167.57	1076754	  0.92	化工原料	甘肃	0.00	6.51	827	
002152	广电运通	-0.08	12.88	-0.01	12.86	12.88	125	125	0.00	          0.00	12.88	12.88	12.88	12.89	    30.85	161000	  0.42	电脑设备	广东	0.00	12.88	63	
002166	莱茵生物	0.78	12.97	0.10	12.97	12.98	728	728	0.00	          0.02	12.97	12.97	12.97	12.87	    99.50	944216	  1.01	中成药	广西	0.00	12.97	364	
002170	芭田股份	-0.32	9.28	-0.03	9.27	9.28	67	67	0.00	          0.00	9.28	9.28	9.28	9.31	    46.96	62176	  0.38	农药化肥	深圳	0.00	9.28	34	
002177	御银股份	0.26	7.62	0.02	7.62	7.63	349	349	0.00	          0.01	7.62	7.62	7.62	7.60	   129.72	265938	  1.07	电脑设备	广东	0.00	7.62	175	
002183	怡 亚 通	0.27	11.02	0.03	11.01	11.02	360	360	0.00	          0.00	11.02	11.02	11.02	10.99	    38.44	396720	  0.52	仓储物流	深圳	0.00	11.02	180	
002194	武汉凡谷	-0.15	12.97	-0.02	12.96	12.97	63	63	0.00	          0.00	12.97	12.97	12.97	12.99	--  	81711	  0.20	通信设备	湖北	0.00	12.97	32	
002201	九鼎新材	0.35	17.05	0.06	17.03	17.05	68	68	0.00	          0.00	17.05	17.05	17.05	16.99	   435.01	115940	  0.57	玻璃	江苏	0.00	17.05	34	
002210	飞马国际	0.49	20.70	0.10	20.60	20.70	25	25	0.00	          0.00	20.70	20.70	20.70	20.60	   106.53	51750	  0.35	仓储物流	深圳	0.00	20.70	13	
002214	大立科技	0.25	12.25	0.03	12.23	12.25	148	148	0.00	          0.00	12.25	12.25	12.25	12.22	   146.14	181300	  0.27	电器仪表	浙江	0.00	12.25	74	
002215	诺 普 信	0.00	11.04	0.00	11.02	11.04	86	86	0.00	          0.00	11.04	11.04	11.04	11.04	--  	94944	  0.25	农药化肥	深圳	0.00	11.04	43	
002217	合力泰	-0.36	19.38	-0.07	19.35	19.38	567	567	0.00	          0.01	19.38	19.38	19.38	19.45	    39.32	1098846	  1.09	元器件	山东	0.00	19.38	284	
002220	天宝股份	0.00	11.97	0.00	11.97	11.99	102	102	0.00	          0.00	11.97	11.97	11.97	11.97	    32.77	122094	  0.75	食品	辽宁	0.00	11.97	51	
002228	合兴包装	-0.19	5.34	-0.01	5.33	5.34	134	134	0.00	          0.00	5.34	5.34	5.34	5.35	    59.67	71556	  0.32	广告包装	福建	0.00	5.34	67	
002229	鸿博股份	-0.18	22.40	-0.04	22.40	22.44	142	142	0.00	          0.01	22.40	22.40	22.40	22.44	--  	318080	  0.81	广告包装	福建	0.00	22.40	71	
002231	奥维通信	-0.36	13.75	-0.05	13.75	13.78	29	29	0.00	          0.00	13.75	13.75	13.75	13.80	--  	39875	  0.20	通信设备	辽宁	0.00	13.75	15	
002233	塔牌集团	0.18	10.90	0.02	10.90	10.91	179	179	0.00	          0.00	10.90	10.90	10.90	10.88	    21.47	195110	  0.33	水泥	广东	0.00	10.90	90	
002241	歌尔股份	0.67	32.84	0.22	32.80	32.84	1016	1016	0.00	          0.01	32.84	32.84	32.84	32.62	    36.29	3336544	  2.41	元器件	山东	0.00	32.84	508	
002250	联化科技	-0.58	15.56	-0.09	15.56	15.58	103	103	0.00	          0.00	15.56	15.56	15.56	15.65	    44.12	160268	  0.55	化工原料	浙江	0.00	15.56	52	
002256	兆新股份	0.00	6.37	0.00	6.36	6.37	149	149	0.00	          0.00	6.37	6.37	6.37	6.37	    99.00	94913	  0.22	染料涂料	深圳	0.00	6.37	75	
002259	升达林业	0.22	9.13	0.02	9.12	9.13	89	89	0.00	          0.00	9.13	9.13	9.13	9.11	   538.48	81257	  0.14	家居用品	四川	0.00	9.13	45	
002260	德奥通航	--  	23.10	--  	--  	--  	0	0	--  	          0.00	--  	--  	--  	23.10	  1453.66	0	  0.00	航空	广东	0.00	23.10	0	
002277	友阿股份	-0.12	16.28	-0.02	16.28	16.29	340	340	0.00	          0.01	16.28	16.28	16.28	16.30	    38.54	553520	  0.42	百货	湖南	0.00	16.28	170	
002296	辉煌科技	0.00	14.83	0.00	14.80	14.83	22	22	0.00	          0.00	14.83	14.83	14.83	14.83	    73.66	32626	  0.18	通信设备	河南	0.00	14.83	11	
002301	齐心集团	-0.14	22.00	-0.03	21.81	22.00	51	51	0.00	          0.00	22.00	22.00	22.00	22.03	   105.77	112200	  0.62	文教休闲	深圳	0.00	22.00	26	
002308	威创股份	0.59	15.30	0.09	15.24	15.30	112	112	0.00	          0.00	15.30	15.30	15.30	15.21	    81.67	171360	  0.35	电脑设备	广东	0.00	15.30	56	
002311	海大集团	0.25	16.03	0.04	15.99	16.03	26	26	0.00	          0.00	16.03	16.03	16.03	15.99	    21.06	41678	  0.18	饲料	广东	0.00	16.03	13	
002318	久立特材	0.00	10.07	0.00	10.06	10.07	79	79	0.00	          0.00	10.07	10.07	10.07	10.07	    59.38	79553	  0.22	特种钢	浙江	0.00	10.07	40	
002327	富安娜	0.00	9.55	0.00	9.50	9.55	158	158	0.00	          0.00	9.55	9.55	9.55	9.55	    25.57	150890	  0.54	纺织	深圳	0.00	9.55	79	
002331	皖通科技	0.06	17.46	0.01	17.45	17.46	457	457	0.00	          0.02	17.46	17.46	17.46	17.45	    79.57	797922	  0.44	软件服务	安徽	0.00	17.46	229	
002345	潮宏基	-0.70	11.27	-0.08	11.27	11.29	77	77	0.00	          0.00	11.27	11.27	11.27	11.35	    36.70	86779	  0.26	服饰	广东	0.00	11.27	39	
002347	泰尔股份	0.21	9.50	0.02	9.49	9.50	288	288	0.00	          0.01	9.50	9.50	9.50	9.48	   239.63	273600	  0.83	机械基件	安徽	0.00	9.50	144	
002356	赫美集团	--  	26.10	--  	26.10	26.20	0	0	--  	          0.00	--  	--  	--  	26.10	    46.59	0	  0.00	服饰	深圳	0.00	26.10	0	
002362	汉王科技	-0.60	23.30	-0.14	23.28	23.30	230	230	0.00	          0.01	23.30	23.30	23.30	23.44	   237.27	535900	  0.54	电脑设备	北京	0.00	23.30	115	
002367	康力电梯	-0.15	13.54	-0.02	13.51	13.54	93	93	0.00	          0.00	13.54	13.54	13.54	13.56	    22.02	125922	  0.51	运输设备	江苏	0.00	13.54	47	
002375	亚厦股份	-0.27	11.12	-0.03	11.12	11.15	168	168	0.00	          0.00	11.12	11.12	11.12	11.15	    41.80	186816	  0.59	装修装饰	浙江	0.00	11.12	84	
002385	大北农	0.00	6.55	0.00	6.54	6.55	178	178	0.00	          0.00	6.55	6.55	6.55	6.55	    33.85	116590	  0.33	饲料	北京	0.00	6.55	89	
002389	南洋科技	-1.09	22.68	-0.25	22.68	22.69	1258	1258	0.00	          0.02	22.68	22.68	22.68	22.93	   122.56	2853144	  1.26	元器件	浙江	0.00	22.68	629	
002399	海普瑞	0.40	22.59	0.09	22.56	22.59	47	47	0.00	          0.00	22.59	22.59	22.59	22.50	    69.55	106173	  0.19	化学制药	深圳	0.00	22.59	24	
002402	和而泰	0.36	11.10	0.04	11.09	11.10	5420	5420	0.00	          0.09	11.10	11.10	11.10	11.06	    72.25	6016200	  7.02	元器件	深圳	0.00	11.10	2710	
002403	爱仕达	0.21	14.64	0.03	14.61	14.64	24	24	0.00	          0.00	14.64	14.64	14.64	14.61	    38.62	35136	  0.29	家用电器	浙江	0.00	14.64	12	
002410	广联达	-0.06	15.67	-0.01	15.66	15.67	198	198	0.00	          0.00	15.67	15.67	15.67	15.68	    57.51	310266	  0.67	软件服务	北京	0.00	15.67	99	
002421	达实智能	0.00	6.43	0.00	6.43	6.44	27	27	0.00	          0.00	6.43	6.43	6.43	6.43	    54.95	17361	  0.03	软件服务	深圳	0.00	6.43	14	
002445	中南文化	--  	16.12	--  	16.01	16.14	0	0	--  	          0.00	--  	--  	--  	16.12	    73.94	0	  0.00	影视音像	江苏	0.00	16.12	0	
002449	国星光电	0.21	14.39	0.03	14.39	14.40	103	103	0.00	          0.00	14.39	14.39	14.39	14.36	    39.23	148217	  0.43	半导体	广东	0.00	14.39	52	
002450	康得新	-0.31	19.33	-0.06	19.33	19.34	541	541	0.00	          0.00	19.33	19.33	19.33	19.39	    36.12	1045753	  0.36	化工原料	江苏	0.00	19.33	271	
002451	摩恩电气	0.00	17.88	0.00	17.88	17.90	16	16	0.00	          0.00	17.88	17.88	17.88	17.88	   912.21	28608	  0.09	电气设备	上海	0.00	17.88	8	
002458	益生股份	1.07	32.22	0.34	32.20	32.22	583	583	0.00	          0.04	32.22	32.22	32.22	31.88	    15.96	1878426	  1.91	农业综合	山东	0.00	32.22	292	
002464	金利科技	--  	69.00	--  	--  	--  	0	0	--  	          0.00	--  	--  	--  	69.00	    95.85	0	  0.00	互联网	江苏	0.00	69.00	0	
002465	海格通信	0.25	12.03	0.03	12.01	12.03	261	261	0.00	          0.00	12.03	12.03	12.03	12.00	    77.16	313983	  0.24	通信设备	广东	0.00	12.03	131	
002477	雏鹰农牧	0.21	4.86	0.01	4.85	4.86	1989	1989	0.00	          0.01	4.86	4.86	4.86	4.85	    16.17	966654	  3.62	农业综合	河南	0.00	4.86	995	
002481	双塔食品	-0.46	8.70	-0.04	8.69	8.70	449	449	0.00	          0.00	8.70	8.70	8.70	8.74	    81.02	390630	  1.06	食品	山东	0.00	8.70	225	
002489	浙江永强	0.00	7.41	0.00	7.39	7.41	421	421	0.00	          0.00	7.41	7.41	7.41	7.41	    73.71	311961	  1.07	家居用品	浙江	0.00	7.41	211	
002492	恒基达鑫	--  	12.66	--  	--  	--  	0	0	--  	          0.00	--  	--  	--  	12.66	   102.39	0	  0.00	仓储物流	广东	0.00	12.66	0	
002496	辉丰股份	-0.20	4.96	-0.01	4.95	4.96	412	412	0.00	          0.00	4.96	4.96	4.96	4.97	    39.97	204352	  0.30	农药化肥	江苏	0.00	4.96	206	
002497	雅化集团	3.96	7.88	0.30	7.86	7.88	47931	47931	0.00	          0.62	7.88	7.88	7.88	7.58	    58.19	37769628	 61.37	化工原料	四川	0.00	7.88	23966	
002498	汉缆股份	0.00	4.19	0.00	4.19	4.20	105	105	0.00	          0.00	4.19	4.19	4.19	4.19	    32.72	43995	  0.38	电气设备	山东	0.00	4.19	53	
002501	利源精制	0.00	12.30	0.00	12.29	12.30	138	138	0.00	          0.00	12.30	12.30	12.30	12.30	    26.93	169740	  0.23	铝	吉林	0.00	12.30	69	
002502	骅威文化	0.00	11.67	0.00	11.63	11.67	22	22	0.00	          0.00	11.67	11.67	11.67	11.67	    47.90	25674	  0.12	影视音像	广东	0.00	11.67	11	
002504	弘高创意	-0.12	8.01	-0.01	8.00	8.01	147	147	0.00	          0.00	8.01	8.01	8.01	8.02	    27.43	117747	  0.54	装修装饰	北京	0.00	8.01	74	
002527	新时达	-0.29	13.71	-0.04	13.71	13.75	200	200	0.00	          0.01	13.71	13.71	13.71	13.75	    40.23	274584	  0.54	电器仪表	上海	0.00	13.71	100	
002539	云图控股	-0.19	10.73	-0.02	10.73	10.74	56	56	0.00	          0.00	10.73	10.73	10.73	10.75	    50.13	60088	  0.27	农药化肥	四川	0.00	10.73	28	
002542	中化岩土	0.25	8.09	0.02	8.07	8.09	55	55	0.00	          0.00	8.09	8.09	8.09	8.07	    74.71	44495	  0.17	建筑施工	北京	0.00	8.09	28	
002547	春兴精工	--  	10.94	--  	--  	--  	0	0	--  	          0.00	--  	--  	--  	10.94	    75.50	0	  0.00	通信设备	江苏	0.00	10.94	0	
002553	南方轴承	-0.14	13.91	-0.02	13.91	13.92	69	69	0.00	          0.00	13.91	13.91	13.91	13.93	    66.97	95979	  0.22	汽车配件	江苏	0.00	13.91	35	
002555	三七互娱	1.14	21.26	0.24	21.15	21.26	428	428	0.00	          0.01	21.26	21.26	21.26	21.02	    44.19	909928	  0.85	互联网	安徽	0.00	21.26	214	
002557	洽洽食品	-0.13	15.92	-0.02	15.92	15.93	6	6	0.00	          0.00	15.92	15.92	15.92	15.94	    22.25	9552	  0.04	食品	安徽	0.00	15.92	3	
002567	唐人神	--  	12.79	--  	12.75	12.79	0	0	--  	          0.00	--  	--  	--  	12.79	    35.08	0	  0.00	饲料	湖南	0.00	12.79	0	
002570	贝因美	-0.15	13.72	-0.02	13.71	13.72	17	17	0.00	          0.00	13.72	13.72	13.72	13.74	--  	23324	  0.04	乳制品	浙江	0.00	13.72	9	
002572	索菲亚	0.02	64.40	0.01	64.40	64.50	2	2	0.00	          0.00	64.40	64.40	64.40	64.39	    54.63	12880	  0.03	家居用品	广东	0.00	64.40	1	
002573	清新环境	-0.25	20.27	-0.05	20.25	20.27	146	146	0.00	          0.00	20.27	20.27	20.27	20.32	    32.53	295942	  0.26	环境保护	北京	0.00	20.27	73	
002578	闽发铝业	--  	11.89	--  	--  	--  	0	0	--  	          0.00	--  	--  	--  	11.89	   332.39	0	  0.00	铝	福建	0.00	11.89	0	
002579	中京电子	-0.33	14.90	-0.05	14.90	14.92	327	326	0.00	          0.01	14.90	14.90	14.90	14.95	    43.88	486992	  0.39	元器件	广东	0.00	14.90	163	
002583	海能达	0.99	14.24	0.14	14.24	14.25	309	309	0.00	          0.00	14.24	14.24	14.24	14.10	   177.97	440016	  1.02	通信设备	深圳	0.00	14.24	155	
002588	史丹利	-0.19	10.66	-0.02	10.65	10.66	22	22	0.00	          0.00	10.66	10.66	10.66	10.68	    20.14	23452	  0.10	农药化肥	山东	0.00	10.66	11	
002589	瑞康医药	--  	36.07	--  	35.92	36.06	0	0	--  	          0.00	--  	--  	--  	36.07	    47.53	0	  0.00	医药商业	山东	0.00	36.07	0	
002592	八菱科技	0.45	31.11	0.14	31.08	31.11	41	41	0.00	          0.00	31.11	31.11	31.11	30.97	    72.86	127551	  1.46	汽车配件	广西	0.00	31.11	21	
002594	比亚迪	0.08	49.88	0.04	49.86	49.88	94	94	0.00	          0.00	49.88	49.88	49.88	49.84	    27.85	468872	  0.43	汽车整车	深圳	0.00	49.88	47	
002612	朗姿股份	0.23	17.54	0.04	17.50	17.54	128	128	0.00	          0.01	17.54	17.54	17.54	17.50	    63.83	224512	  0.89	服饰	北京	0.00	17.54	64	
002637	赞宇科技	0.28	14.25	0.04	14.22	14.25	10	10	0.00	          0.00	14.25	14.25	14.25	14.21	    58.97	14250	  0.06	日用化工	浙江	0.00	14.25	5	
002639	雪人股份	-0.34	11.88	-0.04	11.88	11.90	98	98	0.00	          0.00	11.88	11.88	11.88	11.92	   399.38	116424	  0.15	专用机械	福建	0.00	11.88	49	
002648	卫星石化	0.16	12.50	0.02	12.48	12.50	37	37	0.00	          0.00	12.50	12.50	12.50	12.48	    75.79	46250	  0.14	化工原料	浙江	0.00	12.50	19	
002650	加加食品	0.00	7.19	0.00	7.19	7.20	653	653	0.00	          0.01	7.19	7.19	7.19	7.19	    48.60	469507	  1.07	食品	湖南	0.00	7.19	327	
002657	中科金财	0.13	38.73	0.05	38.71	38.73	133	133	0.00	          0.01	38.73	38.73	38.73	38.68	    81.10	515109	  0.94	软件服务	北京	0.00	38.73	67	
002661	克明面业	0.19	15.83	0.03	15.80	15.83	126	126	0.00	          0.00	15.83	15.83	15.83	15.80	    42.08	199458	  1.58	食品	湖南	0.00	15.83	63	
002664	信质电机	--  	25.39	--  	--  	--  	0	0	--  	          0.00	--  	--  	--  	25.39	    42.88	0	  0.00	汽车配件	浙江	0.00	25.39	0	
002665	首航节能	0.00	8.58	0.00	8.52	8.58	167	167	0.00	          0.00	8.58	8.58	8.58	8.58	   119.82	143286	  0.87	电气设备	北京	0.00	8.58	84	
002690	美亚光电	0.15	19.42	0.03	19.42	19.43	21	21	0.00	          0.00	19.42	19.42	19.42	19.39	    45.23	40782	  0.16	专用机械	安徽	0.00	19.42	11	
002696	百洋股份	--  	24.36	--  	--  	--  	0	0	--  	          0.00	--  	--  	--  	24.36	   103.62	0	  0.00	渔业	广西	0.00	24.36	0	
002707	众信旅游	0.07	14.79	0.01	14.77	14.79	73	73	0.00	          0.00	14.79	14.79	14.79	14.78	    44.45	107967	  0.17	旅游服务	北京	0.00	14.79	37	
002711	欧浦智网	-0.47	17.10	-0.08	17.10	17.11	7	7	0.00	          0.00	17.10	17.10	17.10	17.18	    53.00	11970	  0.02	仓储物流	广东	0.00	17.10	4	
002714	牧原股份	-0.19	26.55	-0.05	26.50	26.56	51	51	0.00	          0.00	26.55	26.55	26.55	26.60	    11.68	135405	  0.16	农业综合	河南	0.00	26.55	26	
002724	海洋王	--  	25.84	--  	--  	--  	0	0	--  	          0.00	--  	--  	--  	25.84	   388.13	0	  0.00	半导体	深圳	0.00	25.84	0	
002756	永兴特钢	--  	29.17	--  	29.17	29.22	0	0	--  	          0.00	--  	--  	--  	29.17	    41.41	0	  0.00	特种钢	浙江	0.00	29.17	0	
002766	索菱股份	3.12	38.98	1.18	38.83	38.98	1610	1610	0.00	          0.18	38.98	38.98	38.98	37.80	    88.16	6275780	 10.73	汽车配件	深圳	0.00	38.98	805	
002768	国恩股份	0.04	25.91	0.01	25.91	26.00	112	111	0.00	          0.01	25.91	25.91	25.91	25.90	    47.50	288897	  0.75	塑料	山东	0.00	25.91	56	
300001	特锐德	0.00	17.81	0.00	17.81	17.83	81	81	0.00	          0.00	17.81	17.81	17.81	17.81	   105.28	144261	  0.26	电气设备	山东	0.00	17.81	41	
300004	南风股份	-0.27	14.82	-0.04	14.82	14.87	33	33	0.00	          0.00	14.82	14.82	14.82	14.86	   259.04	48906	  0.28	电气设备	广东	0.00	14.82	17	
300005	探路者	-0.14	14.58	-0.02	14.58	14.59	23	23	0.00	          0.00	14.58	14.58	14.58	14.60	    64.75	33534	  0.09	服饰	北京	0.00	14.58	12	
300007	汉威电子	-0.35	19.90	-0.07	19.89	19.90	207	207	0.00	          0.01	19.90	19.90	19.90	19.97	    73.31	411930	  1.14	电器仪表	河南	0.00	19.90	104	
300009	安科生物	-0.37	21.78	-0.08	21.76	21.78	137	137	0.00	          0.00	21.78	21.78	21.78	21.86	    63.27	298386	  0.69	生物制药	安徽	0.00	21.78	69	
300014	亿纬锂能	-0.19	37.13	-0.07	37.12	37.13	627	627	0.00	          0.02	37.13	37.13	37.13	37.20	    62.98	2328051	  0.65	元器件	广东	0.00	37.13	314	
300017	网宿科技	-6.90	49.90	-3.70	49.89	49.90	34506	34506	0.00	          0.68	49.90	49.90	49.90	53.60	    32.41	172184944	 57.61	电信运营	上海	0.00	49.90	17253	
300020	银江股份	0.38	15.74	0.06	15.71	15.74	188	188	0.00	          0.00	15.74	15.74	15.74	15.68	    32.68	295912	  0.48	软件服务	浙江	0.00	15.74	94	
300032	金龙机电	-0.40	14.99	-0.06	14.95	14.99	41	41	0.00	          0.00	14.99	14.99	14.99	15.05	    64.63	61459	  0.25	元器件	浙江	0.00	14.99	21	
300048	合康新能	0.36	8.38	0.03	8.36	8.38	96	96	0.00	          0.00	8.38	8.38	8.38	8.35	    34.31	80448	  0.27	电气设备	北京	0.00	8.38	48	
300053	欧比特	-0.22	13.69	-0.03	13.69	13.70	432	432	0.00	          0.01	13.69	13.69	13.69	13.72	   175.90	591408	  1.17	半导体	广东	0.00	13.69	216	
300054	鼎龙股份	-0.39	23.00	-0.09	23.00	23.10	10	10	0.00	          0.00	23.00	23.00	23.00	23.09	    53.05	23000	  0.07	化工原料	湖北	0.00	23.00	5	
300065	海兰信	--  	38.52	--  	--  	--  	0	0	--  	          0.00	--  	--  	--  	38.52	   138.73	0	  0.00	软件服务	北京	0.00	38.52	0	
300066	三川智慧	0.77	6.56	0.05	6.56	6.57	2297	2297	0.00	          0.02	6.56	6.56	6.56	6.51	    45.04	1506832	  6.58	电器仪表	江西	0.00	6.56	1149	
300084	海默科技	0.08	12.32	0.01	12.31	12.32	78	78	0.00	          0.00	12.32	12.32	12.32	12.31	  1697.82	96096	  0.47	石油开采	甘肃	0.00	12.32	39	
300088	长信科技	--  	15.80	--  	--  	--  	0	0	--  	          0.00	--  	--  	--  	15.80	    59.16	0	  0.00	元器件	安徽	0.00	15.80	0	
300094	国联水产	--  	9.42	--  	9.40	9.42	0	0	--  	          0.00	--  	--  	--  	9.42	    87.44	0	  0.00	渔业	广东	0.00	9.42	0	
300098	高新兴	0.00	13.41	0.00	13.41	13.45	170	170	0.00	          0.00	13.41	13.41	13.41	13.41	    53.90	227970	  0.32	通信设备	广东	0.00	13.41	85	
300102	乾照光电	0.24	8.23	0.02	8.21	8.23	331	331	0.00	          0.01	8.23	8.23	8.23	8.21	   119.85	272413	  0.55	半导体	福建	0.00	8.23	166	
300104	乐视网	0.03	31.72	0.01	31.71	31.72	985	985	0.00	          0.01	31.72	31.72	31.72	31.71	    95.63	3124420	  1.02	互联网	北京	0.00	31.72	493	
300115	长盈精密	-0.21	29.15	-0.06	29.00	29.15	65	65	0.00	          0.00	29.15	29.15	29.15	29.21	    40.34	189475	  0.29	元器件	深圳	0.00	29.15	33	
300117	嘉寓股份	-0.32	6.27	-0.02	6.27	6.28	88	88	0.00	          0.00	6.27	6.27	6.27	6.29	    68.27	55176	  0.59	装修装饰	北京	0.00	6.27	44	
300121	阳谷华泰	0.30	16.99	0.05	16.98	16.99	96	96	0.00	          0.00	16.99	16.99	16.99	16.94	    31.34	163104	  0.68	化工原料	山东	0.00	16.99	48	
300122	智飞生物	0.00	17.79	0.00	17.65	17.79	60	60	0.00	          0.00	17.79	17.79	17.79	17.79	  3157.43	106740	  0.45	生物制药	重庆	0.00	17.79	30	
300129	泰胜风能	-0.11	8.98	-0.01	8.97	8.98	51	51	0.00	          0.00	8.98	8.98	8.98	8.99	    30.98	45798	  0.15	电气设备	上海	0.00	8.98	26	
300131	英唐智控	-0.70	9.86	-0.07	9.85	9.86	887	887	0.00	          0.01	9.86	9.86	9.86	9.93	    52.35	874582	  0.93	元器件	深圳	0.00	9.86	444	
300133	华策影视	-0.17	11.74	-0.02	11.74	11.79	46	46	0.00	          0.00	11.74	11.74	11.74	11.76	    54.89	54004	  0.10	影视音像	浙江	0.00	11.74	23	
300134	大富科技	--  	23.36	--  	--  	--  	0	0	--  	          0.00	--  	--  	--  	23.36	   281.18	0	  0.00	通信设备	深圳	0.00	23.36	0	
300142	沃森生物	-0.08	12.37	-0.01	12.35	12.37	212	212	0.00	          0.00	12.37	12.37	12.37	12.38	--  	262244	  0.32	生物制药	云南	0.00	12.37	106	
300145	中金环境	-0.18	27.25	-0.05	27.08	27.25	9	9	0.00	          0.00	27.25	27.25	27.25	27.30	    46.35	24525	  0.05	专用机械	浙江	0.00	27.25	5	
300150	世纪瑞尔	--  	9.97	--  	--  	--  	0	0	--  	          0.00	--  	--  	--  	9.97	--  	0	  0.00	软件服务	北京	0.00	9.97	0	
300159	新研股份	0.54	14.88	0.08	14.80	14.88	392	392	0.00	          0.01	14.88	14.88	14.88	14.80	   155.13	583296	  1.04	农用机械	新疆	0.00	14.88	196	
300160	秀强股份	-0.95	12.53	-0.12	12.53	12.57	2050	2050	0.00	          0.03	12.53	12.53	12.53	12.65	    64.87	2568700	  2.14	玻璃	江苏	0.00	12.53	1025	
300164	通源石油	-0.32	9.45	-0.03	9.44	9.45	53	53	0.00	          0.00	9.45	9.45	9.45	9.48	   357.12	50085	  0.19	石油开采	陕西	0.00	9.45	27	
300165	天瑞仪器	0.20	9.98	0.02	9.97	9.98	1138	1138	0.00	          0.04	9.98	9.98	9.98	9.96	    65.61	1135724	  3.53	电器仪表	江苏	0.00	9.98	569	
300168	万达信息	0.00	18.20	0.00	18.20	18.23	305	305	0.00	          0.00	18.20	18.20	18.20	18.20	   160.80	555100	  0.61	软件服务	上海	0.00	18.20	153	
300170	汉得信息	0.08	12.13	0.01	12.12	12.13	444	444	0.00	          0.01	12.13	12.13	12.13	12.12	    47.33	538572	  0.77	软件服务	上海	0.00	12.13	222	
300177	中海达	0.65	13.84	0.09	13.83	13.84	136	136	0.00	          0.00	13.84	13.84	13.84	13.75	   215.78	188224	  0.58	通信设备	广东	0.00	13.84	68	
300179	四方达	0.00	7.69	0.00	7.69	7.73	147	147	0.00	          0.00	7.69	7.69	7.69	7.69	   193.13	113043	  0.69	矿物制品	河南	0.00	7.69	74	
300197	铁汉生态	0.59	11.93	0.07	11.91	11.93	172	172	0.00	          0.00	11.93	11.93	11.93	11.86	    47.14	205196	  0.41	环境保护	深圳	0.00	11.93	86	
300199	翰宇药业	0.06	17.73	0.01	17.73	17.75	49	49	0.00	          0.00	17.73	17.73	17.73	17.72	    53.07	86877	  0.22	化学制药	深圳	0.00	17.73	25	
300201	海伦哲	--  	8.70	--  	--  	--  	0	0	--  	          0.00	--  	--  	--  	8.70	   191.70	0	  0.00	专用机械	江苏	0.00	8.70	0	
300209	天泽信息	--  	27.82	--  	--  	--  	0	0	--  	          0.00	--  	--  	--  	27.82	   115.15	0	  0.00	软件服务	江苏	0.00	27.82	0	
300213	佳讯飞鸿	0.21	24.30	0.05	24.28	24.30	95	95	0.00	          0.01	24.30	24.30	24.30	24.25	    71.45	230850	  0.45	通信设备	北京	0.00	24.30	48	
300218	安利股份	-0.44	15.88	-0.07	15.88	15.90	50	50	0.00	          0.00	15.88	15.88	15.88	15.95	    53.63	79400	  0.44	塑料	安徽	0.00	15.88	25	
300220	金运激光	-0.04	28.20	-0.01	28.06	28.20	20	20	0.00	          0.00	28.20	28.20	28.20	28.21	   359.99	56400	  0.42	元器件	湖北	0.00	28.20	10	
300232	洲明科技	3.57	14.79	0.51	14.79	14.80	4299	4299	0.00	          0.12	14.79	14.79	14.79	14.28	    54.24	6358295	 16.86	半导体	深圳	0.00	14.79	2150	
300236	上海新阳	0.00	37.51	0.00	37.51	37.52	159	159	0.00	          0.01	37.51	37.51	37.51	37.51	   128.92	596409	  0.86	染料涂料	上海	0.00	37.51	80	
300239	东宝生物	0.00	8.15	0.00	8.15	8.17	118	118	0.00	          0.00	8.15	8.15	8.15	8.15	   215.98	96170	  0.73	生物制药	内蒙	0.00	8.15	59	
300244	迪安诊断	-0.19	31.80	-0.06	31.80	31.86	28	28	0.00	          0.00	31.80	31.80	31.80	31.86	    69.86	89803	  0.19	医疗保健	浙江	0.00	31.80	14	
300246	宝莱特	-0.03	34.47	-0.01	34.46	34.47	6	6	0.00	          0.00	34.47	34.47	34.47	34.48	    73.87	20682	  0.11	医疗保健	广东	0.00	34.47	3	
300249	依米康	2.40	14.96	0.35	14.96	14.99	841	841	0.00	          0.03	14.96	14.96	14.96	14.61	   226.70	1258136	  5.96	专用机械	四川	0.00	14.96	421	
300269	联建光电	0.00	23.60	0.00	23.55	23.60	72	72	0.00	          0.00	23.60	23.60	23.60	23.60	    41.98	169920	  1.00	半导体	深圳	0.00	23.60	36	
300281	金明精机	-0.26	19.10	-0.05	19.10	19.15	10	10	0.00	          0.00	19.10	19.10	19.10	19.15	   119.15	19100	  0.17	专用机械	广东	0.00	19.10	5	
300284	苏交科	0.00	20.03	0.00	20.03	20.08	7	7	0.00	          0.00	20.03	20.03	20.03	20.03	    34.52	14021	  0.06	建筑施工	江苏	0.00	20.03	4	
300285	国瓷材料	0.10	39.80	0.04	39.55	39.80	8	8	0.00	          0.00	39.80	39.80	39.80	39.76	    96.16	31840	  0.13	陶瓷	山东	0.00	39.80	4	
300286	安科瑞	0.15	26.81	0.04	26.80	26.81	62	62	0.00	          0.01	26.81	26.81	26.81	26.77	    47.73	166222	  1.13	电器仪表	上海	0.00	26.81	31	
300290	荣科科技	0.00	14.03	0.00	14.00	14.03	58	58	0.00	          0.00	14.03	14.03	14.03	14.03	   185.27	81374	  0.55	软件服务	辽宁	0.00	14.03	29	
300292	吴通控股	-0.24	8.19	-0.02	8.18	8.19	139	139	0.00	          0.00	8.19	8.19	8.19	8.21	    44.03	113841	  0.31	通信设备	江苏	0.00	8.19	70	
300294	博雅生物	0.65	62.30	0.40	62.10	62.30	43	43	0.00	          0.00	62.30	62.30	62.30	61.90	    69.53	267890	  0.46	生物制药	江西	0.00	62.30	22	
300295	三六五网	0.00	26.63	0.00	26.61	26.63	75	75	0.00	          0.00	26.63	26.63	26.63	26.63	    42.61	199725	  0.44	互联网	江苏	0.00	26.63	38	
300296	利亚德	0.00	36.21	0.00	36.11	36.21	167	167	0.00	          0.00	36.21	36.21	36.21	36.21	    72.80	604707	  1.11	半导体	北京	0.00	36.21	84	
300297	蓝盾股份	0.08	13.04	0.01	13.04	13.05	168	168	0.00	          0.00	13.04	13.04	13.04	13.03	    80.59	219072	  0.55	软件服务	广东	0.00	13.04	84	
300304	云意电气	-0.87	18.29	-0.16	18.28	18.29	13132	13132	0.00	          0.18	18.29	18.29	18.29	18.45	   143.25	24018428	  2.19	汽车配件	江苏	0.00	18.29	6566	
300307	慈星股份	-0.53	11.24	-0.06	11.24	11.30	196	196	0.00	          0.00	11.24	11.24	11.24	11.30	    55.46	220304	  0.42	纺织机械	浙江	0.00	11.24	98	
300308	中际装备	1.46	36.20	0.52	36.15	36.20	1316	1316	0.00	          0.06	36.20	36.20	36.20	35.68	  1413.32	4763920	  6.33	工程机械	山东	0.00	36.20	658	
300310	宜通世纪	0.72	28.00	0.20	27.92	28.00	3388	3388	0.00	          0.16	28.00	28.00	28.00	27.80	    68.39	9486400	  8.60	通信设备	广东	0.00	28.00	1694	
300312	邦讯技术	-0.40	17.45	-0.07	17.43	17.45	90	90	0.00	          0.01	17.45	17.45	17.45	17.52	--  	157050	  0.41	通信设备	北京	0.00	17.45	45	
300322	硕贝德	--  	17.05	--  	--  	--  	0	0	--  	          0.00	--  	--  	--  	17.05	    77.24	0	  0.00	通信设备	广东	0.00	17.05	0	
300324	旋极信息	0.00	21.60	0.00	21.59	21.60	19	19	0.00	          0.00	21.60	21.60	21.60	21.60	    92.75	41040	  0.07	软件服务	北京	0.00	21.60	10	
300326	凯利泰	-0.37	10.89	-0.04	10.89	10.93	10	10	0.00	          0.00	10.89	10.89	10.89	10.93	    47.82	10890	  0.04	医疗保健	上海	0.00	10.89	5	
300336	新文化	-0.40	17.65	-0.07	17.65	17.70	304	304	0.00	          0.01	17.65	17.65	17.65	17.72	    42.81	536560	  1.37	影视音像	上海	0.00	17.65	152	
300337	银邦股份	0.10	9.65	0.01	9.65	9.70	5	5	0.00	          0.00	9.65	9.65	9.65	9.64	   575.08	4825	  0.03	铝	江苏	0.00	9.65	3	
300345	红宇新材	0.42	12.05	0.05	12.01	12.05	294	294	0.00	          0.01	12.05	12.05	12.05	12.00	   332.88	354270	  0.81	钢加工	湖南	0.00	12.05	147	
300351	永贵电器	0.00	24.04	0.00	24.00	24.04	22	22	0.00	          0.00	24.04	24.04	24.04	24.04	    64.79	52888	  0.26	元器件	浙江	0.00	24.04	11	
300356	光一科技	-0.09	32.85	-0.03	32.85	32.88	27	27	0.00	          0.00	32.85	32.85	32.85	32.88	   166.36	88695	  0.21	电气设备	江苏	0.00	32.85	14	
300376	易事特	-0.20	53.80	-0.11	53.80	53.81	1106	1106	0.00	          0.06	53.80	53.80	53.80	53.91	    65.70	5950280	  1.29	电气设备	广东	0.00	53.80	553	
300382	斯莱克	-0.26	46.00	-0.12	45.90	46.00	49	49	0.00	          0.01	46.00	46.00	46.00	46.12	    79.87	225400	  2.13	专用机械	江苏	0.00	46.00	25	
300390	天华超净	-0.24	12.45	-0.03	12.42	12.45	266	266	0.00	          0.02	12.45	12.45	12.45	12.48	   163.39	331170	  1.01	电脑设备	江苏	0.00	12.45	133	
300393	中来股份	0.00	54.45	0.00	54.16	54.45	12	12	0.00	          0.00	54.45	54.45	54.45	54.45	    60.10	65340	  0.43	塑料	江苏	0.00	54.45	6	
300398	飞凯材料	0.14	90.27	0.13	90.27	90.47	88	88	0.00	          0.02	90.27	90.27	90.27	90.14	   138.49	794376	  0.53	染料涂料	上海	0.00	90.27	44	
300429	强力新材	0.03	32.65	0.01	32.65	32.66	39	39	0.00	          0.00	32.65	32.65	32.65	32.64	    66.58	127335	  0.24	化工原料	江苏	0.00	32.65	20	
600016	民生银行	-0.11	8.85	-0.01	8.85	8.86	1019	1019	0.00	          0.00	8.85	8.85	8.85	8.86	     6.18	901815	  0.53	银行	北京	0.00	8.85	510	
600018	上港集团	0.18	5.63	0.01	5.62	5.63	536	536	0.00	          0.00	5.63	5.63	5.63	5.62	    24.72	301768	  0.45	港口	上海	0.00	5.63	268	
600036	招商银行	0.05	19.04	0.01	19.03	19.04	317	317	0.00	          0.00	19.04	19.04	19.04	19.03	     6.91	603568	  0.36	银行	深圳	0.00	19.04	159	
600055	万东医疗	-0.06	17.28	-0.01	17.20	17.28	27	27	0.00	          0.00	17.28	17.28	17.28	17.29	   111.47	46656	  0.19	医疗保健	北京	0.00	17.28	14	
600057	象屿股份	0.36	11.29	0.04	11.25	11.29	200	200	0.00	          0.00	11.29	11.29	11.29	11.25	    26.42	225800	  0.79	仓储物流	福建	0.00	11.29	100	
600067	冠城大通	0.00	7.28	0.00	7.26	7.28	29	29	0.00	          0.00	7.28	7.28	7.28	7.28	    32.81	21112	  0.09	全国地产	福建	0.00	7.28	15	
600077	宋都股份	-0.92	5.41	-0.05	5.41	5.43	1051	1051	0.00	          0.01	5.41	5.41	5.41	5.46	    63.80	568591	  2.60	全国地产	浙江	0.00	5.41	526	
600079	人福医药	0.39	20.50	0.08	20.50	20.54	301	301	0.00	          0.00	20.50	20.50	20.50	20.42	    31.74	617050	  0.89	化学制药	湖北	0.00	20.50	151	
600094	大名城	0.00	8.41	0.00	8.40	8.41	264	264	0.00	          0.00	8.41	8.41	8.41	8.41	    19.64	222024	  0.95	区域地产	上海	0.00	8.41	132	
600117	西宁特钢	0.68	5.84	0.04	5.88	5.88	0	0	--  	          0.00	--  	--  	--  	5.84	--  	0	  2.34	特种钢	青海	0.00	5.84	0	
600122	宏图高科	-0.16	12.86	-0.02	12.84	12.84	0	0	--  	          0.00	--  	--  	--  	12.86	    37.34	0	  0.16	其他商业	江苏	0.00	12.86	0	
600165	新日恒力	-0.44	15.73	-0.07	15.70	15.73	232	232	0.00	          0.00	15.73	15.73	15.73	15.80	--  	364936	  0.32	钢加工	宁夏	0.00	15.73	116	
600175	美都能源	-0.20	4.94	-0.01	4.94	4.95	569	569	0.00	          0.00	4.94	4.94	4.94	4.95	   162.23	281086	  1.98	综合类	浙江	0.00	4.94	285	
600185	格力地产	-0.17	5.98	-0.01	5.97	5.98	702	702	0.00	          0.00	5.98	5.98	5.98	5.99	    25.30	419796	  2.13	区域地产	广东	0.00	5.98	351	
600198	大唐电信	-0.24	16.90	-0.04	16.90	16.91	391	391	0.00	          0.00	16.90	16.90	16.90	16.94	--  	660790	  0.55	通信设备	北京	0.00	16.90	196	
600233	圆通速递	0.04	24.55	0.01	24.54	24.55	358	358	0.00	          0.01	24.55	24.55	24.55	24.54	    53.23	878890	  0.71	仓储物流	辽宁	0.00	24.55	179	
600238	海南椰岛	-0.17	11.74	-0.02	11.72	11.72	0	0	--  	          0.00	--  	--  	--  	11.74	--  	0	  0.08	红黄药酒	海南	0.00	11.74	0	
600240	华业资本	0.00	11.36	0.00	11.36	11.40	234	234	0.00	          0.00	11.36	11.36	11.36	11.36	    14.00	265824	  0.65	全国地产	北京	0.00	11.36	117	
600280	中央商场	-0.36	8.42	-0.03	8.42	8.45	124	124	0.00	          0.00	8.42	8.42	8.42	8.45	    90.52	104408	  0.31	百货	江苏	0.00	8.42	62	
600282	南钢股份	0.54	3.69	0.02	3.69	3.70	2041	2041	0.00	          0.01	3.69	3.69	3.69	3.67	    41.33	753129	  0.66	普钢	江苏	0.00	3.69	1021	
600289	亿阳信通	0.08	13.33	0.01	13.33	13.35	48	48	0.00	          0.00	13.33	13.33	13.33	13.32	   318.32	63984	  0.17	软件服务	黑龙江	0.00	13.33	24	
600290	华仪电气	-0.51	11.74	-0.06	11.74	11.76	381	381	0.00	          0.01	11.74	11.74	11.74	11.80	   216.37	447294	  0.76	电气设备	浙江	0.00	11.74	191	
600297	广汇汽车	-0.30	9.98	-0.03	9.95	9.95	0	0	--  	          0.00	--  	--  	--  	9.98	    20.55	0	  1.35	汽车服务	辽宁	0.00	9.98	0	
600332	白云山	0.00	28.21	0.00	28.21	28.22	400	400	0.00	          0.00	28.21	28.21	28.21	28.21	    32.56	1128400	  0.87	中成药	广东	0.00	28.21	200	
600337	美克家居	-0.95	14.58	-0.14	14.57	14.58	7532	7532	0.00	          0.12	14.58	14.58	14.58	14.72	    32.31	10981656	  9.96	家居用品	新疆	0.00	14.58	3766	
600355	精伦电子	-0.32	9.49	-0.03	9.48	9.49	449	449	0.00	          0.01	9.49	9.49	9.49	9.52	  1257.02	426101	  0.78	元器件	湖北	0.00	9.49	225	
600363	联创光电	-0.59	18.71	-0.11	18.60	18.60	0	0	--  	          0.00	--  	--  	--  	18.71	    39.77	0	  0.21	元器件	江西	0.00	18.71	0	
600388	龙净环保	-0.23	12.91	-0.03	12.90	12.91	208	208	0.00	          0.00	12.91	12.91	12.91	12.94	    24.10	268528	  0.42	环境保护	福建	0.00	12.91	104	
600398	海澜之家	0.00	10.45	0.00	10.45	10.45	0	0	--  	          0.00	--  	--  	--  	10.45	    15.04	0	  0.73	服饰	江苏	0.00	10.45	0	
600399	抚顺特钢	0.00	7.43	0.00	7.42	7.43	679	679	0.00	          0.01	7.43	7.43	7.43	7.43	    54.87	504497	  0.71	特种钢	辽宁	0.00	7.43	340	
600439	瑞贝卡	-0.13	7.89	-0.01	7.88	7.88	0	0	--  	          0.00	--  	--  	--  	7.89	    47.19	0	  0.35	服饰	河南	0.00	7.89	0	
600446	金证股份	0.00	23.55	0.00	23.54	23.55	33	33	0.00	          0.00	23.55	23.55	23.55	23.55	   151.80	77715	  0.11	软件服务	深圳	0.00	23.55	17	
600497	驰宏锌锗	0.00	7.58	0.00	7.57	7.58	1418	1418	0.00	          0.00	7.58	7.58	7.58	7.58	   344.05	1074844	  0.69	铅锌	云南	0.00	7.58	709	
600499	科达洁能	0.37	8.23	0.03	8.20	8.23	43	43	0.00	          0.00	8.23	8.23	8.23	8.20	    24.25	35389	  0.08	专用机械	广东	0.00	8.23	22	
600521	华海药业	0.36	22.25	0.08	22.33	22.33	0	0	--  	          0.00	--  	--  	--  	22.25	    45.15	0	  0.07	化学制药	浙江	0.00	22.25	0	
600532	宏达矿业	0.13	15.02	0.02	15.02	15.05	7	7	0.00	          0.00	15.02	15.02	15.02	15.00	--  	10514	  0.05	普钢	上海	0.00	15.02	4	
600547	山东黄金	-0.72	35.90	-0.26	35.89	35.90	1086	1086	0.00	          0.01	35.90	35.90	35.90	36.16	    68.23	3898740	  1.53	黄金	山东	0.00	35.90	543	
600559	老白干酒	--  	22.69	--  	--  	--  	0	0	--  	          0.00	--  	--  	--  	22.69	    89.74	0	  0.00	白酒	河北	0.00	22.69	0	
600572	康恩贝	0.14	6.95	0.01	6.95	6.96	469	468	0.00	          0.00	6.95	6.95	6.95	6.94	    29.07	325608	  2.17	中成药	浙江	0.00	6.95	234	
600590	泰豪科技	--  	15.72	--  	--  	--  	0	0	--  	          0.00	--  	--  	--  	15.72	   116.79	0	  0.00	电气设备	江西	0.00	15.72	0	
600594	益佰制药	-0.11	18.28	-0.02	18.25	18.28	76	76	0.00	          0.00	18.28	18.28	18.28	18.30	    37.42	138928	  0.10	中成药	贵州	0.00	18.28	38	
600603	*ST兴业	0.00	16.16	0.00	16.07	16.16	153	153	0.00	          0.01	16.16	16.16	16.16	16.16	--  	247248	  0.97	综合类	福建	0.00	16.16	77	
600645	中源协和	--  	26.80	--  	--  	--  	0	0	--  	          0.00	--  	--  	--  	26.80	  1404.43	0	  0.00	生物制药	天津	0.00	26.80	0	
600654	中安消	--  	17.43	--  	--  	--  	0	0	--  	          0.00	--  	--  	--  	17.43	    60.92	0	  0.00	软件服务	上海	0.00	17.43	0	
600666	奥瑞德	0.43	27.98	0.12	27.95	27.98	2360	2360	0.00	          0.05	27.98	27.98	27.98	27.86	    46.13	6603280	  2.85	元器件	重庆	0.00	27.98	1180	
600673	东阳光科	--  	7.29	--  	--  	--  	0	0	--  	          0.00	--  	--  	--  	7.29	   191.04	0	  0.00	铝	广东	0.00	7.29	0	
600681	百川能源	--  	16.37	--  	--  	--  	0	0	--  	          0.00	--  	--  	--  	16.37	    41.57	0	  0.00	供气供热	湖北	0.00	16.37	0	
600682	南京新百	--  	36.19	--  	36.19	36.25	0	0	--  	          0.00	--  	--  	--  	36.19	--  	0	  0.00	百货	江苏	0.00	36.19	0	
600687	刚泰控股	0.14	14.10	0.02	14.10	14.11	301	301	0.00	          0.00	14.10	14.10	14.10	14.08	    47.32	424410	  0.67	黄金	甘肃	0.00	14.10	151	
600703	三安光电	0.13	15.71	0.02	15.69	15.71	113	113	0.00	          0.00	15.71	15.71	15.71	15.69	    32.13	177523	  0.17	半导体	湖北	0.00	15.71	57	
600725	*ST云维	--  	2.85	--  	--  	--  	0	0	--  	          0.00	--  	--  	--  	2.85	     2.27	0	  0.00	焦炭加工	云南	0.00	2.85	0	
600728	佳都科技	-0.22	9.20	-0.02	9.20	9.22	1179	1179	0.00	          0.01	9.20	9.20	9.20	9.22	 10259.49	1084680	  0.78	软件服务	广东	0.00	9.20	590	
600730	中国高科	0.08	12.07	0.01	12.06	12.07	71	71	0.00	          0.00	12.07	12.07	12.07	12.06	     8.33	85697	  0.26	综合类	北京	0.00	12.07	36	
600731	湖南海利	-0.45	11.07	-0.05	11.07	11.10	164	164	0.00	          0.01	11.07	11.07	11.07	11.12	   458.49	181548	  0.34	农药化肥	湖南	0.00	11.07	82	
600745	中茵股份	0.00	20.00	0.00	20.00	20.05	88	88	0.00	          0.00	20.00	20.00	20.00	20.00	   286.24	176020	  0.45	通信设备	湖北	0.00	20.00	44	
600759	洲际油气	-0.12	8.08	-0.01	8.07	8.07	0	0	--  	          0.00	--  	--  	--  	8.08	  1562.96	0	  0.46	石油开采	海南	0.00	8.08	0	
600763	通策医疗	0.07	28.80	0.02	28.80	28.84	18	18	0.00	          0.00	28.80	28.80	28.80	28.78	    55.96	51840	  0.17	医疗保健	浙江	0.00	28.80	9	
600771	广誉远	-0.20	35.42	-0.07	35.40	35.42	93	93	0.00	          0.00	35.42	35.42	35.42	35.49	   208.13	329406	  0.93	中成药	青海	0.00	35.42	47	
600826	兰生股份	0.11	27.11	0.03	27.10	27.11	18	18	0.00	          0.00	27.11	27.11	27.11	27.08	    13.57	48798	  0.13	商贸代理	上海	0.00	27.11	9	
600837	海通证券	0.06	15.57	0.01	15.55	15.57	527	527	0.00	          0.00	15.57	15.57	15.57	15.56	    21.10	820539	  0.87	证券	上海	0.00	15.57	264	
600887	伊利股份	0.11	18.54	0.02	18.53	18.54	889	889	0.00	          0.00	18.54	18.54	18.54	18.52	    19.26	1648206	  0.49	乳制品	内蒙	0.00	18.54	445	
600978	宜华生活	-0.26	11.53	-0.03	11.52	11.53	60	60	0.00	          0.00	11.53	11.53	11.53	11.56	    21.02	69180	  0.07	家居用品	广东	0.00	11.53	30	
601099	太平洋	0.00	5.09	0.00	5.08	5.09	1310	1310	0.00	          0.00	5.09	5.09	5.09	5.09	    51.96	666790	  0.58	证券	云南	0.00	5.09	655	
601116	三江购物	0.00	34.79	0.00	34.79	34.80	248	247	0.00	          0.01	34.79	34.79	34.79	34.79	   139.81	861226	  0.49	超市连锁	浙江	0.00	34.79	124	
601318	中国平安	0.06	35.99	0.02	35.99	36.00	2714	2714	0.00	          0.00	35.99	35.99	35.99	35.97	     8.73	9769306	  2.32	保险	深圳	0.00	35.99	1357	
601519	大智慧	-0.31	6.44	-0.02	6.44	6.45	439	439	0.00	          0.00	6.44	6.44	6.44	6.46	--  	282716	  1.04	软件服务	上海	0.00	6.44	220	
601566	九牧王	0.30	16.99	0.05	16.95	16.99	74	74	0.00	          0.00	16.99	16.99	16.99	16.94	    23.42	125726	  1.19	服饰	福建	0.00	16.99	37	
601799	星宇股份	1.32	39.99	0.52	39.31	39.99	210	210	0.00	          0.01	39.99	39.99	39.99	39.47	    34.44	839790	  4.29	汽车配件	江苏	0.00	39.99	105	
601890	亚星锚链	0.33	9.05	0.03	9.04	9.05	367	367	0.00	          0.00	9.05	9.05	9.05	9.02	   134.61	332135	  0.61	船舶	江苏	0.00	9.05	184	
601899	紫金矿业	-0.29	3.46	-0.01	3.45	3.45	0	0	--  	          0.00	--  	--  	--  	3.46	    39.24	0	  0.65	黄金	福建	0.00	3.46	0	
601996	丰林集团	0.00	12.25	0.00	12.23	12.25	839	839	0.00	          0.02	12.25	12.25	12.25	12.25	    60.82	1027775	  0.53	林业	广西	0.00	12.25	420	
603001	奥康国际	-0.18	22.03	-0.04	22.00	22.03	14	14	0.00	          0.00	22.03	22.03	22.03	22.07	    25.90	30842	  0.13	服饰	浙江	0.00	22.03	7	
603030	全筑股份	-0.77	29.72	-0.23	29.72	29.88	64	64	0.00	          0.01	29.72	29.72	29.72	29.95	   131.65	190208	  1.64	装修装饰	上海	0.00	29.72	32	
603333	明星电缆	0.11	9.33	0.01	9.31	9.33	440	440	0.00	          0.01	9.33	9.33	9.33	9.32	--  	410520	  1.34	电气设备	四川	0.00	9.33	220	
603555	贵人鸟	--  	30.76	--  	--  	--  	0	0	--  	          0.00	--  	--  	--  	30.76	    81.44	0	  0.00	服饰	福建	0.00	30.76	0	
603618	杭电股份	-0.24	12.26	-0.03	12.26	12.27	26	26	0.00	          0.00	12.26	12.26	12.26	12.29	    51.96	31876	  0.12	电气设备	浙江	0.00	12.26	13	
603678	火炬电子	0.24	78.21	0.19	78.11	78.58	1	1	0.00	          0.00	78.21	78.21	78.21	78.02	    73.26	7821	  0.04	元器件	福建	0.00	78.21	1	
603718	海利生物	--  	16.96	--  	16.90	16.96	0	0	--  	          0.00	--  	--  	--  	16.96	   114.89	0	  0.00	生物制药	上海	0.00	16.96	0	
603729	龙韵股份	--  	85.08	--  	85.00	85.93	0	0	--  	          0.00	--  	--  	--  	85.08	   133.63	0	  0.00	广告包装	上海	0.00	85.08	0	
603828	柯利达	0.04	25.88	0.01	25.88	25.89	36	36	0.00	          0.01	25.88	25.88	25.88	25.87	   113.22	93168	  0.42	装修装饰	江苏	0.00	25.88	18	
603979	金诚信	0.36	19.78	0.07	19.78	19.79	138	138	0.00	          0.01	19.78	19.78	19.78	19.71	    40.54	272964	  0.85	建筑施工	北京	0.00	19.78	69	
数据来源:通达信
