代码	名称	涨幅%%	现价	涨跌	买价	卖价	总量	现量	涨速%%	换手%%	今开	最高	最低	昨收	市盈(动)	总金额	量比	细分行业	地区	振幅%%	均价	内盘	
000050	深天马Ａ	--  	18.82	--  	--  	--  	0	0	--  	          0.00	--  	--  	--  	18.82	    46.33	0	  0.00	元器件	深圳	0.00	18.82	0	
000100	TCL 集团	0.00	3.58	0.00	3.57	3.58	1041	1041	0.00	          0.00	3.58	3.58	3.58	3.58	    21.32	372678	  0.53	家用电器	广东	0.00	3.58	521	
000488	晨鸣纸业	-0.08	12.21	-0.01	12.20	12.21	646	646	0.00	          0.01	12.21	12.21	12.21	12.22	    11.46	788766	  0.63	造纸	山东	0.00	12.21	323	
000559	万向钱潮	-0.16	12.72	-0.02	12.72	12.73	1025	80	-0.07	          0.00	12.73	12.73	12.72	12.74	    35.00	1304745	  2.75	汽车配件	浙江	0.08	12.73	553	
000561	烽火电子	0.20	14.96	0.03	14.95	14.96	144	144	0.00	          0.00	14.96	14.96	14.96	14.93	    94.85	215424	  0.30	通信设备	陕西	0.00	14.96	72	
000566	海南海药	0.56	14.32	0.08	14.32	14.33	3183	3183	0.00	          0.03	14.32	14.32	14.32	14.24	    84.84	4558056	  4.00	化学制药	海南	0.00	14.32	1592	
000598	兴蓉环境	0.00	5.87	0.00	5.87	5.88	318	318	0.00	          0.00	5.87	5.87	5.87	5.87	    17.32	186666	  0.28	水务	四川	0.00	5.87	159	
000599	青岛双星	-0.23	8.78	-0.02	8.77	8.78	6348	6348	0.00	          0.10	8.78	8.78	8.78	8.80	    54.79	5573544	  9.83	汽车配件	山东	0.00	8.78	3174	
000703	恒逸石化	-0.13	14.84	-0.02	14.84	14.85	7	7	0.00	          0.00	14.84	14.84	14.84	14.86	    35.86	10388	  0.02	化纤	广西	0.00	14.84	4	
000725	京东方Ａ	0.00	3.20	0.00	3.19	3.20	8971	8971	0.00	          0.00	3.20	3.20	3.20	3.20	   599.76	2870720	  0.91	元器件	北京	0.00	3.20	4486	
000837	秦川机床	0.00	9.45	0.00	9.41	9.45	362	362	0.00	          0.01	9.45	9.45	9.45	9.45	--  	342090	  0.94	机床制造	陕西	0.00	9.45	181	
002010	传化智联	0.22	17.87	0.04	17.87	17.89	56	56	0.00	          0.00	17.87	17.87	17.87	17.83	    76.30	100072	  0.51	染料涂料	浙江	0.00	17.87	28	
002011	盾安环境	0.00	9.55	0.00	9.53	9.55	24	24	0.00	          0.00	9.55	9.55	9.55	9.55	   115.74	22920	  0.14	工程机械	浙江	0.00	9.55	12	
002023	海特高新	0.00	14.35	0.00	14.35	14.36	155	155	0.00	          0.00	14.35	14.35	14.35	14.35	   187.09	222425	  0.35	航空	四川	0.00	14.35	78	
002073	软控股份	0.09	10.66	0.01	10.63	10.66	145	145	0.00	          0.00	10.66	10.66	10.66	10.65	--  	154570	  0.77	软件服务	山东	0.00	10.66	73	
002121	科陆电子	-0.11	9.14	-0.01	9.14	9.15	53	53	0.00	          0.00	9.14	9.14	9.14	9.15	   116.89	48442	  0.23	电器仪表	深圳	0.00	9.14	27	
002202	金风科技	0.12	16.42	0.02	16.43	16.44	137	137	0.00	          0.00	16.42	16.42	16.42	16.40	    15.74	224954	  0.38	电气设备	新疆	0.00	16.42	69	
002236	大华股份	-0.55	16.31	-0.09	16.30	16.31	2426	2426	0.00	          0.01	16.31	16.31	16.31	16.40	    33.16	3956806	  1.56	电器仪表	浙江	0.00	16.31	1213	
002276	万马股份	0.13	15.02	0.02	15.01	15.02	178	178	0.00	          0.00	15.02	15.02	15.02	15.00	    80.75	267356	  0.46	电气设备	浙江	0.00	15.02	89	
002407	多氟多	-0.09	31.59	-0.03	31.58	31.59	1029	1029	0.00	          0.02	31.59	31.59	31.59	31.62	    38.37	3250611	  0.54	化工原料	河南	0.00	31.59	515	
002414	高德红外	-0.25	24.14	-0.06	24.14	24.20	81	81	0.00	          0.00	24.14	24.14	24.14	24.20	   269.78	195534	  0.88	电器仪表	湖北	0.00	24.14	41	
300001	特锐德	0.00	17.81	0.00	17.81	17.83	81	81	0.00	          0.00	17.81	17.81	17.81	17.81	   105.28	144261	  0.26	电气设备	山东	0.00	17.81	41	
300073	当升科技	0.00	59.70	0.00	59.67	59.70	4091	4091	0.00	          0.25	59.70	59.70	59.70	59.70	   130.67	24423270	  6.91	矿物制品	北京	0.00	59.70	2046	
300216	千山药机	-0.57	31.15	-0.18	31.14	31.15	90	90	0.00	          0.00	31.15	31.15	31.15	31.33	   447.86	280350	  0.58	医疗保健	湖南	0.00	31.15	45	
600089	特变电工	0.28	10.56	0.03	10.56	10.57	549	549	0.00	          0.00	10.56	10.56	10.56	10.53	    14.52	579744	  0.38	电气设备	新疆	0.00	10.56	275	
600330	天通股份	-0.19	10.73	-0.02	10.73	10.75	110	110	0.00	          0.00	10.73	10.73	10.73	10.75	    61.56	118030	  0.25	元器件	浙江	0.00	10.73	55	
600337	美克家居	-0.95	14.58	-0.14	14.57	14.58	7532	7532	0.00	          0.12	14.58	14.58	14.58	14.72	    32.31	10981656	  9.96	家居用品	新疆	0.00	14.58	3766	
600463	空港股份	-0.64	15.59	-0.10	15.57	15.59	402	402	0.00	          0.01	15.59	15.59	15.59	15.69	   166.15	626718	  1.67	园区开发	北京	0.00	15.59	201	
600477	杭萧钢构	-0.29	10.20	-0.03	10.17	10.20	141	141	0.00	          0.00	10.20	10.20	10.20	10.23	    27.04	143820	  0.20	钢加工	浙江	0.00	10.20	71	
600487	亨通光电	-0.21	23.39	-0.05	23.37	23.39	815	815	0.00	          0.01	23.39	23.39	23.39	23.44	    20.78	1906285	  0.54	通信设备	江苏	0.00	23.39	408	
600496	精工钢构	0.00	4.48	0.00	4.47	4.48	152	152	0.00	          0.00	4.48	4.48	4.48	4.48	    37.26	68096	  0.34	钢加工	安徽	0.00	4.48	76	
600549	厦门钨业	0.67	24.20	0.16	24.19	24.20	335	335	0.00	          0.00	24.20	24.20	24.20	24.04	   128.25	810700	  0.71	小金属	福建	0.00	24.20	168	
600580	卧龙电气	-0.23	8.70	-0.02	8.67	8.70	159	159	0.00	          0.00	8.70	8.70	8.70	8.72	    55.85	138330	  0.88	电气设备	浙江	0.00	8.70	80	
600596	新安股份	-0.20	10.08	-0.02	10.08	10.09	100	100	0.00	          0.00	10.08	10.08	10.08	10.10	--  	100800	  0.13	农药化肥	浙江	0.00	10.08	50	
600686	金龙汽车	-0.76	15.61	-0.12	15.61	15.73	114	114	0.00	          0.00	15.61	15.61	15.61	15.73	--  	177954	  0.81	汽车整车	福建	0.00	15.61	57	
600831	广电网络	-0.46	13.08	-0.06	13.08	13.10	184	184	0.00	          0.00	13.08	13.08	13.08	13.14	    48.29	240672	  0.74	影视音像	陕西	0.00	13.08	92	
600873	梅花生物	-0.15	6.86	-0.01	6.85	6.86	450	450	0.00	          0.00	6.86	6.86	6.86	6.87	    20.47	308700	  0.53	食品	西藏	0.00	6.86	225	
600888	新疆众和	-1.07	9.31	-0.10	9.21	9.21	0	0	--  	          0.00	--  	--  	--  	9.31	   136.00	0	  0.92	铝	新疆	0.00	9.31	0	
600981	汇鸿集团	-0.22	8.91	-0.02	8.91	8.96	184	184	0.00	          0.01	8.91	8.91	8.91	8.93	    26.68	163944	  1.30	商贸代理	江苏	0.00	8.91	92	
600998	九州通	0.20	19.97	0.04	19.97	19.98	14	14	0.00	          0.00	19.97	19.97	19.97	19.93	    53.93	27958	  0.18	医药商业	湖北	0.00	19.97	7	
601777	力帆股份	-0.43	9.25	-0.04	9.25	9.26	99	99	0.00	          0.00	9.25	9.25	9.25	9.29	    46.78	91575	  0.15	摩托车	重庆	0.00	9.25	50	
数据来源:通达信
