代码	名称	涨幅%%	现价	涨跌	买价	卖价	总量	现量	涨速%%	换手%%	今开	最高	最低	昨收	市盈(动)	总金额	量比	细分行业	地区	振幅%%	均价	内盘	
000034	神州数码	0.00	23.50	0.00	23.50	23.58	68	68	0.00	          0.00	23.50	23.50	23.50	23.50	    34.53	159800	  0.41	综合类	深圳	0.00	23.50	34	
000046	泛海控股	0.21	9.37	0.02	9.35	9.37	73	73	0.00	          0.00	9.37	9.37	9.37	9.35	    19.83	68401	  0.46	全国地产	北京	0.00	9.37	37	
000430	张家界	0.00	12.40	0.00	12.40	12.43	18	18	0.00	          0.00	12.40	12.40	12.40	12.40	    30.93	22320	  0.12	旅游景点	湖南	0.00	12.40	9	
000546	金圆股份	-0.24	12.30	-0.03	12.30	12.31	31	31	0.00	          0.00	12.30	12.30	12.30	12.33	    24.60	38130	  0.03	水泥	吉林	0.00	12.30	16	
000826	启迪桑德	-0.29	34.40	-0.10	34.40	34.48	100	100	0.00	          0.00	34.40	34.40	34.40	34.50	    30.78	344000	  0.99	环境保护	湖北	0.00	34.40	50	
000925	众合科技	--  	24.15	--  	24.10	24.15	0	0	--  	          0.00	--  	--  	--  	24.15	--  	0	  0.00	专用机械	浙江	0.00	24.15	0	
000932	华菱钢铁	0.00	5.13	0.00	5.12	5.13	107	107	0.00	          0.00	5.13	5.13	5.13	5.13	--  	54891	  0.22	普钢	湖南	0.00	5.13	54	
000960	锡业股份	-0.07	13.82	-0.01	13.81	13.82	916	916	0.00	          0.01	13.82	13.82	13.82	13.83	   270.06	1265912	  1.27	小金属	云南	0.00	13.82	458	
000980	金马股份	-0.59	16.85	-0.10	16.85	16.88	1597	1597	0.00	          0.03	16.85	16.85	16.85	16.95	   102.54	2690945	  1.00	汽车配件	安徽	0.00	16.85	799	
000988	华工科技	0.06	16.03	0.01	16.03	16.05	387	387	0.00	          0.00	16.03	16.03	16.03	16.02	    63.91	620361	  0.74	电器仪表	湖北	0.00	16.03	194	
002002	鸿达兴业	0.25	8.15	0.02	8.15	8.16	551	551	0.00	          0.00	8.15	8.15	8.15	8.13	    28.36	449065	  0.73	化工原料	江苏	0.00	8.15	276	
002005	德豪润达	0.00	6.00	0.00	6.00	6.02	1174	1174	0.00	          0.01	6.00	6.00	6.00	6.00	   340.19	704400	  1.54	家用电器	广东	0.00	6.00	587	
002019	亿帆医药	0.00	16.73	0.00	16.73	16.77	84	84	0.00	          0.00	16.73	16.73	16.73	16.73	    25.74	140532	  0.14	化学制药	浙江	0.00	16.73	42	
002020	京新药业	-0.75	11.90	-0.09	11.90	11.96	277	277	0.00	          0.01	11.90	11.90	11.90	11.99	    28.46	329630	  1.10	化学制药	浙江	0.00	11.90	139	
002047	宝鹰股份	0.00	9.20	0.00	9.18	9.20	66	66	0.00	          0.00	9.20	9.20	9.20	9.20	    34.06	60720	  0.25	装修装饰	深圳	0.00	9.20	33	
002057	中钢天源	0.39	15.46	0.06	15.46	15.48	374	374	0.00	          0.02	15.46	15.46	15.46	15.40	   281.88	578204	  0.99	元器件	安徽	0.00	15.46	187	
002068	黑猫股份	-0.22	9.14	-0.02	9.13	9.14	100	100	0.00	          0.00	9.14	9.14	9.14	9.16	--  	91400	  0.15	化工原料	江西	0.00	9.14	50	
002101	广东鸿图	0.09	23.35	0.02	23.35	23.54	16	16	0.00	          0.00	23.35	23.35	23.35	23.33	    36.75	37360	  0.17	机械基件	广东	0.00	23.35	8	
002124	天邦股份	0.68	11.80	0.08	11.79	11.80	354	354	0.00	          0.01	11.80	11.80	11.80	11.72	    16.50	417720	  1.36	饲料	浙江	0.00	11.80	177	
002135	东南网架	-0.13	7.66	-0.01	7.65	7.66	40	40	0.00	          0.00	7.66	7.66	7.66	7.67	   133.25	30640	  0.15	建筑施工	浙江	0.00	7.66	20	
002138	顺络电子	0.05	18.52	0.01	18.52	18.55	83	83	0.00	          0.00	18.52	18.52	18.52	18.51	    38.86	153716	  0.43	元器件	深圳	0.00	18.52	42	
002156	通富微电	0.18	11.02	0.02	11.02	11.05	190	190	0.00	          0.00	11.02	11.02	11.02	11.00	    64.75	209380	  0.50	半导体	江苏	0.00	11.02	95	
002191	劲嘉股份	-0.29	10.31	-0.03	10.30	10.31	274	274	0.00	          0.00	10.31	10.31	10.31	10.34	    23.07	282494	  0.58	广告包装	深圳	0.00	10.31	137	
002228	合兴包装	-0.19	5.34	-0.01	5.33	5.34	134	134	0.00	          0.00	5.34	5.34	5.34	5.35	    59.67	71556	  0.32	广告包装	福建	0.00	5.34	67	
002268	卫 士 通	0.43	32.76	0.14	32.68	32.76	59	59	0.00	          0.00	32.76	32.76	32.76	32.62	  2100.55	193284	  0.36	软件服务	四川	0.00	32.76	30	
002276	万马股份	0.13	15.02	0.02	15.01	15.02	178	178	0.00	          0.00	15.02	15.02	15.02	15.00	    80.75	267356	  0.46	电气设备	浙江	0.00	15.02	89	
002293	罗莱生活	0.00	13.48	0.00	13.46	13.48	18	18	0.00	          0.00	13.48	13.48	13.48	13.48	    27.35	24264	  0.22	纺织	江苏	0.00	13.48	9	
002307	北新路桥	-0.08	12.52	-0.01	12.52	12.53	296	296	0.00	          0.01	12.52	12.52	12.52	12.53	   199.77	370592	  0.33	建筑施工	新疆	0.00	12.52	148	
002324	普利特	0.00	29.16	0.00	29.10	29.16	61	61	0.00	          0.00	29.16	29.16	29.16	29.16	    26.05	177876	  1.65	塑料	上海	0.00	29.16	31	
002345	潮宏基	-0.70	11.27	-0.08	11.27	11.29	77	77	0.00	          0.00	11.27	11.27	11.27	11.35	    36.70	86779	  0.26	服饰	广东	0.00	11.27	39	
002363	隆基机械	-0.17	12.08	-0.02	12.08	12.09	107	107	0.00	          0.00	12.08	12.08	12.08	12.10	    77.49	129256	  0.67	汽车配件	山东	0.00	12.08	54	
002405	四维图新	4.50	20.90	0.90	20.90	20.91	10518	10518	0.00	          0.10	20.90	20.90	20.90	20.00	   166.03	21982788	 10.36	软件服务	北京	0.00	20.90	5259	
002445	中南文化	--  	16.12	--  	16.01	16.14	0	0	--  	          0.00	--  	--  	--  	16.12	    73.94	0	  0.00	影视音像	江苏	0.00	16.12	0	
002465	海格通信	0.25	12.03	0.03	12.01	12.03	261	261	0.00	          0.00	12.03	12.03	12.03	12.00	    77.16	313983	  0.24	通信设备	广东	0.00	12.03	131	
002491	通鼎互联	0.25	16.17	0.04	16.15	16.17	63	63	0.00	          0.00	16.17	16.17	16.17	16.13	    36.82	101871	  0.21	通信设备	江苏	0.00	16.17	32	
002551	尚荣医疗	0.22	18.48	0.04	18.45	18.48	248	248	0.00	          0.01	18.48	18.48	18.48	18.44	    47.25	458304	  1.50	医疗保健	深圳	0.00	18.48	124	
002552	宝鼎科技	0.00	17.08	0.00	17.08	17.09	250	250	0.00	          0.01	17.08	17.08	17.08	17.08	--  	427000	  0.99	机械基件	浙江	0.00	17.08	125	
002555	三七互娱	1.14	21.26	0.24	21.15	21.26	428	428	0.00	          0.01	21.26	21.26	21.26	21.02	    44.19	909928	  0.85	互联网	安徽	0.00	21.26	214	
002591	恒大高新	--  	16.46	--  	16.46	16.49	0	0	--  	          0.00	--  	--  	--  	16.46	--  	0	  0.00	化工原料	江西	0.00	16.46	0	
002611	东方精工	-0.11	17.78	-0.02	17.75	17.78	151	151	0.00	          0.01	17.78	17.78	17.78	17.80	   118.21	268478	  0.40	轻工机械	广东	0.00	17.78	76	
002656	摩登大道	0.38	18.30	0.07	18.23	18.30	1	1	0.00	          0.00	18.30	18.30	18.30	18.23	--  	1830	  0.01	服饰	广东	0.00	18.30	1	
002663	普邦股份	0.85	5.96	0.05	5.95	5.96	404	404	0.00	          0.00	5.96	5.96	5.96	5.91	    96.98	240784	  1.15	建筑施工	广东	0.00	5.96	202	
002701	奥瑞金	0.12	8.70	0.01	8.70	8.71	187	187	0.00	          0.00	8.70	8.70	8.70	8.69	    15.02	162690	  0.29	广告包装	北京	0.00	8.70	94	
002705	新宝股份	-0.42	18.92	-0.08	18.92	18.99	245	245	0.00	          0.01	18.92	18.92	18.92	19.00	    24.94	463540	  1.28	家用电器	广东	0.00	18.92	123	
002709	天赐材料	-0.48	53.47	-0.26	53.42	53.47	272	272	0.00	          0.02	53.47	53.47	53.47	53.73	    41.16	1454384	  0.72	化工原料	广东	0.00	53.47	136	
002714	牧原股份	-0.19	26.55	-0.05	26.50	26.56	51	51	0.00	          0.00	26.55	26.55	26.55	26.60	    11.68	135405	  0.16	农业综合	河南	0.00	26.55	26	
002716	金贵银业	-1.35	21.20	-0.29	21.19	21.20	1527	1527	0.00	          0.05	21.20	21.20	21.20	21.49	    60.37	3237240	  3.00	小金属	湖南	0.00	21.20	764	
002766	索菱股份	3.12	38.98	1.18	38.83	38.98	1610	1610	0.00	          0.18	38.98	38.98	38.98	37.80	    88.16	6275780	 10.73	汽车配件	深圳	0.00	38.98	805	
002771	真视通	-0.32	68.66	-0.22	68.61	68.85	9	9	0.00	          0.00	68.66	68.66	68.66	68.88	    98.00	61794	  0.43	软件服务	北京	0.00	68.66	5	
300038	梅泰诺	0.40	45.40	0.18	45.40	45.47	299	299	0.00	          0.02	45.40	45.40	45.40	45.22	    92.29	1357460	  1.78	通信设备	北京	0.00	45.40	150	
300041	回天新材	0.17	11.51	0.02	11.49	11.51	18	18	0.00	          0.00	11.51	11.51	11.51	11.49	    44.51	20718	  0.13	化工原料	湖北	0.00	11.51	9	
300045	华力创通	-0.14	14.22	-0.02	14.16	14.22	290	290	0.00	          0.01	14.22	14.22	14.22	14.24	   253.41	412380	  1.90	电脑设备	北京	0.00	14.22	145	
300067	安诺其	-0.35	8.58	-0.03	8.58	8.61	39	39	0.00	          0.00	8.58	8.58	8.58	8.61	    53.31	33462	  0.17	染料涂料	上海	0.00	8.58	20	
300075	数字政通	0.44	18.25	0.08	18.23	18.25	120	120	0.00	          0.00	18.25	18.25	18.25	18.17	    96.70	219000	  0.63	软件服务	北京	0.00	18.25	60	
300085	银之杰	0.05	20.62	0.01	20.62	20.67	110	110	0.00	          0.00	20.62	20.62	20.62	20.61	   210.02	227439	  0.41	软件服务	深圳	0.00	20.62	55	
300091	金通灵	0.43	14.10	0.06	13.96	14.10	30	30	0.00	          0.00	14.10	14.10	14.10	14.04	   110.07	42300	  0.24	机械基件	江苏	0.00	14.10	15	
300097	智云股份	0.07	58.83	0.04	58.83	59.00	8	8	0.00	          0.00	58.83	58.83	58.83	58.79	   141.99	47064	  0.17	电器仪表	辽宁	0.00	58.83	4	
300118	东方日升	--  	16.01	--  	--  	--  	0	0	--  	          0.00	--  	--  	--  	16.01	    15.62	0	  0.00	半导体	浙江	0.00	16.01	0	
300200	高盟新材	-0.41	17.19	-0.07	17.18	17.19	78	78	0.00	          0.00	17.19	17.19	17.19	17.26	    53.12	134082	  0.65	化工原料	北京	0.00	17.19	39	
300227	光韵达	-0.54	24.02	-0.13	24.01	24.02	347	347	0.00	          0.03	24.02	24.02	24.02	24.15	   222.30	833494	  2.82	元器件	深圳	0.00	24.02	174	
300261	雅本化学	-1.06	10.23	-0.11	10.23	10.34	119	118	0.00	          0.00	10.23	10.23	10.23	10.34	   191.62	121226	  0.93	农药化肥	江苏	0.00	10.23	59	
300281	金明精机	-0.26	19.10	-0.05	19.10	19.15	10	10	0.00	          0.00	19.10	19.10	19.10	19.15	   119.15	19100	  0.17	专用机械	广东	0.00	19.10	5	
300285	国瓷材料	0.10	39.80	0.04	39.55	39.80	8	8	0.00	          0.00	39.80	39.80	39.80	39.76	    96.16	31840	  0.13	陶瓷	山东	0.00	39.80	4	
300308	中际装备	1.46	36.20	0.52	36.15	36.20	1316	1316	0.00	          0.06	36.20	36.20	36.20	35.68	  1413.32	4763920	  6.33	工程机械	山东	0.00	36.20	658	
300310	宜通世纪	0.72	28.00	0.20	27.92	28.00	3388	3388	0.00	          0.16	28.00	28.00	28.00	27.80	    68.39	9486400	  8.60	通信设备	广东	0.00	28.00	1694	
300345	红宇新材	0.42	12.05	0.05	12.01	12.05	294	294	0.00	          0.01	12.05	12.05	12.05	12.00	   332.88	354270	  0.81	钢加工	湖南	0.00	12.05	147	
300347	泰格医药	0.52	27.19	0.14	26.93	27.19	119	119	0.00	          0.00	27.19	27.19	27.19	27.05	    97.16	323561	  1.18	医疗保健	浙江	0.00	27.19	60	
300353	东土科技	-0.59	18.54	-0.11	18.54	18.57	470	470	0.00	          0.02	18.54	18.54	18.54	18.65	   105.87	871547	  0.60	通信设备	北京	0.00	18.54	235	
300360	炬华科技	0.58	19.02	0.11	19.02	19.03	75	75	0.00	          0.00	19.02	19.02	19.02	18.91	    26.02	142650	  1.03	电器仪表	浙江	0.00	19.02	38	
300384	三联虹普	0.00	41.13	0.00	41.13	41.50	11	11	0.00	          0.00	41.13	41.13	41.13	41.13	    66.57	45243	  0.17	纺织机械	北京	0.00	41.13	6	
300391	康跃科技	--  	21.84	--  	21.95	21.99	0	0	--  	          0.00	--  	--  	--  	21.84	   862.40	0	  0.00	机械基件	山东	0.00	21.84	0	
300414	中光防雷	0.00	31.45	0.00	31.45	31.65	6	6	0.00	          0.00	31.45	31.45	31.45	31.45	    85.54	18870	  0.13	元器件	四川	0.00	31.45	3	
300434	金石东方	--  	36.00	--  	35.96	35.99	0	0	--  	          0.00	--  	--  	--  	36.00	   235.54	0	  0.00	专用机械	四川	0.00	36.00	0	
300438	鹏辉能源	0.69	33.62	0.23	33.62	33.64	97	97	0.00	          0.01	33.62	33.62	33.62	33.39	    73.27	326114	  1.33	电气设备	广东	0.00	33.62	49	
300448	浩云科技	0.95	28.77	0.27	28.56	28.80	56	56	0.00	          0.01	28.77	28.77	28.77	28.50	   314.51	161112	  1.33	软件服务	广东	0.00	28.77	28	
300476	胜宏科技	0.61	24.68	0.15	24.68	24.70	941	941	0.00	          0.06	24.68	24.68	24.68	24.53	    39.85	2322388	  3.08	元器件	广东	0.00	24.68	471	
600120	浙江东方	-0.07	30.45	-0.02	30.44	30.45	927	927	0.00	          0.02	30.45	30.45	30.45	30.47	    24.37	2822715	  1.67	商贸代理	浙江	0.00	30.45	464	
600133	东湖高新	-0.36	8.32	-0.03	8.32	8.33	46	46	0.00	          0.00	8.32	8.32	8.32	8.35	   117.86	38272	  0.20	园区开发	湖北	0.00	8.32	23	
600260	凯乐科技	-0.39	20.48	-0.08	20.40	20.40	0	0	--  	          0.00	--  	--  	--  	20.48	    90.72	0	  0.55	通信设备	湖北	0.00	20.48	0	
600337	美克家居	-0.95	14.58	-0.14	14.57	14.58	7532	7532	0.00	          0.12	14.58	14.58	14.58	14.72	    32.31	10981656	  9.96	家居用品	新疆	0.00	14.58	3766	
600475	华光股份	0.25	20.15	0.05	20.08	20.15	159	159	0.00	          0.01	20.15	20.15	20.15	20.10	    55.22	320385	  1.66	专用机械	江苏	0.00	20.15	80	
600478	科力远	-0.10	10.01	-0.01	10.00	10.01	231	231	0.00	          0.00	10.01	10.01	10.01	10.02	--  	231231	  0.90	元器件	湖南	0.00	10.01	116	
600487	亨通光电	-0.21	23.39	-0.05	23.37	23.39	815	815	0.00	          0.01	23.39	23.39	23.39	23.44	    20.78	1906285	  0.54	通信设备	江苏	0.00	23.39	408	
600488	天药股份	0.16	6.39	0.01	6.39	6.40	115	115	0.00	          0.00	6.39	6.39	6.39	6.38	    91.49	73485	  0.55	化学制药	天津	0.00	6.39	58	
600502	安徽水利	0.00	9.80	0.00	9.80	9.81	134	134	0.00	          0.00	9.80	9.80	9.80	9.80	    28.99	131320	  0.22	建筑施工	安徽	0.00	9.80	67	
600511	国药股份	0.06	33.47	0.02	33.45	33.47	18	18	0.00	          0.00	33.47	33.47	33.47	33.45	    27.61	60246	  0.12	医药商业	北京	0.00	33.47	9	
600584	长电科技	-0.51	19.38	-0.10	19.38	19.40	620	620	0.00	          0.01	19.38	19.38	19.38	19.48	   252.15	1201560	  0.88	半导体	江苏	0.00	19.38	310	
600621	华鑫股份	0.21	14.02	0.03	14.05	14.05	0	0	--  	          0.00	--  	--  	--  	14.02	    38.49	0	  0.34	全国地产	上海	0.00	14.02	0	
600738	兰州民百	-0.20	9.83	-0.02	9.81	9.81	0	0	--  	          0.00	--  	--  	--  	9.83	    58.07	0	  0.14	百货	甘肃	0.00	9.83	0	
600881	亚泰集团	0.34	5.92	0.02	5.90	5.92	314	314	0.00	          0.00	5.92	5.92	5.92	5.90	    98.59	185888	  0.59	水泥	吉林	0.00	5.92	157	
600919	江苏银行	-0.10	10.03	-0.01	10.02	10.03	1209	1209	0.00	          0.01	10.03	10.03	10.03	10.04	    10.49	1212627	  0.63	银行	江苏	0.00	10.03	605	
600985	雷鸣科化	-1.03	15.32	-0.16	15.32	15.45	133	133	0.00	          0.01	15.32	15.32	15.32	15.48	    34.70	203756	  0.35	化工原料	安徽	0.00	15.32	67	
600986	科达股份	-0.25	15.71	-0.04	15.71	15.75	80	80	0.00	          0.00	15.71	15.71	15.71	15.75	    33.84	125680	  0.37	互联网	山东	0.00	15.71	40	
601118	海南橡胶	-0.14	7.18	-0.01	7.17	7.18	1031	1031	0.00	          0.00	7.18	7.18	7.18	7.19	--  	740258	  0.77	橡胶	海南	0.00	7.18	516	
601166	兴业银行	0.06	16.56	0.01	16.56	16.57	1111	1110	0.00	          0.00	16.56	16.56	16.56	16.55	     5.38	1839750	  0.81	银行	福建	0.00	16.56	555	
601669	中国电建	-0.27	7.29	-0.02	7.29	7.30	638	638	0.00	          0.00	7.29	7.29	7.29	7.31	    14.04	465102	  0.40	建筑施工	北京	0.00	7.29	319	
601677	明泰铝业	0.07	14.58	0.01	14.58	14.59	40	40	0.00	          0.00	14.58	14.58	14.58	14.57	    27.67	58320	  0.25	铝	河南	0.00	14.58	20	
601689	拓普集团	2.02	33.88	0.67	33.86	33.88	600	600	0.00	          0.04	33.88	33.88	33.88	33.21	    38.93	2032800	  3.23	汽车配件	浙江	0.00	33.88	300	
601899	紫金矿业	-0.29	3.46	-0.01	3.45	3.45	0	0	--  	          0.00	--  	--  	--  	3.46	    39.24	0	  0.65	黄金	福建	0.00	3.46	0	
601989	中国重工	0.14	7.35	0.01	7.34	7.35	1450	1450	0.00	          0.00	7.35	7.35	7.35	7.34	   119.53	1065750	  0.33	船舶	北京	0.00	7.35	725	
603306	华懋科技	-0.19	36.20	-0.07	36.19	36.20	41	41	0.00	          0.01	36.20	36.20	36.20	36.27	    32.22	148420	  0.49	汽车配件	福建	0.00	36.20	21	
603315	福鞍股份	0.21	28.50	0.06	28.49	28.50	32	32	0.00	          0.00	28.50	28.50	28.50	28.44	   123.98	91200	  0.40	机械基件	辽宁	0.00	28.50	16	
603788	宁波高发	--  	40.27	--  	40.10	40.40	0	0	--  	          0.00	--  	--  	--  	40.27	    38.18	0	  0.00	汽车配件	浙江	0.00	40.27	0	
603889	新澳股份	-0.06	16.22	-0.01	16.22	16.23	23	23	0.00	          0.00	16.22	16.22	16.22	16.23	    33.13	37306	  0.17	纺织	浙江	0.00	16.22	12	
603898	好莱客	0.03	36.58	0.01	36.40	36.72	1	1	0.00	          0.00	36.58	36.58	36.58	36.57	    53.52	3658	  0.01	家居用品	广东	0.00	36.58	1	
603901	永创智能	-0.27	14.78	-0.04	14.77	14.78	31	31	0.00	          0.00	14.78	14.78	14.78	14.82	    63.06	45818	  0.14	专用机械	浙江	0.00	14.78	16	
603993	洛阳钼业	0.20	4.92	0.01	4.91	4.92	4776	4776	0.00	          0.00	4.92	4.92	4.92	4.91	   106.79	2349792	  0.85	小金属	河南	0.00	4.92	2388	
数据来源:通达信
