代码	名称	涨幅%%	现价	涨跌	买价	卖价	总量	现量	涨速%%	换手%%	今开	最高	最低	昨收	市盈(动)	总金额	量比	细分行业	地区	振幅%%	均价	内盘	
000040	东旭蓝天	-0.40	12.51	-0.05	12.51	12.55	20	20	0.00	          0.00	12.51	12.51	12.51	12.56	    95.38	25020	  0.24	全国地产	深圳	0.00	12.51	10	
000050	深天马Ａ	--  	18.82	--  	--  	--  	0	0	--  	          0.00	--  	--  	--  	18.82	    46.33	0	  0.00	元器件	深圳	0.00	18.82	0	
000166	申万宏源	0.16	6.31	0.01	6.30	6.31	1668	1668	0.00	          0.00	6.31	6.31	6.31	6.30	    24.66	1052508	  1.36	证券	新疆	0.00	6.31	834	
000422	湖北宜化	-0.14	7.04	-0.01	7.03	7.04	81	81	0.00	          0.00	7.04	7.04	7.04	7.05	   258.04	57024	  0.14	农药化肥	湖北	0.00	7.04	41	
000425	徐工机械	-0.50	4.00	-0.02	4.00	4.01	2323	2323	0.00	          0.00	4.00	4.00	4.00	4.02	   127.13	929200	  0.74	工程机械	江苏	0.00	4.00	1162	
000503	海虹控股	0.36	41.93	0.15	41.80	41.93	137	137	0.00	          0.00	41.93	41.93	41.93	41.78	--  	574441	  0.87	医疗保健	海南	0.00	41.93	69	
000547	航天发展	0.00	15.57	0.00	15.57	15.60	152	152	0.00	          0.00	15.57	15.57	15.57	15.57	   112.43	236664	  0.23	通信设备	福建	0.00	15.57	76	
000553	沙隆达Ａ	0.00	14.95	0.00	14.95	14.96	19	19	0.00	          0.00	14.95	14.95	14.95	14.95	   324.85	28405	  0.07	农药化肥	湖北	0.00	14.95	10	
000560	昆百大Ａ	--  	10.40	--  	--  	--  	0	0	--  	          0.00	--  	--  	--  	10.40	   148.21	0	  0.00	百货	云南	0.00	10.40	0	
000563	陕国投Ａ	-0.15	6.62	-0.01	6.61	6.62	1020	1020	0.00	          0.00	6.62	6.62	6.62	6.63	    39.71	675240	  0.39	多元金融	陕西	0.00	6.62	510	
000565	渝三峡Ａ	-0.63	12.54	-0.08	12.53	12.54	298	298	0.00	          0.01	12.54	12.54	12.54	12.62	    24.33	373692	  0.63	染料涂料	重庆	0.00	12.54	149	
000576	广东甘化	0.38	15.80	0.06	15.74	15.80	40	40	0.00	          0.00	15.80	15.80	15.80	15.74	    68.33	63200	  0.18	造纸	广东	0.00	15.80	20	
000639	西王食品	0.00	23.73	0.00	23.73	23.77	81	81	0.00	          0.00	23.73	23.73	23.73	23.73	    69.53	192213	  0.84	食品	山东	0.00	23.73	41	
000667	美好置业	-0.53	3.75	-0.02	3.75	3.76	1746	1746	0.00	          0.01	3.75	3.75	3.75	3.77	    14.44	654750	  2.48	全国地产	云南	0.00	3.75	873	
000707	双环科技	-0.69	8.67	-0.06	8.67	8.68	230	230	0.00	          0.00	8.67	8.67	8.67	8.73	--  	199427	  0.55	化工原料	湖北	0.00	8.67	115	
000710	*ST天仪	5.00	55.63	2.65	55.63	--  	6804	6804	0.00	          0.45	55.63	55.63	55.63	52.98	--  	37850652	 31.65	汽车配件	四川	0.00	55.63	3402	
000711	京蓝科技	3.45	30.30	1.01	30.30	30.32	2964	2964	0.00	          0.18	30.30	30.30	30.30	29.29	--  	8980920	 13.06	软件服务	黑龙江	0.00	30.30	1482	
000720	新能泰山	-0.16	6.42	-0.01	6.42	6.43	115	115	0.00	          0.00	6.42	6.42	6.42	6.43	--  	73830	  0.50	火力发电	山东	0.00	6.42	58	
000797	中国武夷	0.16	18.83	0.03	18.83	18.84	77	77	0.00	          0.00	18.83	18.83	18.83	18.80	   553.39	145010	  0.58	全国地产	福建	0.00	18.83	39	
000803	金宇车城	--  	20.60	--  	--  	--  	0	0	--  	          0.00	--  	--  	--  	20.60	--  	0	  0.00	纺织	四川	0.00	20.60	0	
000859	国风塑业	-0.57	6.96	-0.04	6.96	6.97	7116	7116	0.00	          0.10	6.96	6.96	6.96	7.00	   280.35	4952736	  1.82	塑料	安徽	0.00	6.96	3558	
000868	安凯客车	0.14	7.02	0.01	7.01	7.02	124	124	0.00	          0.00	7.02	7.02	7.02	7.01	   142.02	87048	  0.37	汽车整车	安徽	0.00	7.02	62	
000877	天山股份	-0.35	14.20	-0.05	14.20	14.21	6956	6956	0.00	          0.08	14.20	14.20	14.20	14.25	  2165.78	9877520	  1.43	水泥	新疆	0.00	14.20	3478	
000878	云南铜业	0.06	15.59	0.01	15.58	15.59	3993	3993	0.00	          0.03	15.59	15.59	15.59	15.58	   371.79	6225087	  2.41	铜	云南	0.00	15.59	1997	
000903	云内动力	--  	8.76	--  	--  	--  	0	0	--  	          0.00	--  	--  	--  	8.76	    38.01	0	  0.00	机械基件	云南	0.00	8.76	0	
000923	河北宣工	0.00	21.77	0.00	21.65	21.77	111	111	0.00	          0.01	21.77	21.77	21.77	21.77	--  	241647	  0.37	工程机械	河北	0.00	21.77	56	
000975	银泰资源	0.25	15.80	0.04	15.78	15.80	463	463	0.00	          0.01	15.80	15.80	15.80	15.76	    77.81	731540	  1.55	铅锌	内蒙	0.00	15.80	232	
000987	越秀金控	-0.07	13.80	-0.01	13.76	13.80	42	42	0.00	          0.00	13.80	13.80	13.80	13.81	    60.19	57960	  0.22	多元金融	广东	0.00	13.80	21	
002001	新 和 成	-0.05	19.94	-0.01	19.90	19.94	40	40	0.00	          0.00	19.94	19.94	19.94	19.95	    19.26	79760	  0.13	化学制药	浙江	0.00	19.94	20	
002034	美 欣 达	--  	55.51	--  	55.20	55.52	0	0	--  	          0.00	--  	--  	--  	55.51	   286.00	0	  0.00	纺织	浙江	0.00	55.51	0	
002045	国光电器	-0.29	13.80	-0.04	13.80	13.87	284	284	0.00	          0.01	13.80	13.80	13.80	13.84	   132.63	391920	  0.46	元器件	广东	0.00	13.80	142	
002048	宁波华翔	-0.17	23.76	-0.04	23.73	23.76	62	62	0.00	          0.00	23.76	23.76	23.76	23.80	    20.60	147312	  0.20	汽车配件	浙江	0.00	23.76	31	
002055	得润电子	6.21	25.50	1.49	25.50	25.53	12417	12417	0.00	          0.31	25.50	25.50	25.50	24.01	   112.63	31663988	 29.71	元器件	深圳	0.00	25.50	6209	
002062	宏润建设	0.46	6.62	0.03	6.62	6.65	46	46	0.00	          0.00	6.62	6.62	6.62	6.59	    34.40	30717	  0.12	建筑施工	浙江	0.00	6.62	23	
002071	长城影视	0.00	12.93	0.00	12.93	12.94	101	101	0.00	          0.00	12.93	12.93	12.93	12.93	    46.14	130593	  0.48	影视音像	江苏	0.00	12.93	51	
002074	国轩高科	0.06	34.06	0.02	34.05	34.06	407	407	0.00	          0.01	34.06	34.06	34.06	34.04	    30.40	1386242	  0.73	电气设备	江苏	0.00	34.06	204	
002078	太阳纸业	0.00	7.33	0.00	7.32	7.33	128	128	0.00	          0.00	7.33	7.33	7.33	7.33	    21.21	93824	  0.12	造纸	山东	0.00	7.33	64	
002086	东方海洋	-0.19	10.60	-0.02	10.55	10.60	46	46	0.00	          0.00	10.60	10.60	10.60	10.62	    95.14	48760	  0.23	渔业	山东	0.00	10.60	23	
002092	中泰化学	-0.23	12.88	-0.03	12.88	12.89	248	248	0.00	          0.00	12.88	12.88	12.88	12.91	    29.09	319424	  0.33	化工原料	新疆	0.00	12.88	124	
002094	青岛金王	0.00	27.87	0.00	27.87	27.90	6	6	0.00	          0.00	27.87	27.87	27.87	27.87	    68.70	16722	  0.06	日用化工	山东	0.00	27.87	3	
002099	海翔药业	-0.12	8.19	-0.01	8.16	8.19	115	115	0.00	          0.00	8.19	8.19	8.19	8.20	    22.96	94185	  0.42	化学制药	浙江	0.00	8.19	58	
002100	天康生物	0.11	9.22	0.01	9.21	9.22	240	240	0.00	          0.00	9.22	9.22	9.22	9.21	    20.89	221280	  1.13	饲料	新疆	0.00	9.22	120	
002161	远 望 谷	0.09	10.84	0.01	10.84	10.85	191	191	0.00	          0.00	10.84	10.84	10.84	10.83	--  	207044	  0.95	通信设备	深圳	0.00	10.84	96	
002165	红 宝 丽	0.13	7.88	0.01	7.88	7.89	36	36	0.00	          0.00	7.88	7.88	7.88	7.87	    47.76	28368	  0.16	化工原料	江苏	0.00	7.88	18	
002167	东方锆业	0.00	12.63	0.00	12.63	12.65	488	488	0.00	          0.01	12.63	12.63	12.63	12.63	  1948.17	616344	  0.66	小金属	广东	0.00	12.63	244	
002175	东方网络	--  	16.38	--  	--  	--  	0	0	--  	          0.00	--  	--  	--  	16.38	   380.06	0	  0.00	电器仪表	广西	0.00	16.38	0	
002176	江特电机	-0.16	12.24	-0.02	12.23	12.24	249	249	0.00	          0.00	12.24	12.24	12.24	12.26	    91.15	304776	  0.24	电气设备	江西	0.00	12.24	125	
002226	江南化工	-0.54	9.25	-0.05	9.25	9.26	1435	1435	0.00	          0.02	9.25	9.25	9.25	9.30	    99.94	1327375	  1.00	化工原料	安徽	0.00	9.25	718	
002239	奥特佳	-0.21	14.10	-0.03	14.10	14.11	144	144	0.00	          0.00	14.10	14.10	14.10	14.13	    43.70	203040	  0.46	汽车配件	江苏	0.00	14.10	72	
002267	陕天然气	0.00	9.61	0.00	9.61	9.62	65	65	0.00	          0.00	9.61	9.61	9.61	9.61	    19.38	62561	  0.39	供气供热	陕西	0.00	9.61	33	
002273	水晶光电	0.49	22.38	0.11	22.38	22.39	322	322	0.00	          0.01	22.38	22.38	22.38	22.27	    65.58	720636	  0.41	元器件	浙江	0.00	22.38	161	
002297	博云新材	0.38	13.34	0.05	13.33	13.34	395	395	0.00	          0.01	13.34	13.34	13.34	13.29	--  	526930	  0.60	矿物制品	湖南	0.00	13.34	198	
002303	美盈森	0.21	9.75	0.02	9.75	9.76	166	166	0.00	          0.00	9.75	9.75	9.75	9.73	    53.25	161850	  0.57	造纸	深圳	0.00	9.75	83	
002318	久立特材	0.00	10.07	0.00	10.06	10.07	79	79	0.00	          0.00	10.07	10.07	10.07	10.07	    59.38	79553	  0.22	特种钢	浙江	0.00	10.07	40	
002340	格林美	-0.59	8.43	-0.05	8.43	8.44	2774	2774	0.00	          0.01	8.43	8.43	8.43	8.48	    93.56	2338701	  0.37	小金属	深圳	0.00	8.43	1387	
002355	兴民智通	1.11	15.50	0.17	15.50	15.53	6783	6783	0.00	          0.20	15.50	15.50	15.50	15.33	   156.69	10513743	 11.36	汽车配件	山东	0.00	15.50	3392	
002376	新北洋	-0.07	13.55	-0.01	13.51	13.55	116	116	0.00	          0.00	13.55	13.55	13.55	13.56	    46.32	157180	  0.44	电脑设备	山东	0.00	13.55	58	
002377	国创高新	-0.10	10.16	-0.01	10.15	10.16	135	135	0.00	          0.00	10.16	10.16	10.16	10.17	  1069.38	137160	  0.18	石油加工	湖北	0.00	10.16	68	
002383	合众思壮	--  	49.60	--  	--  	--  	0	0	--  	          0.00	--  	--  	--  	49.60	   799.04	0	  0.00	通信设备	北京	0.00	49.60	0	
002386	天原集团	-0.11	8.79	-0.01	8.79	8.83	8	8	0.00	          0.00	8.79	8.79	8.79	8.80	   107.08	7032	  0.02	化工原料	四川	0.00	8.79	4	
002387	黑牛食品	0.79	17.83	0.14	17.80	17.83	119	119	0.00	          0.00	17.83	17.83	17.83	17.69	   131.26	212177	  0.56	软饮料	广东	0.00	17.83	60	
002389	南洋科技	-1.09	22.68	-0.25	22.68	22.69	1258	1258	0.00	          0.02	22.68	22.68	22.68	22.93	   122.56	2853144	  1.26	元器件	浙江	0.00	22.68	629	
002396	星网锐捷	0.35	20.35	0.07	20.35	20.39	120	120	0.00	          0.00	20.35	20.35	20.35	20.28	    46.72	244200	  0.26	通信设备	福建	0.00	20.35	60	
002402	和而泰	0.36	11.10	0.04	11.09	11.10	5420	5420	0.00	          0.09	11.10	11.10	11.10	11.06	    72.25	6016200	  7.02	元器件	深圳	0.00	11.10	2710	
002404	嘉欣丝绸	0.34	8.95	0.03	8.93	8.95	99	99	0.00	          0.00	8.95	8.95	8.95	8.92	    52.79	88605	  0.42	纺织	浙江	0.00	8.95	50	
002447	壹桥股份	--  	9.37	--  	9.37	9.38	0	0	--  	          0.00	--  	--  	--  	9.37	    50.91	0	  0.00	渔业	辽宁	0.00	9.37	0	
002462	嘉事堂	--  	37.03	--  	36.90	37.07	0	0	--  	          0.00	--  	--  	--  	37.03	    40.89	0	  0.00	医药商业	北京	0.00	37.03	0	
002478	常宝股份	-0.06	16.01	-0.01	16.01	16.02	203	203	0.00	          0.01	16.01	16.01	16.01	16.02	    58.39	325003	  0.31	普钢	江苏	0.00	16.01	102	
002479	富春环保	-0.24	12.65	-0.03	12.62	12.65	180	180	0.00	          0.00	12.65	12.65	12.65	12.68	    41.13	227700	  0.57	火力发电	浙江	0.00	12.65	90	
002510	天汽模	0.30	6.60	0.02	6.58	6.60	533	533	0.00	          0.01	6.60	6.60	6.60	6.58	    40.30	351780	  1.23	汽车配件	天津	0.00	6.60	267	
002521	齐峰新材	0.17	11.55	0.02	11.54	11.55	75	75	0.00	          0.00	11.55	11.55	11.55	11.53	    45.35	86625	  0.24	造纸	山东	0.00	11.55	38	
002526	山东矿机	--  	10.12	--  	--  	--  	0	0	--  	          0.00	--  	--  	--  	10.12	   505.65	0	  0.00	工程机械	山东	0.00	10.12	0	
002528	英飞拓	0.00	6.95	0.00	6.95	6.96	98	98	0.00	          0.00	6.95	6.95	6.95	6.95	--  	68110	  0.56	电脑设备	深圳	0.00	6.95	49	
002558	世纪游轮	0.00	80.23	0.00	80.00	80.23	29	29	0.00	          0.00	80.23	80.23	80.23	80.23	   127.43	232667	  0.33	旅游服务	重庆	0.00	80.23	15	
002560	通达股份	-0.33	12.26	-0.04	12.25	12.26	232	232	0.00	          0.01	12.26	12.26	12.26	12.30	    57.12	284432	  0.69	电气设备	河南	0.00	12.26	116	
002565	顺灏股份	-0.61	8.17	-0.05	8.17	8.18	228	228	0.00	          0.00	8.17	8.17	8.17	8.22	    72.89	186276	  0.71	造纸	上海	0.00	8.17	114	
002571	德力股份	-0.14	13.91	-0.02	13.91	13.92	119	119	0.00	          0.00	13.91	13.91	13.91	13.93	--  	165529	  0.19	玻璃	安徽	0.00	13.91	60	
002574	明牌珠宝	-0.36	10.95	-0.04	10.94	10.95	125	125	0.00	          0.00	10.95	10.95	10.95	10.99	    84.33	136875	  0.67	服饰	浙江	0.00	10.95	63	
002579	中京电子	-0.33	14.90	-0.05	14.90	14.92	327	326	0.00	          0.01	14.90	14.90	14.90	14.95	    43.88	486992	  0.39	元器件	广东	0.00	14.90	163	
002583	海能达	0.99	14.24	0.14	14.24	14.25	309	309	0.00	          0.00	14.24	14.24	14.24	14.10	   177.97	440016	  1.02	通信设备	深圳	0.00	14.24	155	
002632	道明光学	0.72	11.20	0.08	11.15	11.20	184	184	0.00	          0.00	11.20	11.20	11.20	11.12	   136.05	206080	  0.73	化工原料	浙江	0.00	11.20	92	
002640	跨境通	0.06	17.91	0.01	17.91	17.98	43	43	0.00	          0.00	17.91	17.91	17.91	17.90	    70.36	77013	  0.19	服饰	山西	0.00	17.91	22	
002655	共达电声	1.04	13.63	0.14	13.60	13.63	1029	1029	0.00	          0.03	13.63	13.63	13.63	13.49	   272.48	1402527	  2.11	元器件	山东	0.00	13.63	515	
002659	中泰桥梁	0.12	16.55	0.02	16.50	16.55	28	28	0.00	          0.00	16.55	16.55	16.55	16.53	--  	46340	  0.13	建筑施工	江苏	0.00	16.55	14	
002676	顺威股份	0.00	28.44	0.00	28.23	28.44	10	10	0.00	          0.00	28.44	28.44	28.44	28.44	   306.91	28440	  0.17	塑料	广东	0.00	28.44	5	
002703	浙江世宝	0.03	33.91	0.01	33.91	33.98	65	65	0.00	          0.00	33.91	33.91	33.91	33.90	   158.02	220415	  0.29	汽车配件	浙江	0.00	33.91	33	
002719	麦趣尔	0.04	46.50	0.02	46.03	46.50	18	18	0.00	          0.00	46.50	46.50	46.50	46.48	    82.39	83700	  0.32	乳制品	新疆	0.00	46.50	9	
002727	一心堂	-0.05	21.15	-0.01	21.15	21.16	6	6	0.00	          0.00	21.15	21.15	21.15	21.16	    31.16	12690	  0.05	医药商业	云南	0.00	21.15	3	
002768	国恩股份	0.04	25.91	0.01	25.91	26.00	112	111	0.00	          0.01	25.91	25.91	25.91	25.90	    47.50	288897	  0.75	塑料	山东	0.00	25.91	56	
002772	众兴菌业	-0.26	19.21	-0.05	19.21	19.29	30	30	0.00	          0.00	19.21	19.21	19.21	19.26	    45.24	58033	  0.39	种植业	甘肃	0.00	19.21	15	
002780	三夫户外	-0.08	66.45	-0.05	66.45	66.49	19	19	0.00	          0.01	66.45	66.45	66.45	66.50	   126.77	126255	  0.22	其他商业	北京	0.00	66.45	10	
002798	帝王洁具	0.00	58.42	0.00	58.39	58.42	15	15	0.00	          0.01	58.42	58.42	58.42	58.42	   147.41	87630	  0.19	家居用品	四川	0.00	58.42	8	
300015	爱尔眼科	-0.46	30.23	-0.14	30.23	30.35	38	38	0.00	          0.00	30.23	30.23	30.23	30.37	    48.75	114874	  0.49	医疗保健	湖南	0.00	30.23	19	
300030	阳普医疗	0.30	13.55	0.04	13.48	13.55	111	111	0.00	          0.00	13.55	13.55	13.55	13.51	   145.86	150405	  0.40	医疗保健	广东	0.00	13.55	56	
300044	赛为智能	--  	20.02	--  	--  	--  	0	0	--  	          0.00	--  	--  	--  	20.02	   155.74	0	  0.00	软件服务	深圳	0.00	20.02	0	
300047	天源迪科	0.73	16.53	0.12	16.51	16.53	463	463	0.00	          0.02	16.53	16.53	16.53	16.41	   184.20	765339	  1.43	软件服务	深圳	0.00	16.53	232	
300050	世纪鼎利	0.24	12.50	0.03	12.50	12.52	278	278	0.00	          0.01	12.50	12.50	12.50	12.47	    52.00	347500	  0.89	软件服务	广东	0.00	12.50	139	
300053	欧比特	-0.22	13.69	-0.03	13.69	13.70	432	432	0.00	          0.01	13.69	13.69	13.69	13.72	   175.90	591408	  1.17	半导体	广东	0.00	13.69	216	
300062	中能电气	0.00	31.69	0.00	31.56	31.69	18	18	0.00	          0.00	31.69	31.69	31.69	31.69	    62.90	57042	  0.18	电气设备	福建	0.00	31.69	9	
300073	当升科技	0.00	59.70	0.00	59.67	59.70	4091	4091	0.00	          0.25	59.70	59.70	59.70	59.70	   130.67	24423270	  6.91	矿物制品	北京	0.00	59.70	2046	
300088	长信科技	--  	15.80	--  	--  	--  	0	0	--  	          0.00	--  	--  	--  	15.80	    59.16	0	  0.00	元器件	安徽	0.00	15.80	0	
300098	高新兴	0.00	13.41	0.00	13.41	13.45	170	170	0.00	          0.00	13.41	13.41	13.41	13.41	    53.90	227970	  0.32	通信设备	广东	0.00	13.41	85	
300109	新开源	-0.14	43.84	-0.06	43.84	44.25	41	41	0.00	          0.00	43.84	43.84	43.84	43.90	    87.57	179744	  0.50	化工原料	河南	0.00	43.84	21	
300111	向日葵	0.00	5.14	0.00	5.13	5.14	204	204	0.00	          0.00	5.14	5.14	5.14	5.14	   187.83	104856	  0.58	半导体	浙江	0.00	5.14	102	
300120	经纬电材	--  	15.39	--  	15.39	15.43	0	0	--  	          0.00	--  	--  	--  	15.39	   269.00	0	  0.00	电气设备	天津	0.00	15.39	0	
300121	阳谷华泰	0.30	16.99	0.05	16.98	16.99	96	96	0.00	          0.00	16.99	16.99	16.99	16.94	    31.34	163104	  0.68	化工原料	山东	0.00	16.99	48	
300123	太阳鸟	-0.73	19.01	-0.14	19.01	19.03	232	232	0.00	          0.01	19.01	19.01	19.01	19.15	   446.00	441032	  0.36	船舶	湖南	0.00	19.01	116	
300128	锦富技术	-0.09	21.14	-0.02	21.10	21.14	263	263	0.00	          0.01	21.14	21.14	21.14	21.16	   265.31	555982	  0.31	元器件	江苏	0.00	21.14	132	
300139	晓程科技	0.52	13.56	0.07	13.56	13.57	109	109	0.00	          0.01	13.56	13.56	13.56	13.49	   190.26	147804	  0.74	元器件	北京	0.00	13.56	55	
300150	世纪瑞尔	--  	9.97	--  	--  	--  	0	0	--  	          0.00	--  	--  	--  	9.97	--  	0	  0.00	软件服务	北京	0.00	9.97	0	
300169	天晟新材	0.00	11.14	0.00	11.10	11.14	10	10	0.00	          0.00	11.14	11.14	11.14	11.14	   199.62	11140	  0.06	塑料	江苏	0.00	11.14	5	
300180	华峰超纤	0.00	28.33	0.00	28.23	28.33	10	10	0.00	          0.00	28.33	28.33	28.33	28.33	   135.81	28330	  0.06	化纤	上海	0.00	28.33	5	
300190	维尔利	--  	16.65	--  	16.65	16.68	0	0	--  	          0.00	--  	--  	--  	16.65	    70.63	0	  0.00	环境保护	江苏	0.00	16.65	0	
300207	欣旺达	-0.39	12.85	-0.05	12.84	12.85	2667	2667	0.00	          0.04	12.85	12.85	12.85	12.90	    36.92	3427095	  2.70	元器件	深圳	0.00	12.85	1334	
300213	佳讯飞鸿	0.21	24.30	0.05	24.28	24.30	95	95	0.00	          0.01	24.30	24.30	24.30	24.25	    71.45	230850	  0.45	通信设备	北京	0.00	24.30	48	
300216	千山药机	-0.57	31.15	-0.18	31.14	31.15	90	90	0.00	          0.00	31.15	31.15	31.15	31.33	   447.86	280350	  0.58	医疗保健	湖南	0.00	31.15	45	
300219	鸿利智汇	-0.07	13.39	-0.01	13.39	13.40	50	50	0.00	          0.00	13.39	13.39	13.39	13.40	    34.85	66950	  0.15	元器件	广东	0.00	13.39	25	
300223	北京君正	--  	48.40	--  	--  	--  	0	0	--  	          0.00	--  	--  	--  	48.40	   741.58	0	  0.00	半导体	北京	0.00	48.40	0	
300231	银信科技	0.11	18.05	0.02	18.04	18.05	39	39	0.00	          0.00	18.05	18.05	18.05	18.03	    52.28	70395	  0.15	软件服务	北京	0.00	18.05	20	
300238	冠昊生物	0.38	31.88	0.12	31.76	31.88	136	136	0.00	          0.01	31.88	31.88	31.88	31.76	   129.60	433568	  1.09	医疗保健	广东	0.00	31.88	68	
300273	和佳股份	0.00	14.96	0.00	14.96	14.98	43	43	0.00	          0.00	14.96	14.96	14.96	14.96	    38.83	64328	  0.16	医疗保健	广东	0.00	14.96	22	
300276	三丰智能	--  	18.15	--  	--  	--  	0	0	--  	          0.00	--  	--  	--  	18.15	   771.16	0	  0.00	专用机械	湖北	0.00	18.15	0	
300288	朗玛信息	0.20	24.53	0.05	24.41	24.53	52	52	0.00	          0.00	24.53	24.53	24.53	24.48	    99.79	127556	  0.27	软件服务	贵州	0.00	24.53	26	
300296	利亚德	0.00	36.21	0.00	36.11	36.21	167	167	0.00	          0.00	36.21	36.21	36.21	36.21	    72.80	604707	  1.11	半导体	北京	0.00	36.21	84	
300300	汉鼎宇佑	0.00	21.61	0.00	21.61	21.98	58	58	0.00	          0.00	21.61	21.61	21.61	21.61	   162.06	125338	  0.35	软件服务	浙江	0.00	21.61	29	
300328	宜安科技	0.17	11.87	0.02	11.87	11.88	52	52	0.00	          0.00	11.87	11.87	11.87	11.85	   204.44	61724	  0.26	铝	广东	0.00	11.87	26	
300334	津膜科技	-0.12	17.33	-0.02	17.32	17.33	41	41	0.00	          0.00	17.33	17.33	17.33	17.35	   180.61	71053	  0.27	专用机械	天津	0.00	17.33	21	
300381	溢多利	0.30	23.12	0.07	23.00	23.12	21	21	0.00	          0.00	23.12	23.12	23.12	23.05	   106.38	48552	  0.24	饲料	广东	0.00	23.12	11	
300394	天孚通信	--  	32.00	--  	31.90	32.08	0	0	--  	          0.00	--  	--  	--  	32.00	    50.23	0	  0.00	通信设备	江苏	0.00	32.00	0	
300398	飞凯材料	0.14	90.27	0.13	90.27	90.47	88	88	0.00	          0.02	90.27	90.27	90.27	90.14	   138.49	794376	  0.53	染料涂料	上海	0.00	90.27	44	
300407	凯发电气	--  	18.38	--  	18.26	18.38	0	0	--  	          0.00	--  	--  	--  	18.38	    38.69	0	  0.00	电气设备	天津	0.00	18.38	0	
300409	道氏技术	0.30	37.02	0.11	37.02	37.08	153	153	0.00	          0.01	37.02	37.02	37.02	36.91	    78.69	566406	  0.62	陶瓷	广东	0.00	37.02	77	
300411	金盾股份	-0.16	38.61	-0.06	38.42	38.61	23	23	0.00	          0.00	38.61	38.61	38.61	38.67	   144.83	88803	  0.34	专用机械	浙江	0.00	38.61	12	
300419	浩丰科技	0.33	27.10	0.09	27.10	27.14	118	118	0.00	          0.01	27.10	27.10	27.10	27.01	    87.80	319780	  1.37	软件服务	北京	0.00	27.10	59	
300420	五洋科技	--  	24.98	--  	--  	--  	0	0	--  	          0.00	--  	--  	--  	24.98	    83.38	0	  0.00	机械基件	江苏	0.00	24.98	0	
300427	红相电力	-0.74	25.65	-0.19	25.63	25.65	254	254	0.00	          0.03	25.65	25.65	25.65	25.84	   382.61	651510	  0.50	电气设备	福建	0.00	25.65	127	
300429	强力新材	0.03	32.65	0.01	32.65	32.66	39	39	0.00	          0.00	32.65	32.65	32.65	32.64	    66.58	127335	  0.24	化工原料	江苏	0.00	32.65	20	
300447	全信股份	0.37	51.39	0.19	51.10	51.39	20	20	0.00	          0.00	51.39	51.39	51.39	51.20	    92.27	102780	  0.19	电气设备	江苏	0.00	51.39	10	
300449	汉邦高科	0.40	40.46	0.16	40.46	40.47	48	48	0.00	          0.01	40.46	40.46	40.46	40.30	   362.26	194208	  0.96	电脑设备	北京	0.00	40.46	24	
300450	先导智能	0.12	41.85	0.05	41.80	41.85	634	634	0.00	          0.04	41.85	41.85	41.85	41.80	    58.75	2653290	  1.09	专用机械	江苏	0.00	41.85	317	
300456	耐威科技	-0.02	48.40	-0.01	48.10	48.40	5	5	0.00	          0.00	48.40	48.40	48.40	48.41	   381.36	24200	  0.07	元器件	北京	0.00	48.40	3	
300466	赛摩电气	1.00	40.29	0.40	40.25	40.29	271	271	0.00	          0.03	40.29	40.29	40.29	39.89	   412.68	1091859	  0.51	电器仪表	江苏	0.00	40.29	136	
300477	合纵科技	0.05	20.04	0.01	20.04	20.16	48	48	0.00	          0.00	20.04	20.04	20.04	20.03	    89.75	96192	  0.22	电气设备	北京	0.00	20.04	24	
300480	光力科技	0.43	25.57	0.11	25.50	25.58	37	37	0.00	          0.01	25.57	25.57	25.57	25.46	   236.09	94609	  0.21	电器仪表	河南	0.00	25.57	19	
300481	濮阳惠成	0.00	33.32	0.00	33.32	33.33	202	202	0.00	          0.03	33.32	33.32	33.32	33.32	    85.29	673064	  0.57	化工原料	河南	0.00	33.32	101	
300506	名家汇	0.10	40.19	0.04	40.17	40.19	29	29	0.00	          0.00	40.19	40.19	40.19	40.15	   184.31	116551	  0.12	建筑施工	深圳	0.00	40.19	15	
300510	金冠电气	--  	34.91	--  	--  	--  	0	0	--  	          0.00	--  	--  	--  	34.91	   107.67	0	  0.00	电气设备	吉林	0.00	34.91	0	
300511	雪榕生物	-4.05	44.30	-1.87	44.29	44.30	1838	1838	0.00	          0.49	44.30	44.30	44.30	46.17	   161.24	8142340	 15.98	种植业	上海	0.00	44.30	919	
300513	恒泰实达	0.11	82.51	0.09	82.50	82.51	14	14	0.00	          0.01	82.51	82.51	82.51	82.42	  1260.86	115514	  0.28	软件服务	北京	0.00	82.51	7	
300526	中潜股份	--  	107.03	--  	--  	--  	0	0	--  	          0.00	--  	--  	--  	107.03	   294.70	0	  0.00	专用机械	广东	0.00	107.03	0	
300537	广信材料	0.33	42.81	0.14	42.81	42.87	26	26	0.00	          0.01	42.81	42.81	42.81	42.67	   105.57	111306	  0.30	染料涂料	江苏	0.00	42.81	13	
600008	首创股份	0.23	4.37	0.01	4.38	4.38	0	0	--  	          0.00	--  	--  	--  	4.37	    40.24	0	  0.58	环境保护	北京	0.00	4.37	0	
600021	上海电力	-0.48	12.53	-0.06	12.51	12.53	304	304	0.00	          0.00	12.53	12.53	12.53	12.59	    24.58	380912	  0.76	火力发电	上海	0.00	12.53	152	
600061	国投安信	-0.13	15.45	-0.02	15.42	15.45	77	77	0.00	          0.00	15.45	15.45	15.45	15.47	    20.25	118965	  0.31	证券	上海	0.00	15.45	39	
600071	凤凰光学	-0.54	22.30	-0.12	22.30	22.34	50	50	0.00	          0.00	22.30	22.30	22.30	22.42	--  	111500	  0.34	元器件	江西	0.00	22.30	25	
600136	当代明诚	--  	16.79	--  	--  	--  	0	0	--  	          0.00	--  	--  	--  	16.79	    66.95	0	  0.00	影视音像	湖北	0.00	16.79	0	
600152	维科精华	--  	12.50	--  	--  	--  	0	0	--  	          0.00	--  	--  	--  	12.50	--  	0	  0.00	纺织	浙江	0.00	12.50	0	
600171	上海贝岭	0.21	14.01	0.03	14.00	14.01	445	445	0.00	          0.01	14.01	14.01	14.01	13.98	   181.43	623445	  1.62	半导体	上海	0.00	14.01	223	
600189	吉林森工	-0.33	12.12	-0.04	12.08	12.08	0	0	--  	          0.00	--  	--  	--  	12.12	    72.79	0	  0.27	林业	吉林	0.00	12.12	0	
600239	云南城投	--  	6.55	--  	--  	--  	0	0	--  	          0.00	--  	--  	--  	6.55	--  	0	  0.00	区域地产	云南	0.00	6.55	0	
600242	中昌数据	-0.30	16.38	-0.05	16.30	16.38	1778	1778	0.00	          0.07	16.38	16.38	16.38	16.43	--  	2912364	  5.57	水运	广东	0.00	16.38	889	
600267	海正药业	0.07	13.59	0.01	13.58	13.59	84	84	0.00	          0.00	13.59	13.59	13.59	13.58	   317.41	114156	  0.32	化学制药	浙江	0.00	13.59	42	
600346	恒力股份	9.96	9.16	0.83	9.16	--  	7971	7971	0.00	          0.12	9.16	9.16	9.16	8.33	    21.94	7301482	 14.31	化纤	辽宁	0.00	9.16	3986	
600350	山东高速	-0.44	6.76	-0.03	6.76	6.78	484	484	0.00	          0.00	6.76	6.76	6.76	6.79	     9.90	327184	  1.36	路桥	山东	0.00	6.76	242	
600380	健康元	-0.41	9.80	-0.04	9.80	9.83	244	244	0.00	          0.00	9.80	9.80	9.80	9.84	    31.19	239120	  0.57	化学制药	深圳	0.00	9.80	122	
600393	粤泰股份	0.31	16.29	0.05	16.29	16.33	287	287	0.00	          0.01	16.29	16.29	16.29	16.24	   142.33	467523	  0.76	全国地产	广东	0.00	16.29	144	
600460	士兰微	0.00	6.60	0.00	6.60	6.61	1110	1110	0.00	          0.01	6.60	6.60	6.60	6.60	    85.84	732600	  1.98	半导体	浙江	0.00	6.60	555	
600491	龙元建设	-0.08	12.02	-0.01	12.01	12.02	308	308	0.00	          0.00	12.02	12.02	12.02	12.03	    55.75	370216	  0.63	建筑施工	浙江	0.00	12.02	154	
600496	精工钢构	0.00	4.48	0.00	4.47	4.48	152	152	0.00	          0.00	4.48	4.48	4.48	4.48	    37.26	68096	  0.34	钢加工	安徽	0.00	4.48	76	
600499	科达洁能	0.37	8.23	0.03	8.20	8.23	43	43	0.00	          0.00	8.23	8.23	8.23	8.20	    24.25	35389	  0.08	专用机械	广东	0.00	8.23	22	
600509	天富能源	0.12	8.03	0.01	8.04	8.04	0	0	--  	          0.00	--  	--  	--  	8.03	    19.94	0	  1.49	火力发电	新疆	0.00	8.03	0	
600527	江南高纤	-0.32	6.25	-0.02	6.25	6.26	60	60	0.00	          0.00	6.25	6.25	6.25	6.27	   182.63	37500	  0.16	化纤	江苏	0.00	6.25	30	
600545	新疆城建	0.76	11.95	0.09	11.93	11.95	584	584	0.00	          0.01	11.95	11.95	11.95	11.86	--  	697880	  1.17	建筑施工	新疆	0.00	11.95	292	
600551	时代出版	--  	20.32	--  	--  	--  	0	0	--  	          0.00	--  	--  	--  	20.32	    25.53	0	  0.00	出版业	安徽	0.00	20.32	0	
600565	迪马股份	0.44	6.81	0.03	6.80	6.81	1484	1484	0.00	          0.01	6.81	6.81	6.81	6.78	    95.87	1010604	  1.89	全国地产	重庆	0.00	6.81	742	
600577	精达股份	0.14	6.94	0.01	6.94	6.95	16430	16430	0.00	          0.12	6.94	6.94	6.94	6.93	    60.60	11402642	  2.47	电气设备	安徽	0.00	6.94	8215	
600673	东阳光科	--  	7.29	--  	--  	--  	0	0	--  	          0.00	--  	--  	--  	7.29	   191.04	0	  0.00	铝	广东	0.00	7.29	0	
600675	中华企业	0.54	7.50	0.04	7.50	7.52	503	503	0.00	          0.00	7.50	7.50	7.50	7.46	    21.36	377250	  0.64	区域地产	上海	0.00	7.50	252	
600681	百川能源	--  	16.37	--  	--  	--  	0	0	--  	          0.00	--  	--  	--  	16.37	    41.57	0	  0.00	供气供热	湖北	0.00	16.37	0	
600687	刚泰控股	0.14	14.10	0.02	14.10	14.11	301	301	0.00	          0.00	14.10	14.10	14.10	14.08	    47.32	424410	  0.67	黄金	甘肃	0.00	14.10	151	
600702	沱牌舍得	-1.04	27.71	-0.29	27.71	27.85	342	342	0.00	          0.01	27.71	27.71	27.71	28.00	   116.54	947682	  0.60	白酒	四川	0.00	27.71	171	
600729	重庆百货	-1.28	27.02	-0.35	27.02	27.25	59	59	0.00	          0.00	27.02	27.02	27.02	27.37	    26.23	159418	  0.16	百货	重庆	0.00	27.02	30	
600737	中粮糖业	-0.09	11.52	-0.01	11.51	11.52	258	258	0.00	          0.00	11.52	11.52	11.52	11.53	    53.36	297216	  0.31	食品	新疆	0.00	11.52	129	
600749	西藏旅游	0.00	20.45	0.00	20.45	20.45	0	0	--  	          0.00	--  	--  	--  	20.45	--  	0	  0.23	旅游景点	西藏	0.00	20.45	0	
600760	中航黑豹	-0.50	33.52	-0.17	33.52	33.65	5324	5323	0.00	          0.15	33.52	33.52	33.52	33.69	   320.16	17844372	  5.85	汽车整车	山东	0.00	33.52	2662	
600763	通策医疗	0.07	28.80	0.02	28.80	28.84	18	18	0.00	          0.00	28.80	28.80	28.80	28.78	    55.96	51840	  0.17	医疗保健	浙江	0.00	28.80	9	
600764	中电广通	0.18	33.38	0.06	33.44	33.44	0	0	--  	          0.00	--  	--  	--  	33.38	   398.51	0	  1.33	通信设备	北京	0.00	33.38	0	
600773	西藏城投	-0.15	13.02	-0.02	13.00	13.00	0	0	--  	          0.00	--  	--  	--  	13.02	   162.61	0	  1.52	区域地产	西藏	0.00	13.02	0	
600789	鲁抗医药	-0.30	10.05	-0.03	10.02	10.02	0	0	--  	          0.00	--  	--  	--  	10.05	   202.97	0	  0.36	化学制药	山东	0.00	10.05	0	
600797	浙大网新	3.90	14.38	0.54	14.37	14.38	10837	10837	0.00	          0.13	14.38	14.38	14.38	13.84	    61.70	15583606	 19.53	软件服务	浙江	0.00	14.38	5419	
600804	鹏博士	0.38	21.29	0.08	21.25	21.29	160	160	0.00	          0.00	21.29	21.29	21.29	21.21	    37.21	340640	  0.40	电信运营	四川	0.00	21.29	80	
600875	东方电气	--  	10.79	--  	--  	--  	0	0	--  	          0.00	--  	--  	--  	10.79	--  	0	  0.00	电气设备	四川	0.00	10.79	0	
600876	洛阳玻璃	0.35	29.00	0.10	28.93	29.00	2584	2584	0.00	          0.10	29.00	29.00	29.00	28.90	--  	7493600	 10.17	玻璃	河南	0.00	29.00	1292	
600889	南京化纤	0.15	13.73	0.02	13.70	13.73	86	86	0.00	          0.00	13.73	13.73	13.73	13.71	    46.42	118078	  0.28	化纤	江苏	0.00	13.73	43	
600893	中航动力	0.06	33.55	0.02	33.55	33.56	178	178	0.00	          0.00	33.55	33.55	33.55	33.53	   163.31	597190	  0.90	航空	陕西	0.00	33.55	89	
600926	杭州银行	-0.49	22.47	-0.11	22.47	22.48	444	444	0.00	          0.02	22.47	22.47	22.47	22.58	    13.14	997668	  0.63	银行	浙江	0.00	22.47	222	
600958	东方证券	0.07	15.27	0.01	15.26	15.27	361	361	0.00	          0.00	15.27	15.27	15.27	15.26	    37.95	551247	  0.92	证券	上海	0.00	15.27	181	
600976	健民集团	--  	32.43	--  	32.35	32.88	0	0	--  	          0.00	--  	--  	--  	32.43	    76.94	0	  0.00	中成药	湖北	0.00	32.43	0	
600979	广安爱众	--  	7.92	--  	--  	--  	0	0	--  	          0.00	--  	--  	--  	7.92	    33.43	0	  0.00	水力发电	四川	0.00	7.92	0	
600998	九州通	0.20	19.97	0.04	19.97	19.98	14	14	0.00	          0.00	19.97	19.97	19.97	19.93	    53.93	27958	  0.18	医药商业	湖北	0.00	19.97	7	
601107	四川成渝	-0.20	5.10	-0.01	5.08	5.10	560	560	0.00	          0.00	5.10	5.10	5.10	5.11	    11.38	285600	  0.77	路桥	四川	0.00	5.10	280	
601116	三江购物	0.00	34.79	0.00	34.79	34.80	248	247	0.00	          0.01	34.79	34.79	34.79	34.79	   139.81	861226	  0.49	超市连锁	浙江	0.00	34.79	124	
601127	小康股份	0.04	26.42	0.01	26.42	26.43	36	36	0.00	          0.00	26.42	26.42	26.42	26.41	    60.87	95112	  0.15	汽车配件	重庆	0.00	26.42	18	
601233	桐昆股份	-0.13	14.88	-0.02	14.88	14.90	149	149	0.00	          0.00	14.88	14.88	14.88	14.90	    24.56	221712	  0.27	化纤	浙江	0.00	14.88	75	
601238	广汽集团	-0.04	26.05	-0.01	26.05	26.09	169	169	0.00	          0.00	26.05	26.05	26.05	26.06	    22.52	440245	  0.77	汽车整车	广东	0.00	26.05	85	
601727	上海电气	--  	8.42	--  	--  	--  	0	0	--  	          0.00	--  	--  	--  	8.42	    47.95	0	  0.00	电气设备	上海	0.00	8.42	0	
601789	宁波建工	-0.43	6.91	-0.03	6.91	6.92	476	476	0.00	          0.00	6.91	6.91	6.91	6.94	    38.34	328916	  1.16	建筑施工	浙江	0.00	6.91	238	
601818	光大银行	-0.47	4.22	-0.02	4.20	4.20	0	0	--  	          0.00	--  	--  	--  	4.22	     6.05	0	  0.47	银行	北京	0.00	4.22	0	
601866	中远海发	-0.24	4.10	-0.01	4.09	4.09	0	0	--  	          0.00	--  	--  	--  	4.10	--  	0	  0.35	水运	上海	0.00	4.10	0	
601900	南方传媒	0.00	15.26	0.00	15.26	15.30	28	28	0.00	          0.00	15.26	15.26	15.26	15.26	    27.03	42728	  0.15	出版业	广东	0.00	15.26	14	
601991	大唐发电	0.00	4.73	0.00	4.72	4.73	403	403	0.00	          0.00	4.73	4.73	4.73	4.73	--  	190619	  0.24	火力发电	北京	0.00	4.73	202	
601997	贵阳银行	-0.17	17.43	-0.03	17.41	17.43	235	235	0.00	          0.00	17.43	17.43	17.43	17.46	    11.14	409605	  0.26	银行	贵州	0.00	17.43	118	
603169	兰石重装	--  	13.36	--  	--  	--  	0	0	--  	          0.00	--  	--  	--  	13.36	   421.82	0	  0.00	专用机械	甘肃	0.00	13.36	0	
603223	恒通股份	0.80	34.05	0.27	34.04	34.05	426	426	0.00	          0.05	34.05	34.05	34.05	33.78	    68.61	1450530	  8.04	公路	山东	0.00	34.05	213	
603300	华铁科技	-0.32	15.44	-0.05	15.43	15.44	983	983	0.00	          0.04	15.44	15.44	15.44	15.49	   134.24	1517752	  0.64	钢加工	浙江	0.00	15.44	492	
603308	应流股份	0.25	19.85	0.05	19.85	19.86	29	29	0.00	          0.00	19.85	19.85	19.85	19.80	   125.49	57565	  0.15	专用机械	安徽	0.00	19.85	15	
603518	维格娜丝	0.38	32.10	0.12	32.00	32.10	42	42	0.00	          0.01	32.10	32.10	32.10	31.98	    47.35	134820	  1.05	服饰	江苏	0.00	32.10	21	
603558	健盛集团	-0.18	27.46	-0.05	27.46	27.57	183	183	0.00	          0.02	27.46	27.46	27.46	27.51	    72.86	502518	  0.66	纺织	浙江	0.00	27.46	92	
603600	永艺股份	10.00	56.85	5.17	56.85	--  	2984	2984	0.00	          0.71	56.85	56.85	56.85	51.68	    47.29	16964552	 59.68	家居用品	浙江	0.00	56.85	1492	
603686	龙马环卫	0.41	31.66	0.13	31.55	31.66	18	18	0.00	          0.00	31.66	31.66	31.66	31.53	    42.56	56988	  0.31	专用机械	福建	0.00	31.66	9	
603716	塞力斯	-0.88	116.33	-1.03	116.26	116.33	42	42	0.00	          0.03	116.33	116.33	116.33	117.36	    85.98	488586	  1.11	医药商业	湖北	0.00	116.33	21	
603822	嘉澳环保	-0.21	58.20	-0.12	58.11	58.20	151	151	0.00	          0.08	58.20	58.20	58.20	58.32	    99.54	878820	  1.23	环境保护	浙江	0.00	58.20	76	
603866	桃李面包	0.27	43.81	0.12	43.31	43.81	28	28	0.00	          0.00	43.81	43.81	43.81	43.69	    45.49	122668	  1.22	食品	辽宁	0.00	43.81	14	
603883	老百姓	0.00	45.45	0.00	45.45	45.46	42	42	0.00	          0.00	45.45	45.45	45.45	45.45	    43.70	190890	  1.11	医药商业	湖南	0.00	45.45	21	
603986	兆易创新	10.00	215.35	19.58	215.35	--  	113	113	0.00	          0.05	215.35	215.35	215.35	195.77	   111.69	2433455	  0.41	半导体	北京	0.00	215.35	57	
数据来源:通达信
