代码	名称	涨幅%%	现价	涨跌	买价	卖价	总量	现量	涨速%%	换手%%	今开	最高	最低	昨收	市盈(动)	总金额	量比	细分行业	地区	振幅%%	均价	内盘	
000028	国药一致	0.30	70.54	0.21	70.51	70.54	11	11	0.00	          0.00	70.54	70.54	70.54	70.33	    31.34	77594	  0.23	医药商业	深圳	0.00	70.54	6	
000058	深 赛 格	0.00	10.61	0.00	10.61	10.65	34	34	0.00	          0.00	10.61	10.61	10.61	10.61	   232.57	36074	  0.19	元器件	深圳	0.00	10.61	17	
000065	北方国际	0.03	31.04	0.01	31.04	31.12	17	17	0.00	          0.00	31.04	31.04	31.04	31.03	    74.93	52768	  0.13	建筑施工	北京	0.00	31.04	9	
000066	长城电脑	0.18	10.93	0.02	10.92	10.93	336	336	0.00	          0.00	10.93	10.93	10.93	10.91	   897.87	367248	  0.27	电脑设备	深圳	0.00	10.93	168	
000408	*ST金源	--  	16.06	--  	16.01	16.12	0	0	--  	          0.00	--  	--  	--  	16.06	    53.36	0	  0.00	商贸代理	河北	0.00	16.06	0	
000426	兴业矿业	-0.34	8.90	-0.03	8.89	8.90	378	378	0.00	          0.00	8.90	8.90	8.90	8.93	   128.87	336420	  0.72	铅锌	内蒙	0.00	8.90	189	
000488	晨鸣纸业	-0.08	12.21	-0.01	12.20	12.21	646	646	0.00	          0.01	12.21	12.21	12.21	12.22	    11.46	788766	  0.63	造纸	山东	0.00	12.21	323	
000513	丽珠集团	0.18	54.83	0.10	54.83	54.90	36	36	0.00	          0.00	54.83	54.83	54.83	54.73	    28.47	197388	  0.48	中成药	广东	0.00	54.83	18	
000519	中兵红箭	-0.30	16.63	-0.05	16.62	16.63	634	634	0.00	          0.01	16.63	16.63	16.63	16.68	   376.42	1054342	  0.46	矿物制品	湖南	0.00	16.63	317	
000521	美菱电器	0.82	7.36	0.06	7.32	7.36	1991	1991	0.00	          0.03	7.36	7.36	7.36	7.30	    34.89	1465376	  5.35	家用电器	安徽	0.00	7.36	996	
000524	岭南控股	0.00	14.87	0.00	14.83	14.87	60	60	0.00	          0.00	14.87	14.87	14.87	14.87	   103.31	89220	  0.35	酒店餐饮	广东	0.00	14.87	30	
000536	华映科技	0.00	12.07	0.00	12.06	12.07	192	192	0.00	          0.00	12.07	12.07	12.07	12.07	    38.25	231744	  0.78	元器件	福建	0.00	12.07	96	
000544	中原环保	0.56	19.63	0.11	19.57	19.63	203	203	0.00	          0.01	19.63	19.63	19.63	19.52	    38.44	398489	  0.72	环境保护	河南	0.00	19.63	102	
000555	神州信息	-0.65	22.79	-0.15	22.79	22.90	399	399	0.00	          0.00	22.79	22.79	22.79	22.94	   133.52	909321	  1.13	软件服务	深圳	0.00	22.79	200	
000564	供销大集	-0.12	8.62	-0.01	8.62	8.63	363	363	0.00	          0.01	8.62	8.62	8.62	8.63	  1563.38	312906	  0.64	百货	陕西	0.00	8.62	182	
000605	渤海股份	0.00	20.74	0.00	20.69	20.74	32	32	0.00	          0.00	20.74	20.74	20.74	20.74	   122.32	66368	  0.47	水务	北京	0.00	20.74	16	
000617	中油资本	0.35	19.80	0.07	19.80	19.82	326	326	0.00	          0.01	19.80	19.80	19.80	19.73	--  	645480	  0.70	多元金融	山东	0.00	19.80	163	
000625	长安汽车	0.51	15.70	0.08	15.70	15.71	3473	3473	0.00	          0.01	15.70	15.70	15.70	15.62	     7.31	5452610	  1.99	汽车整车	重庆	0.00	15.70	1737	
000630	铜陵有色	0.00	3.24	0.00	3.24	3.25	5357	5357	0.00	          0.01	3.24	3.24	3.24	3.24	   268.79	1735668	  1.12	铜	安徽	0.00	3.24	2679	
000656	金科股份	0.00	5.82	0.00	5.82	5.83	707	707	0.00	          0.00	5.82	5.82	5.82	5.82	    23.13	411474	  0.65	区域地产	重庆	0.00	5.82	354	
000683	远兴能源	-0.33	3.04	-0.01	3.04	3.05	1564	1564	0.00	          0.01	3.04	3.04	3.04	3.05	   176.40	475456	  1.00	化工原料	内蒙	0.00	3.04	782	
000703	恒逸石化	-0.13	14.84	-0.02	14.84	14.85	7	7	0.00	          0.00	14.84	14.84	14.84	14.86	    35.86	10388	  0.02	化纤	广西	0.00	14.84	4	
000753	漳州发展	0.00	5.47	0.00	5.46	5.47	292	292	0.00	          0.00	5.47	5.47	5.47	5.47	   251.18	159724	  0.46	汽车服务	福建	0.00	5.47	146	
000767	漳泽电力	0.00	3.96	0.00	3.95	3.96	1859	1859	0.00	          0.01	3.96	3.96	3.96	3.96	 27642.22	736164	  3.65	火力发电	山西	0.00	3.96	930	
000786	北新建材	-0.17	11.82	-0.02	11.80	11.82	41	41	0.00	          0.00	11.82	11.82	11.82	11.84	    20.27	48462	  0.06	其他建材	北京	0.00	11.82	21	
000807	云铝股份	-1.05	7.55	-0.08	7.55	7.57	1148	1148	0.00	          0.01	7.55	7.55	7.55	7.63	    81.31	866740	  0.80	铝	云南	0.00	7.55	574	
000810	创维数字	0.07	14.14	0.01	14.13	14.14	97	97	0.00	          0.00	14.14	14.14	14.14	14.13	    31.62	137158	  0.67	元器件	四川	0.00	14.14	49	
000813	德展健康	--  	14.68	--  	14.69	14.70	0	0	--  	          0.00	--  	--  	--  	14.68	    31.64	0	  0.00	化学制药	新疆	0.00	14.68	0	
000820	神雾节能	-0.29	37.99	-0.11	37.99	38.00	86	86	0.00	          0.00	37.99	37.99	37.99	38.10	   120.74	326714	  0.36	环境保护	辽宁	0.00	37.99	43	
000851	高鸿股份	-0.64	12.42	-0.08	12.42	12.45	1565	1565	0.00	          0.03	12.42	12.42	12.42	12.50	   144.08	1943730	  2.85	软件服务	贵州	0.00	12.42	783	
000862	银星能源	--  	7.90	--  	--  	--  	0	0	--  	          0.00	--  	--  	--  	7.90	   507.54	0	  0.00	新型电力	宁夏	0.00	7.90	0	
000875	吉电股份	-0.16	6.07	-0.01	6.07	6.08	23	23	0.00	          0.00	6.07	6.07	6.07	6.08	   162.69	13961	  0.06	火力发电	吉林	0.00	6.07	12	
000876	新 希 望	0.00	8.08	0.00	8.08	8.09	278	278	0.00	          0.00	8.08	8.08	8.08	8.08	    12.09	224624	  0.47	饲料	四川	0.00	8.08	139	
000881	中广核技	0.34	26.80	0.09	26.72	26.80	31	31	0.00	          0.00	26.80	26.80	26.80	26.71	 35623.77	83080	  0.17	综合类	辽宁	0.00	26.80	16	
000882	华联股份	0.23	4.28	0.01	4.27	4.28	1420	1420	0.00	          0.01	4.28	4.28	4.28	4.27	    57.24	607760	  1.16	百货	北京	0.00	4.28	710	
000885	同力水泥	0.04	26.79	0.01	26.79	26.80	605	605	0.00	          0.01	26.79	26.79	26.79	26.78	  4653.36	1620795	  0.59	水泥	河南	0.00	26.79	303	
000892	欢瑞世纪	0.24	12.73	0.03	12.73	12.75	7	7	0.00	          0.00	12.73	12.73	12.73	12.70	--  	8911	  0.06	影视音像	重庆	0.00	12.73	4	
000901	航天科技	0.19	36.41	0.07	36.41	36.45	177	177	0.00	          0.01	36.41	36.41	36.41	36.34	   400.62	644457	  0.84	航空	黑龙江	0.00	36.41	89	
000909	数源科技	6.43	16.71	1.01	16.71	16.75	1572	1572	0.00	          0.05	16.71	16.71	16.71	15.70	   172.84	2626846	  9.09	综合类	浙江	0.00	16.71	786	
000928	中钢国际	0.00	19.81	0.00	19.81	19.87	180	180	0.00	          0.00	19.81	19.81	19.81	19.81	    28.13	356580	  0.34	建筑施工	吉林	0.00	19.81	90	
000931	中 关 村	-0.31	9.65	-0.03	9.65	9.68	130	130	0.00	          0.00	9.65	9.65	9.65	9.68	   965.81	125450	  0.25	区域地产	北京	0.00	9.65	65	
000939	凯迪生态	-0.50	12.03	-0.06	12.03	12.08	526	526	0.00	          0.00	12.03	12.03	12.03	12.09	   104.87	632778	  1.00	新型电力	湖北	0.00	12.03	263	
000949	新乡化纤	-0.16	6.29	-0.01	6.29	6.30	601	601	0.00	          0.01	6.29	6.29	6.29	6.30	    54.27	378029	  1.90	化纤	河南	0.00	6.29	301	
000968	*ST煤气	-0.61	13.00	-0.08	12.99	13.00	96	96	0.00	          0.00	13.00	13.00	13.00	13.08	--  	124800	  0.27	煤炭开采	山西	0.00	13.00	48	
000971	高升控股	-0.14	21.26	-0.03	21.25	21.26	18	18	0.00	          0.00	21.26	21.26	21.26	21.29	    97.89	38268	  0.11	互联网	湖北	0.00	21.26	9	
000981	银亿股份	--  	10.14	--  	--  	--  	0	0	--  	          0.00	--  	--  	--  	10.14	    43.99	0	  0.00	区域地产	甘肃	0.00	10.14	0	
000990	诚志股份	0.06	16.04	0.01	16.04	16.06	54	54	0.00	          0.00	16.04	16.04	16.04	16.03	   181.43	86616	  0.72	化工原料	江西	0.00	16.04	27	
001896	豫能控股	-0.17	11.96	-0.02	11.95	11.96	663	663	0.00	          0.01	11.96	11.96	11.96	11.98	    13.98	792948	  0.63	火力发电	河南	0.00	11.96	332	
002009	天奇股份	-0.13	14.85	-0.02	14.82	14.85	80	80	0.00	          0.00	14.85	14.85	14.85	14.87	    62.85	118800	  0.49	工程机械	江苏	0.00	14.85	40	
002040	南 京 港	0.21	19.30	0.04	19.27	19.30	132	132	0.00	          0.01	19.30	19.30	19.30	19.26	   253.82	254760	  0.40	港口	江苏	0.00	19.30	66	
002073	软控股份	0.09	10.66	0.01	10.63	10.66	145	145	0.00	          0.00	10.66	10.66	10.66	10.65	--  	154570	  0.77	软件服务	山东	0.00	10.66	73	
002091	江苏国泰	-0.29	13.92	-0.04	13.92	13.95	179	179	0.00	          0.00	13.92	13.92	13.92	13.96	    52.07	249168	  0.75	商贸代理	江苏	0.00	13.92	90	
002093	国脉科技	-0.45	11.03	-0.05	11.03	11.06	855	855	0.00	          0.01	11.03	11.03	11.03	11.08	   163.86	943065	  1.53	电信运营	福建	0.00	11.03	428	
002099	海翔药业	-0.12	8.19	-0.01	8.16	8.19	115	115	0.00	          0.00	8.19	8.19	8.19	8.20	    22.96	94185	  0.42	化学制药	浙江	0.00	8.19	58	
002102	冠福股份	-0.20	5.08	-0.01	5.07	5.08	186	186	0.00	          0.00	5.08	5.08	5.08	5.09	    82.27	94488	  0.29	化学制药	福建	0.00	5.08	93	
002108	沧州明珠	-0.13	23.30	-0.03	23.28	23.30	335	335	0.00	          0.01	23.30	23.30	23.30	23.33	    28.96	780550	  0.41	塑料	河北	0.00	23.30	168	
002109	*ST兴化	0.22	9.01	0.02	9.00	9.01	692	692	0.00	          0.03	9.01	9.01	9.01	8.99	   225.22	623492	  1.86	化工原料	陕西	0.00	9.01	346	
002110	三钢闽光	0.30	13.50	0.04	13.50	13.53	276	276	0.00	          0.01	13.50	13.50	13.50	13.46	    26.57	372600	  0.59	普钢	福建	0.00	13.50	138	
002114	罗平锌电	0.14	21.60	0.03	21.57	21.60	68	68	0.00	          0.00	21.60	21.60	21.60	21.57	   200.27	146880	  0.37	铅锌	云南	0.00	21.60	34	
002120	韵达股份	-0.82	47.08	-0.39	47.08	47.17	13	13	0.00	          0.00	47.08	47.08	47.08	47.47	   583.13	61204	  0.18	仓储物流	浙江	0.00	47.08	7	
002130	沃尔核材	-0.07	14.10	-0.01	14.08	14.10	85	85	0.00	          0.00	14.10	14.10	14.10	14.11	    72.57	119850	  0.37	电气设备	深圳	0.00	14.10	43	
002132	恒星科技	--  	6.58	--  	--  	--  	0	0	--  	          0.00	--  	--  	--  	6.58	    75.52	0	  0.00	钢加工	河南	0.00	6.58	0	
002150	通润装备	0.00	16.06	0.00	15.98	16.06	38	38	0.00	          0.00	16.06	16.06	16.06	16.06	    50.76	61028	  0.38	机械基件	江苏	0.00	16.06	19	
002155	湖南黄金	-0.17	12.00	-0.02	11.99	12.00	2677	2677	0.00	          0.03	12.00	12.00	12.00	12.02	   101.55	3212400	  2.99	黄金	湖南	0.00	12.00	1339	
002157	正邦科技	0.00	6.28	0.00	6.27	6.28	399	399	0.00	          0.00	6.28	6.28	6.28	6.28	    11.91	250572	  0.75	饲料	江西	0.00	6.28	200	
002169	智光电气	-0.15	20.62	-0.03	20.62	20.65	86	86	0.00	          0.00	20.62	20.62	20.62	20.65	    67.27	177332	  0.14	电气设备	广东	0.00	20.62	43	
002170	芭田股份	-0.32	9.28	-0.03	9.27	9.28	67	67	0.00	          0.00	9.28	9.28	9.28	9.31	    46.96	62176	  0.38	农药化肥	深圳	0.00	9.28	34	
002171	楚江新材	0.06	16.84	0.01	16.82	16.84	111	111	0.00	          0.00	16.84	16.84	16.84	16.83	    46.56	186924	  0.57	铜	安徽	0.00	16.84	56	
002194	武汉凡谷	-0.15	12.97	-0.02	12.96	12.97	63	63	0.00	          0.00	12.97	12.97	12.97	12.99	--  	81711	  0.20	通信设备	湖北	0.00	12.97	32	
002212	南洋股份	0.85	17.85	0.15	17.70	17.85	123	123	0.00	          0.00	17.85	17.85	17.85	17.70	   226.71	219555	  0.79	电气设备	广东	0.00	17.85	62	
002217	合力泰	-0.36	19.38	-0.07	19.35	19.38	567	567	0.00	          0.01	19.38	19.38	19.38	19.45	    39.32	1098846	  1.09	元器件	山东	0.00	19.38	284	
002221	东华能源	0.15	13.08	0.02	13.08	13.10	23	23	0.00	          0.00	13.08	13.08	13.08	13.06	    43.56	30084	  0.09	石油贸易	江苏	0.00	13.08	12	
002230	科大讯飞	-0.55	34.40	-0.19	34.40	34.41	2636	2636	0.00	          0.02	34.40	34.40	34.40	34.59	   121.58	9067840	  0.89	软件服务	安徽	0.00	34.40	1318	
002235	安妮股份	-0.49	16.10	-0.08	16.08	16.12	175	175	0.00	          0.01	16.10	16.10	16.10	16.18	   453.32	281750	  0.67	造纸	福建	0.00	16.10	88	
002250	联化科技	-0.58	15.56	-0.09	15.56	15.58	103	103	0.00	          0.00	15.56	15.56	15.56	15.65	    44.12	160268	  0.55	化工原料	浙江	0.00	15.56	52	
002251	步 步 高	0.00	14.59	0.00	14.53	14.59	109	109	0.00	          0.00	14.59	14.59	14.59	14.59	    54.33	159031	  0.45	超市连锁	湖南	0.00	14.59	55	
002265	西仪股份	0.12	25.96	0.03	25.96	25.98	125	125	0.00	          0.00	25.96	25.96	25.96	25.93	  1807.78	324500	  0.29	汽车配件	云南	0.00	25.96	63	
002290	禾盛新材	0.00	21.97	0.00	21.97	22.12	5	5	0.00	          0.00	21.97	21.97	21.97	21.97	   146.64	10985	  0.07	家用电器	江苏	0.00	21.97	3	
002298	中电鑫龙	-0.07	13.40	-0.01	13.38	13.40	85	85	0.00	          0.00	13.40	13.40	13.40	13.41	    68.36	113900	  0.41	软件服务	安徽	0.00	13.40	43	
002301	齐心集团	-0.14	22.00	-0.03	21.81	22.00	51	51	0.00	          0.00	22.00	22.00	22.00	22.03	   105.77	112200	  0.62	文教休闲	深圳	0.00	22.00	26	
002303	美盈森	0.21	9.75	0.02	9.75	9.76	166	166	0.00	          0.00	9.75	9.75	9.75	9.73	    53.25	161850	  0.57	造纸	深圳	0.00	9.75	83	
002310	东方园林	0.13	15.25	0.02	15.25	15.26	3577	3577	0.00	          0.03	15.25	15.25	15.25	15.23	    59.22	5454925	  4.82	建筑施工	北京	0.00	15.25	1789	
002317	众生药业	0.00	12.85	0.00	12.85	12.86	22	22	0.00	          0.00	12.85	12.85	12.85	12.85	    25.88	28270	  0.12	中成药	广东	0.00	12.85	11	
002320	海峡股份	-0.95	15.65	-0.15	15.65	15.80	1169	1169	0.00	          0.03	15.65	15.65	15.65	15.80	    37.02	1829485	  7.69	水运	海南	0.00	15.65	585	
002326	永太科技	0.12	16.13	0.02	16.13	16.20	17	17	0.00	          0.00	16.13	16.13	16.13	16.11	    80.71	27421	  0.09	化工原料	浙江	0.00	16.13	9	
002341	新纶科技	0.54	18.50	0.10	18.49	18.50	85	85	0.00	          0.00	18.50	18.50	18.50	18.40	   135.41	157250	  0.34	化工原料	深圳	0.00	18.50	43	
002344	海宁皮城	0.00	10.63	0.00	10.63	10.64	18	18	0.00	          0.00	10.63	10.63	10.63	10.63	    20.93	19134	  0.09	商品城	浙江	0.00	10.63	9	
002352	顺丰控股	0.00	60.89	0.00	60.89	60.99	658	658	0.00	          0.05	60.89	60.89	60.89	60.89	    60.94	4006562	  0.85	仓储物流	安徽	0.00	60.89	329	
002354	天神娱乐	0.26	70.50	0.18	70.39	70.50	65	65	0.00	          0.00	70.50	70.50	70.50	70.32	    45.62	458250	  0.86	互联网	辽宁	0.00	70.50	33	
002364	中恒电气	-0.05	18.99	-0.01	18.99	19.03	57	57	0.00	          0.00	18.99	18.99	18.99	19.00	    60.85	108243	  0.44	电气设备	浙江	0.00	18.99	29	
002370	亚太药业	--  	31.01	--  	30.83	31.08	0	0	--  	          0.00	--  	--  	--  	31.01	    72.94	0	  0.00	化学制药	浙江	0.00	31.01	0	
002374	丽鹏股份	0.00	7.61	0.00	7.61	7.62	616	616	0.00	          0.01	7.61	7.61	7.61	7.61	    54.73	468776	  2.19	建筑施工	山东	0.00	7.61	308	
002400	省广股份	--  	13.79	--  	--  	--  	0	0	--  	          0.00	--  	--  	--  	13.79	    32.52	0	  0.00	广告包装	广东	0.00	13.79	0	
002409	雅克科技	--  	23.14	--  	23.14	23.49	0	0	--  	          0.00	--  	--  	--  	23.14	   117.28	0	  0.00	化工原料	江苏	0.00	23.14	0	
002414	高德红外	-0.25	24.14	-0.06	24.14	24.20	81	81	0.00	          0.00	24.14	24.14	24.14	24.20	   269.78	195534	  0.88	电器仪表	湖北	0.00	24.14	41	
002426	胜利精密	--  	7.68	--  	--  	--  	0	0	--  	          0.00	--  	--  	--  	7.68	    33.92	0	  0.00	元器件	江苏	0.00	7.68	0	
002429	兆驰股份	0.56	10.81	0.06	10.80	10.81	873	873	0.00	          0.01	10.81	10.81	10.81	10.75	    41.94	943713	  1.37	家用电器	深圳	0.00	10.81	437	
002434	万里扬	2.13	17.75	0.37	17.75	17.78	141	141	0.00	          0.00	17.75	17.75	17.75	17.38	    81.87	250275	  0.69	汽车配件	浙江	0.00	17.75	71	
002435	长江润发	0.49	20.40	0.10	20.40	20.43	55	55	0.00	          0.00	20.40	20.40	20.40	20.30	   396.71	112200	  0.26	机械基件	江苏	0.00	20.40	28	
002438	江苏神通	0.00	20.82	0.00	20.82	20.85	12	12	0.00	          0.00	20.82	20.82	20.82	20.82	   117.86	24984	  0.19	机械基件	江苏	0.00	20.82	6	
002439	启明星辰	0.41	22.06	0.09	22.04	22.06	134	134	0.00	          0.00	22.06	22.06	22.06	21.97	   314.78	295604	  0.48	软件服务	北京	0.00	22.06	67	
002450	康得新	-0.31	19.33	-0.06	19.33	19.34	541	541	0.00	          0.00	19.33	19.33	19.33	19.39	    36.12	1045753	  0.36	化工原料	江苏	0.00	19.33	271	
002456	欧菲光	0.33	36.15	0.12	36.13	36.15	1278	1278	0.00	          0.01	36.15	36.15	36.15	36.03	    51.96	4619970	  2.05	元器件	深圳	0.00	36.15	639	
002461	珠江啤酒	-0.49	14.20	-0.07	14.18	14.20	157	157	0.00	          0.00	14.20	14.20	14.20	14.27	   108.47	222940	  0.41	啤酒	广东	0.00	14.20	79	
002468	申通快递	-0.07	27.14	-0.02	27.13	27.14	579	579	0.00	          0.02	27.14	27.14	27.14	27.16	  5979.10	1571406	  2.04	仓储物流	浙江	0.00	27.14	290	
002475	立讯精密	0.39	23.27	0.09	23.25	23.27	42	42	0.00	          0.00	23.27	23.27	23.27	23.18	    54.36	97734	  0.13	元器件	深圳	0.00	23.27	21	
002494	华斯股份	-0.08	12.73	-0.01	12.72	12.73	143	143	0.00	          0.01	12.73	12.73	12.73	12.74	   426.75	182039	  0.41	服饰	河北	0.00	12.73	72	
002501	利源精制	0.00	12.30	0.00	12.29	12.30	138	138	0.00	          0.00	12.30	12.30	12.30	12.30	    26.93	169740	  0.23	铝	吉林	0.00	12.30	69	
002503	搜于特	-0.31	12.99	-0.04	12.95	12.99	41	41	0.00	          0.00	12.99	12.99	12.99	13.03	    58.26	53259	  0.25	服饰	广东	0.00	12.99	21	
002516	旷达科技	0.00	6.52	0.00	6.52	6.54	39	39	0.00	          0.00	6.52	6.52	6.52	6.52	    29.28	25428	  0.09	纺织	江苏	0.00	6.52	20	
002517	恺英网络	-0.22	31.75	-0.07	31.65	31.75	27	27	0.00	          0.00	31.75	31.75	31.75	31.82	    39.56	85725	  0.47	互联网	福建	0.00	31.75	14	
002519	银河电子	-0.19	20.63	-0.04	20.60	20.63	93	93	0.00	          0.00	20.63	20.63	20.63	20.67	    45.21	191859	  0.74	通信设备	江苏	0.00	20.63	47	
002530	丰东股份	0.00	34.52	0.00	34.52	34.55	70	70	0.00	          0.00	34.52	34.52	34.52	34.52	  1244.45	241640	  1.11	专用机械	江苏	0.00	34.52	35	
002531	天顺风能	0.00	7.28	0.00	7.25	7.28	357	357	0.00	          0.00	7.28	7.28	7.28	7.28	    28.31	259896	  1.51	电气设备	江苏	0.00	7.28	179	
002537	海立美达	-0.16	30.70	-0.05	30.70	30.75	22	22	0.00	          0.00	30.70	30.70	30.70	30.75	   132.89	67540	  0.42	汽车整车	山东	0.00	30.70	11	
002542	中化岩土	0.25	8.09	0.02	8.07	8.09	55	55	0.00	          0.00	8.09	8.09	8.09	8.07	    74.71	44495	  0.17	建筑施工	北京	0.00	8.09	28	
002545	东方铁塔	-0.17	11.82	-0.02	11.82	11.88	152	152	0.00	          0.01	11.82	11.82	11.82	11.84	   145.12	179664	  0.48	钢加工	山东	0.00	11.82	76	
002547	春兴精工	--  	10.94	--  	--  	--  	0	0	--  	          0.00	--  	--  	--  	10.94	    75.50	0	  0.00	通信设备	江苏	0.00	10.94	0	
002567	唐人神	--  	12.79	--  	12.75	12.79	0	0	--  	          0.00	--  	--  	--  	12.79	    35.08	0	  0.00	饲料	湖南	0.00	12.79	0	
002568	百润股份	-0.14	21.67	-0.03	21.56	21.68	20	20	0.00	          0.00	21.67	21.67	21.67	21.70	--  	43340	  0.20	红黄药酒	上海	0.00	21.67	10	
002578	闽发铝业	--  	11.89	--  	--  	--  	0	0	--  	          0.00	--  	--  	--  	11.89	   332.39	0	  0.00	铝	福建	0.00	11.89	0	
002582	好想你	0.00	30.35	0.00	30.28	30.35	24	24	0.00	          0.00	30.35	30.35	30.35	30.35	   396.19	72840	  0.20	食品	河南	0.00	30.35	12	
002586	围海股份	--  	9.40	--  	9.40	9.42	0	0	--  	          0.00	--  	--  	--  	9.40	   261.38	0	  0.00	建筑施工	浙江	0.00	9.40	0	
002587	奥拓电子	-0.22	13.85	-0.03	13.81	13.85	160	160	0.00	          0.01	13.85	13.85	13.85	13.88	    71.61	221600	  0.39	元器件	深圳	0.00	13.85	80	
002599	盛通股份	0.00	38.58	0.00	38.58	38.88	1	1	0.00	          0.00	38.58	38.58	38.58	38.58	   233.62	3858	  0.03	广告包装	北京	0.00	38.58	1	
002601	龙蟒佰利	0.19	15.70	0.03	15.70	15.72	593	593	0.00	          0.01	15.70	15.70	15.70	15.67	   200.27	931010	  0.73	化工原料	河南	0.00	15.70	297	
002605	姚记扑克	0.12	16.25	0.02	16.23	16.25	97	97	0.00	          0.00	16.25	16.25	16.25	16.23	    69.39	157625	  1.09	文教休闲	上海	0.00	16.25	49	
002608	*ST舜船	-0.36	13.66	-0.05	13.66	13.69	355	355	0.00	          0.01	13.66	13.66	13.66	13.71	--  	484930	  0.50	船舶	江苏	0.00	13.66	178	
002609	捷顺科技	-0.06	16.69	-0.01	16.64	16.69	224	224	0.00	          0.01	16.69	16.69	16.69	16.70	    76.68	373856	  1.43	软件服务	深圳	0.00	16.69	112	
002625	龙生股份	0.30	36.18	0.11	36.18	36.20	24	24	0.00	          0.00	36.18	36.18	36.18	36.07	   695.51	86832	  0.35	汽车配件	浙江	0.00	36.18	12	
002626	金达威	--  	15.11	--  	--  	--  	0	0	--  	          0.00	--  	--  	--  	15.11	    35.73	0	  0.00	食品	福建	0.00	15.11	0	
002638	勤上股份	--  	9.04	--  	--  	--  	0	0	--  	          0.00	--  	--  	--  	9.04	   209.77	0	  0.00	半导体	广东	0.00	9.04	0	
002654	万润科技	0.00	11.53	0.00	11.53	11.54	49	49	0.00	          0.00	11.53	11.53	11.53	11.53	    61.00	56497	  0.24	半导体	深圳	0.00	11.53	25	
002668	奥马电器	2.38	74.45	1.73	74.21	74.45	1533	1533	0.00	          0.11	74.45	74.45	74.45	72.72	    46.64	11413185	  7.70	家用电器	广东	0.00	74.45	767	
002669	康达新材	0.00	27.80	0.00	27.62	27.80	4	4	0.00	          0.00	27.80	27.80	27.80	27.80	    71.59	11120	  0.08	化工原料	上海	0.00	27.80	2	
002675	东诚药业	--  	14.30	--  	--  	--  	0	0	--  	          0.00	--  	--  	--  	14.30	    77.44	0	  0.00	化学制药	山东	0.00	14.30	0	
002682	龙洲股份	0.14	14.03	0.02	13.92	14.03	32	32	0.00	          0.00	14.03	14.03	14.03	14.01	    96.36	44896	  0.24	公路	福建	0.00	14.03	16	
002686	亿利达	0.50	16.15	0.08	16.15	16.19	46	46	0.00	          0.00	16.15	16.15	16.15	16.07	    57.36	74290	  0.42	专用机械	浙江	0.00	16.15	23	
002699	美盛文化	--  	35.47	--  	--  	--  	0	0	--  	          0.00	--  	--  	--  	35.47	    94.36	0	  0.00	服饰	浙江	0.00	35.47	0	
002712	思美传媒	-1.34	28.70	-0.39	28.66	29.15	131	131	0.00	          0.01	28.70	28.70	28.70	29.09	    61.06	375970	  1.49	广告包装	浙江	0.00	28.70	66	
002717	岭南园林	--  	24.96	--  	--  	--  	0	0	--  	          0.00	--  	--  	--  	24.96	    44.81	0	  0.00	建筑施工	广东	0.00	24.96	0	
002734	利民股份	0.09	32.79	0.03	32.79	32.80	19	19	0.00	          0.00	32.79	32.79	32.79	32.76	    58.31	62301	  0.13	农药化肥	江苏	0.00	32.79	10	
002740	爱迪尔	--  	16.06	--  	--  	--  	0	0	--  	          0.00	--  	--  	--  	16.06	    91.86	0	  0.00	服饰	深圳	0.00	16.06	0	
002746	仙坛股份	0.00	46.20	0.00	46.15	46.20	149	149	0.00	          0.03	46.20	46.20	46.20	46.20	    35.31	688380	  1.16	农业综合	山东	0.00	46.20	75	
002752	昇兴股份	0.44	20.57	0.09	20.57	20.60	74	74	0.00	          0.01	20.57	20.57	20.57	20.48	    72.10	152218	  0.50	广告包装	福建	0.00	20.57	37	
002759	天际股份	0.45	26.50	0.12	26.39	26.50	129	129	0.00	          0.02	26.50	26.50	26.50	26.38	   226.27	341850	  1.34	家用电器	广东	0.00	26.50	65	
002769	普路通	0.09	21.35	0.02	21.35	21.42	32	31	0.00	          0.00	21.35	21.35	21.35	21.33	    38.52	67253	  0.25	仓储物流	深圳	0.00	21.35	16	
002770	科迪乳业	0.00	11.38	0.00	11.37	11.38	262	262	0.00	          0.01	11.38	11.38	11.38	11.38	    71.36	298156	  0.29	乳制品	河南	0.00	11.38	131	
002776	柏堡龙	0.00	28.88	0.00	28.82	28.88	2	2	0.00	          0.00	28.88	28.88	28.88	28.88	    65.84	5776	  0.03	服饰	广东	0.00	28.88	1	
300003	乐普医疗	0.17	17.28	0.03	17.28	17.29	37	37	0.00	          0.00	17.28	17.28	17.28	17.25	    42.48	63936	  0.14	医疗保健	北京	0.00	17.28	19	
300012	华测检测	-0.29	10.43	-0.03	10.42	10.43	224	224	0.00	          0.00	10.43	10.43	10.43	10.46	    86.86	233632	  0.35	电器仪表	深圳	0.00	10.43	112	
300035	中科电气	0.39	15.54	0.06	15.52	15.54	194	194	0.00	          0.01	15.54	15.54	15.54	15.48	   143.17	301476	  1.14	工程机械	湖南	0.00	15.54	97	
300053	欧比特	-0.22	13.69	-0.03	13.69	13.70	432	432	0.00	          0.01	13.69	13.69	13.69	13.72	   175.90	591408	  1.17	半导体	广东	0.00	13.69	216	
300054	鼎龙股份	-0.39	23.00	-0.09	23.00	23.10	10	10	0.00	          0.00	23.00	23.00	23.00	23.09	    53.05	23000	  0.07	化工原料	湖北	0.00	23.00	5	
300056	三维丝	-0.15	19.62	-0.03	19.62	19.64	478	478	0.00	          0.02	19.62	19.62	19.62	19.65	    68.13	938699	  1.44	环境保护	福建	0.00	19.62	239	
300058	蓝色光标	0.00	9.59	0.00	9.57	9.59	310	310	0.00	          0.00	9.59	9.59	9.59	9.59	    32.04	297290	  0.66	广告包装	北京	0.00	9.59	155	
300061	康耐特	0.22	23.16	0.05	23.16	23.18	12	12	0.00	          0.00	23.16	23.16	23.16	23.11	   210.97	27792	  0.17	医疗保健	上海	0.00	23.16	6	
300064	豫金刚石	-0.28	10.52	-0.03	10.52	10.55	20	20	0.00	          0.00	10.52	10.52	10.52	10.55	    83.07	21040	  0.10	矿物制品	河南	0.00	10.52	10	
300078	思创医惠	-0.47	25.18	-0.12	25.17	25.18	111	111	0.00	          0.00	25.18	25.18	25.18	25.30	    84.32	279498	  0.28	元器件	浙江	0.00	25.18	56	
300081	恒信移动	--  	15.94	--  	--  	--  	0	0	--  	          0.00	--  	--  	--  	15.94	--  	0	  0.00	通信设备	河北	0.00	15.94	0	
300089	文化长城	0.00	16.00	0.00	15.95	16.00	287	287	0.00	          0.01	16.00	16.00	16.00	16.00	    47.66	459200	  2.66	陶瓷	广东	0.00	16.00	144	
300099	尤洛卡	-1.13	12.28	-0.14	12.28	12.29	2486	2486	0.00	          0.07	12.28	12.28	12.28	12.42	--  	3052808	  2.52	电器仪表	山东	0.00	12.28	1243	
300134	大富科技	--  	23.36	--  	--  	--  	0	0	--  	          0.00	--  	--  	--  	23.36	   281.18	0	  0.00	通信设备	深圳	0.00	23.36	0	
300140	中环装备	0.00	16.42	0.00	16.32	16.42	68	68	0.00	          0.00	16.42	16.42	16.42	16.42	--  	111656	  0.62	电气设备	陕西	0.00	16.42	34	
300142	沃森生物	-0.08	12.37	-0.01	12.35	12.37	212	212	0.00	          0.00	12.37	12.37	12.37	12.38	--  	262244	  0.32	生物制药	云南	0.00	12.37	106	
300148	天舟文化	--  	20.29	--  	--  	--  	0	0	--  	          0.00	--  	--  	--  	20.29	    86.12	0	  0.00	出版业	湖南	0.00	20.29	0	
300161	华中数控	0.11	26.12	0.03	26.12	26.20	63	63	0.00	          0.00	26.12	26.12	26.12	26.09	--  	164556	  0.38	机床制造	湖北	0.00	26.12	32	
300164	通源石油	-0.32	9.45	-0.03	9.44	9.45	53	53	0.00	          0.00	9.45	9.45	9.45	9.48	   357.12	50085	  0.19	石油开采	陕西	0.00	9.45	27	
300184	力源信息	0.41	14.85	0.06	14.84	14.85	80	80	0.00	          0.00	14.85	14.85	14.85	14.79	   131.68	118800	  0.42	元器件	湖北	0.00	14.85	40	
300194	福安药业	0.00	26.60	0.00	26.60	26.62	273	273	0.00	          0.02	26.60	26.60	26.60	26.60	    50.67	726180	  1.53	化学制药	重庆	0.00	26.60	137	
300199	翰宇药业	0.06	17.73	0.01	17.73	17.75	49	49	0.00	          0.00	17.73	17.73	17.73	17.72	    53.07	86877	  0.22	化学制药	深圳	0.00	17.73	25	
300213	佳讯飞鸿	0.21	24.30	0.05	24.28	24.30	95	95	0.00	          0.01	24.30	24.30	24.30	24.25	    71.45	230850	  0.45	通信设备	北京	0.00	24.30	48	
300221	银禧科技	0.05	18.74	0.01	18.74	18.75	196	195	0.00	          0.00	18.74	18.74	18.74	18.73	    61.32	366423	  0.60	塑料	广东	0.00	18.74	98	
300224	正海磁材	-0.10	19.06	-0.02	19.00	19.06	66	66	0.00	          0.00	19.06	19.06	19.06	19.08	    64.44	125796	  0.51	元器件	山东	0.00	19.06	33	
300232	洲明科技	3.57	14.79	0.51	14.79	14.80	4299	4299	0.00	          0.12	14.79	14.79	14.79	14.28	    54.24	6358295	 16.86	半导体	深圳	0.00	14.79	2150	
300233	金城医药	--  	24.34	--  	24.34	24.43	0	0	--  	          0.00	--  	--  	--  	24.34	    46.88	0	  0.00	化学制药	山东	0.00	24.34	0	
300238	冠昊生物	0.38	31.88	0.12	31.76	31.88	136	136	0.00	          0.01	31.88	31.88	31.88	31.76	   129.60	433568	  1.09	医疗保健	广东	0.00	31.88	68	
300247	乐金健康	-0.12	8.40	-0.01	8.40	8.41	180	180	0.00	          0.00	8.40	8.40	8.40	8.41	   153.68	151200	  0.42	医疗保健	安徽	0.00	8.40	90	
300248	新开普	-0.45	22.20	-0.10	22.20	22.38	630	630	0.00	          0.03	22.20	22.20	22.20	22.30	   174.58	1398600	  2.80	软件服务	河南	0.00	22.20	315	
300252	金信诺	0.14	28.04	0.04	28.04	28.05	6	6	0.00	          0.00	28.04	28.04	28.04	28.00	    62.11	16824	  0.06	电气设备	深圳	0.00	28.04	3	
300259	新天科技	0.19	10.75	0.02	10.74	10.75	80	80	0.00	          0.00	10.75	10.75	10.75	10.73	    62.70	86000	  0.74	电器仪表	河南	0.00	10.75	40	
300262	巴安水务	--  	16.79	--  	16.73	16.85	0	0	--  	          0.00	--  	--  	--  	16.79	    34.42	0	  0.00	环境保护	上海	0.00	16.79	0	
300282	汇冠股份	--  	28.16	--  	--  	--  	0	0	--  	          0.00	--  	--  	--  	28.16	    55.83	0	  0.00	电脑设备	北京	0.00	28.16	0	
300291	华录百纳	0.00	21.45	0.00	21.45	21.50	75	75	0.00	          0.00	21.45	21.45	21.45	21.45	    73.02	160875	  0.27	影视音像	北京	0.00	21.45	38	
300306	远方光电	-0.43	22.90	-0.10	22.90	22.99	57	57	0.00	          0.00	22.90	22.90	22.90	23.00	    81.32	130530	  0.57	电器仪表	浙江	0.00	22.90	29	
300309	吉艾科技	--  	25.08	--  	--  	--  	0	0	--  	          0.00	--  	--  	--  	25.08	--  	0	  0.00	专用机械	北京	0.00	25.08	0	
300316	晶盛机电	-0.38	13.15	-0.05	13.15	13.28	24	24	0.00	          0.00	13.15	13.15	13.15	13.20	    74.98	31560	  0.09	专用机械	浙江	0.00	13.15	12	
300319	麦捷科技	--  	39.29	--  	--  	--  	0	0	--  	          0.00	--  	--  	--  	39.29	    59.02	0	  0.00	元器件	深圳	0.00	39.29	0	
300324	旋极信息	0.00	21.60	0.00	21.59	21.60	19	19	0.00	          0.00	21.60	21.60	21.60	21.60	    92.75	41040	  0.07	软件服务	北京	0.00	21.60	10	
300331	苏大维格	0.00	26.49	0.00	26.41	26.49	105	105	0.00	          0.01	26.49	26.49	26.49	26.49	   406.34	278145	  0.46	元器件	江苏	0.00	26.49	53	
300332	天壕环境	0.11	9.13	0.01	9.12	9.13	94	94	0.00	          0.00	9.13	9.13	9.13	9.12	    70.74	85822	  0.30	环境保护	北京	0.00	9.13	47	
300338	开元仪器	-0.70	22.80	-0.16	22.80	23.00	33	33	0.00	          0.00	22.80	22.80	22.80	22.96	   624.68	75240	  0.87	电器仪表	湖南	0.00	22.80	17	
300340	科恒股份	0.03	61.10	0.02	61.10	61.13	1306	1306	0.00	          0.16	61.10	61.10	61.10	61.08	   924.71	7979660	  2.40	元器件	广东	0.00	61.10	653	
300348	长亮科技	0.04	25.03	0.01	25.00	25.03	93	93	0.00	          0.01	25.03	25.03	25.03	25.02	    96.48	232779	  0.58	软件服务	深圳	0.00	25.03	47	
300349	金卡股份	-0.03	31.27	-0.01	31.21	31.30	2	2	0.00	          0.00	31.27	31.27	31.27	31.28	    98.92	6254	  0.03	电器仪表	浙江	0.00	31.27	1	
300352	北信源	0.00	18.22	0.00	18.22	18.23	319	319	0.00	          0.01	18.22	18.22	18.22	18.22	   353.83	581218	  0.58	软件服务	北京	0.00	18.22	160	
300366	创意信息	0.00	36.60	0.00	36.25	36.60	10	10	0.00	          0.00	36.60	36.60	36.60	36.60	   251.32	36600	  0.12	软件服务	四川	0.00	36.60	5	
300367	东方网力	--  	20.04	--  	--  	--  	0	0	--  	          0.00	--  	--  	--  	20.04	   116.32	0	  0.00	电脑设备	北京	0.00	20.04	0	
300382	斯莱克	-0.26	46.00	-0.12	45.90	46.00	49	49	0.00	          0.01	46.00	46.00	46.00	46.12	    79.87	225400	  2.13	专用机械	江苏	0.00	46.00	25	
300405	科隆精化	-0.49	45.00	-0.22	44.96	45.00	6	6	0.00	          0.00	45.00	45.00	45.00	45.22	   494.10	27000	  0.11	化工原料	辽宁	0.00	45.00	3	
300410	正业科技	-0.47	44.56	-0.21	44.56	44.80	6	6	0.00	          0.00	44.56	44.56	44.56	44.77	   163.85	26736	  0.10	电器仪表	广东	0.00	44.56	3	
300412	迦南科技	--  	33.78	--  	33.79	33.83	0	0	--  	          0.00	--  	--  	--  	33.78	    75.80	0	  0.00	医疗保健	浙江	0.00	33.78	0	
300421	力星股份	-0.39	33.51	-0.13	33.51	33.60	45	45	0.00	          0.01	33.51	33.51	33.51	33.64	    80.05	150795	  0.75	机械基件	江苏	0.00	33.51	23	
300422	博世科	-0.96	49.33	-0.48	49.33	49.43	629	629	0.00	          0.09	49.33	49.33	49.33	49.81	   112.03	3102857	  1.25	环境保护	广西	0.00	49.33	315	
300425	环能科技	-0.32	28.01	-0.09	28.01	28.10	19	19	0.00	          0.00	28.01	28.01	28.01	28.10	    89.45	53219	  0.37	环境保护	四川	0.00	28.01	10	
300430	诚益通	0.09	44.05	0.04	44.05	44.80	4	4	0.00	          0.00	44.05	44.05	44.05	44.01	    89.24	17620	  0.12	电器仪表	北京	0.00	44.05	2	
300432	富临精工	-0.92	25.81	-0.24	25.81	25.98	341	341	0.00	          0.02	25.81	25.81	25.81	26.05	    61.34	880121	  0.95	汽车配件	四川	0.00	25.81	171	
300437	清水源	-0.18	22.61	-0.04	22.61	22.70	71	71	0.00	          0.01	22.61	22.61	22.61	22.65	   155.91	160531	  1.11	化工原料	河南	0.00	22.61	36	
300441	鲍斯股份	0.41	24.20	0.10	24.02	24.20	54	54	0.00	          0.01	24.20	24.20	24.20	24.10	   123.95	130680	  0.32	机床制造	浙江	0.00	24.20	27	
300451	创业软件	0.70	35.81	0.25	35.76	35.81	33	33	0.00	          0.00	35.81	35.81	35.81	35.56	   319.19	118173	  0.48	软件服务	浙江	0.00	35.81	17	
300457	赢合科技	--  	69.76	--  	--  	--  	0	0	--  	          0.00	--  	--  	--  	69.76	    69.77	0	  0.00	专用机械	深圳	0.00	69.76	0	
300458	全志科技	0.91	78.63	0.71	78.60	78.63	144	144	0.00	          0.02	78.63	78.63	78.63	77.92	    71.15	1132272	  1.48	元器件	广东	0.00	78.63	72	
300465	高伟达	-0.13	15.22	-0.02	15.22	15.24	230	230	0.00	          0.01	15.22	15.22	15.22	15.24	   438.55	350060	  0.46	软件服务	北京	0.00	15.22	115	
300488	恒锋工具	--  	74.30	--  	74.29	74.57	0	0	--  	          0.00	--  	--  	--  	74.30	    65.88	0	  0.00	机械基件	浙江	0.00	74.30	0	
300495	美尚生态	0.55	44.10	0.24	44.10	44.30	10	10	0.00	          0.00	44.10	44.10	44.10	43.86	    82.69	44100	  0.22	建筑施工	江苏	0.00	44.10	5	
600019	宝钢股份	-0.29	6.81	-0.02	6.80	6.81	2853	2853	0.00	          0.00	6.81	6.81	6.81	6.83	    20.17	1942893	  1.00	普钢	上海	0.00	6.81	1427	
600035	楚天高速	0.34	5.92	0.02	5.91	5.92	158	158	0.00	          0.00	5.92	5.92	5.92	5.90	    23.78	93536	  0.91	路桥	湖北	0.00	5.92	79	
600056	中国医药	-0.05	21.65	-0.01	21.60	21.65	135	135	0.00	          0.00	21.65	21.65	21.65	21.66	    23.26	292275	  0.57	医药商业	北京	0.00	21.65	68	
600070	浙江富润	-0.50	13.81	-0.07	13.81	13.90	15	15	0.00	          0.00	13.81	13.81	13.81	13.88	   923.23	20715	  0.13	纺织	浙江	0.00	13.81	8	
600072	中船科技	0.33	20.98	0.07	20.96	20.98	228	228	0.00	          0.00	20.98	20.98	20.98	20.91	--  	478344	  0.28	船舶	上海	0.00	20.98	114	
600094	大名城	0.00	8.41	0.00	8.40	8.41	264	264	0.00	          0.00	8.41	8.41	8.41	8.41	    19.64	222024	  0.95	区域地产	上海	0.00	8.41	132	
600103	青山纸业	0.19	5.39	0.01	5.40	5.40	0	0	--  	          0.00	--  	--  	--  	5.39	   197.95	0	  0.13	造纸	福建	0.00	5.39	0	
600104	上汽集团	0.00	24.85	0.00	24.85	24.88	853	852	0.00	          0.00	24.85	24.85	24.85	24.85	     9.43	2119556	  0.85	汽车整车	上海	0.00	24.85	426	
600114	东睦股份	0.00	17.92	0.00	17.89	17.92	358	358	0.00	          0.01	17.92	17.92	17.92	17.92	    52.48	641536	  2.36	机械基件	浙江	0.00	17.92	179	
600117	西宁特钢	0.68	5.84	0.04	5.88	5.88	0	0	--  	          0.00	--  	--  	--  	5.84	--  	0	  2.34	特种钢	青海	0.00	5.84	0	
600143	金发科技	--  	7.74	--  	--  	--  	0	0	--  	          0.00	--  	--  	--  	7.74	    25.57	0	  0.00	塑料	广东	0.00	7.74	0	
600146	商赢环球	--  	35.73	--  	--  	--  	0	0	--  	          0.00	--  	--  	--  	35.73	--  	0	  0.00	塑料	宁夏	0.00	35.73	0	
600155	宝硕股份	-0.15	13.56	-0.02	13.50	13.56	12	12	0.00	          0.00	13.56	13.56	13.56	13.58	--  	16272	  0.10	其他建材	河北	0.00	13.56	6	
600160	巨化股份	-0.66	12.07	-0.08	12.06	12.07	2098	2098	0.00	          0.01	12.07	12.07	12.07	12.15	   270.50	2532286	  2.36	化工原料	浙江	0.00	12.07	1049	
600162	香江控股	0.00	3.92	0.00	3.91	3.92	398	398	0.00	          0.00	3.92	3.92	3.92	3.92	    20.97	156016	  0.92	全国地产	深圳	0.00	3.92	199	
600169	太原重工	0.00	4.42	0.00	4.42	4.44	175	175	0.00	          0.00	4.42	4.42	4.42	4.42	--  	77350	  0.19	工程机械	山西	0.00	4.42	88	
600170	上海建工	0.00	4.92	0.00	4.91	4.92	459	459	0.00	          0.00	4.92	4.92	4.92	4.92	    16.67	225828	  0.41	建筑施工	上海	0.00	4.92	230	
600187	国中水务	-1.14	6.15	-0.07	6.08	6.08	0	0	--  	          0.00	--  	--  	--  	6.15	   628.31	0	  0.82	水务	黑龙江	0.00	6.15	0	
600196	复星医药	0.08	26.01	0.02	26.01	26.07	105	105	0.00	          0.00	26.01	26.01	26.01	25.99	    21.64	273729	  0.32	化学制药	上海	0.00	26.01	53	
600200	江苏吴中	0.48	16.70	0.08	16.78	16.78	0	0	--  	          0.00	--  	--  	--  	16.70	   149.91	0	  0.90	综合类	江苏	0.00	16.70	0	
600201	生物股份	0.90	34.65	0.31	34.34	34.65	101	101	0.00	          0.00	34.65	34.65	34.65	34.34	    32.85	349965	  0.62	生物制药	内蒙	0.00	34.65	51	
600219	南山铝业	-0.29	3.38	-0.01	3.37	3.38	989	989	0.00	          0.00	3.38	3.38	3.38	3.39	    50.81	334282	  0.44	铝	山东	0.00	3.38	495	
600227	赤天化	-0.14	7.30	-0.01	7.29	7.29	0	0	--  	          0.00	--  	--  	--  	7.30	--  	0	  0.11	农药化肥	贵州	0.00	7.30	0	
600257	大湖股份	--  	9.93	--  	9.95	9.96	0	0	--  	          0.00	--  	--  	--  	9.93	   684.55	0	  0.00	渔业	湖南	0.00	9.93	0	
600258	首旅酒店	0.19	26.26	0.05	26.26	26.35	12	12	0.00	          0.00	26.26	26.26	26.26	26.21	    85.35	31512	  0.16	酒店餐饮	北京	0.00	26.26	6	
600259	广晟有色	0.24	46.80	0.11	46.91	46.91	0	0	--  	          0.00	--  	--  	--  	46.80	--  	0	  1.31	小金属	海南	0.00	46.80	0	
600277	亿利洁能	--  	7.83	--  	--  	--  	0	0	--  	          0.00	--  	--  	--  	7.83	    73.93	0	  0.00	新型电力	内蒙	0.00	7.83	0	
600289	亿阳信通	0.08	13.33	0.01	13.33	13.35	48	48	0.00	          0.00	13.33	13.33	13.33	13.32	   318.32	63984	  0.17	软件服务	黑龙江	0.00	13.33	24	
600309	万华化学	0.19	26.80	0.05	26.80	26.87	560	560	0.00	          0.00	26.80	26.80	26.80	26.75	    18.32	1500800	  0.60	化工原料	山东	0.00	26.80	280	
600312	平高电气	0.00	16.29	0.00	16.28	16.33	2	2	0.00	          0.00	16.29	16.29	16.29	16.29	    19.00	3258	  0.01	电气设备	河南	0.00	16.29	1	
600336	澳柯玛	-0.26	7.58	-0.02	7.56	7.58	282	282	0.00	          0.00	7.58	7.58	7.58	7.60	    73.70	213756	  1.22	家用电器	山东	0.00	7.58	141	
600339	*ST油工	-0.13	7.43	-0.01	7.41	7.43	81	81	0.00	          0.00	7.43	7.43	7.43	7.44	--  	60183	  0.30	石油加工	新疆	0.00	7.43	41	
600382	广东明珠	0.44	16.02	0.07	16.09	16.09	0	0	--  	          0.00	--  	--  	--  	16.02	    42.20	0	  0.29	商贸代理	广东	0.00	16.02	0	
600390	*ST金瑞	0.00	14.53	0.00	14.51	14.53	39	39	0.00	          0.00	14.53	14.53	14.53	14.53	   420.03	56667	  0.14	小金属	湖南	0.00	14.53	20	
600392	盛和资源	0.30	13.45	0.04	13.45	13.48	912	912	0.00	          0.01	13.45	13.45	13.45	13.41	--  	1226640	  1.24	小金属	山西	0.00	13.45	456	
600410	华胜天成	0.00	10.40	0.00	10.40	10.40	0	0	--  	          0.00	--  	--  	--  	10.40	   341.85	0	  0.97	软件服务	北京	0.00	10.40	0	
600416	湘电股份	-0.35	17.17	-0.06	17.16	17.17	181	181	0.00	          0.00	17.17	17.17	17.17	17.23	   124.92	310777	  0.31	电气设备	湖南	0.00	17.17	91	
600420	现代制药	0.82	31.54	0.26	31.80	31.80	0	0	--  	          0.00	--  	--  	--  	31.54	   119.49	0	  2.22	化学制药	上海	0.00	31.54	0	
600438	通威股份	0.15	6.55	0.01	6.55	6.56	1383	1383	0.00	          0.01	6.55	6.55	6.55	6.54	    21.15	905865	  1.58	饲料	四川	0.00	6.55	692	
600490	鹏欣资源	--  	7.91	--  	--  	--  	0	0	--  	          0.00	--  	--  	--  	7.91	   229.68	0	  0.00	铜	上海	0.00	7.91	0	
600512	腾达建设	0.55	5.52	0.03	5.51	5.52	499	499	0.00	          0.01	5.52	5.52	5.52	5.49	   110.09	275448	  1.02	建筑施工	浙江	0.00	5.52	250	
600515	海航基础	-0.08	12.04	-0.01	12.04	12.05	558	558	0.00	          0.01	12.04	12.04	12.04	12.05	    53.84	671832	  6.49	百货	海南	0.00	12.04	279	
600521	华海药业	0.36	22.25	0.08	22.33	22.33	0	0	--  	          0.00	--  	--  	--  	22.25	    45.15	0	  0.07	化学制药	浙江	0.00	22.25	0	
600522	中天科技	-0.17	11.44	-0.02	11.44	11.45	2791	2790	0.00	          0.01	11.44	11.44	11.44	11.46	    22.98	3192893	  1.78	通信设备	江苏	0.00	11.44	1395	
600528	中铁工业	-0.13	15.29	-0.02	15.27	15.27	0	0	--  	          0.00	--  	--  	--  	15.29	   183.81	0	  0.35	建筑施工	四川	0.00	15.29	0	
600529	山东药玻	0.00	19.23	0.00	19.20	19.30	5	5	0.00	          0.00	19.23	19.23	19.23	19.23	    33.70	9615	  0.03	玻璃	山东	0.00	19.23	3	
600531	豫光金铅	-0.24	8.44	-0.02	8.43	8.44	551	551	0.00	          0.01	8.44	8.44	8.44	8.46	   113.85	465044	  1.42	铅锌	河南	0.00	8.44	276	
600547	山东黄金	-0.72	35.90	-0.26	35.89	35.90	1086	1086	0.00	          0.01	35.90	35.90	35.90	36.16	    68.23	3898740	  1.53	黄金	山东	0.00	35.90	543	
600578	京能电力	0.23	4.31	0.01	4.30	4.31	411	411	0.00	          0.00	4.31	4.31	4.31	4.30	    17.49	177141	  1.37	火力发电	北京	0.00	4.31	206	
600603	*ST兴业	0.00	16.16	0.00	16.07	16.16	153	153	0.00	          0.01	16.16	16.16	16.16	16.16	--  	247248	  0.97	综合类	福建	0.00	16.16	77	
600628	新世界	-0.15	13.50	-0.02	13.48	13.50	24	24	0.00	          0.00	13.50	13.50	13.50	13.52	   159.45	32400	  0.16	百货	上海	0.00	13.50	12	
600629	华建集团	-0.78	20.28	-0.16	20.26	20.28	205	205	0.00	          0.01	20.28	20.28	20.28	20.44	    46.77	415740	  1.86	建筑施工	上海	0.00	20.28	103	
600633	浙报传媒	0.81	18.78	0.15	18.75	18.78	893	893	0.00	          0.01	18.78	18.78	18.78	18.63	    46.05	1677054	  1.28	出版业	浙江	0.00	18.78	447	
600640	号百控股	-0.75	19.73	-0.15	19.73	19.87	50	50	0.00	          0.00	19.73	19.73	19.73	19.88	   474.03	98650	  0.18	酒店餐饮	上海	0.00	19.73	25	
600649	城投控股	--  	20.34	--  	--  	--  	0	0	--  	          0.00	--  	--  	--  	20.34	    24.56	0	  0.00	区域地产	上海	0.00	20.34	0	
600667	太极实业	0.00	7.53	0.00	7.53	7.53	0	0	--  	          0.00	--  	--  	--  	7.53	   296.27	0	  0.69	半导体	江苏	0.00	7.53	0	
600676	交运股份	-0.23	8.77	-0.02	8.77	8.79	59	59	0.00	          0.00	8.77	8.77	8.77	8.79	    32.47	51743	  0.40	公共交通	上海	0.00	8.77	30	
600682	南京新百	--  	36.19	--  	36.19	36.25	0	0	--  	          0.00	--  	--  	--  	36.19	--  	0	  0.00	百货	江苏	0.00	36.19	0	
600699	均胜电子	3.21	32.80	1.02	32.80	32.84	4338	4337	0.00	          0.06	32.80	32.80	32.80	31.78	    57.88	14227066	 17.63	汽车配件	浙江	0.00	32.80	2169	
600701	工大高新	-0.60	16.54	-0.10	16.54	16.56	3238	3238	0.00	          0.06	16.54	16.54	16.54	16.64	   223.49	5355999	  2.09	综合类	黑龙江	0.00	16.54	1619	
600710	*ST常林	--  	0.00	--  	--  	--  	0	0	--  	          0.00	--  	--  	--  	--  	--  	0	  0.00	工程机械	江苏	--  	0.00	0	
600721	*ST百花	-0.05	18.84	-0.01	18.83	18.88	55	55	0.00	          0.00	18.84	18.84	18.84	18.85	    54.22	103620	  0.56	焦炭加工	新疆	0.00	18.84	28	
600728	佳都科技	-0.22	9.20	-0.02	9.20	9.22	1179	1179	0.00	          0.01	9.20	9.20	9.20	9.22	 10259.49	1084680	  0.78	软件服务	广东	0.00	9.20	590	
600734	实达集团	-0.57	13.90	-0.08	13.89	13.90	149	149	0.00	          0.00	13.90	13.90	13.90	13.98	    51.52	207110	  0.43	电脑设备	福建	0.00	13.90	75	
600771	广誉远	-0.20	35.42	-0.07	35.40	35.42	93	93	0.00	          0.00	35.42	35.42	35.42	35.49	   208.13	329406	  0.93	中成药	青海	0.00	35.42	47	
600816	安信信托	-0.34	11.80	-0.04	11.79	11.80	1108	1108	0.00	          0.00	11.80	11.80	11.80	11.84	    17.73	1307440	  0.32	多元金融	上海	0.00	11.80	554	
600848	上海临港	-1.25	20.52	-0.26	20.52	20.55	115	115	0.00	          0.00	20.52	20.52	20.52	20.78	   110.89	235980	  0.61	园区开发	上海	0.00	20.52	58	
600859	王府井	--  	16.28	--  	--  	--  	0	0	--  	          0.00	--  	--  	--  	16.28	    21.61	0	  0.00	百货	北京	0.00	16.28	0	
600864	哈投股份	0.00	10.70	0.00	10.63	10.70	314	314	0.00	          0.01	10.70	10.70	10.70	10.70	    45.51	335980	  0.69	火力发电	黑龙江	0.00	10.70	157	
600867	通化东宝	--  	21.39	--  	--  	--  	0	0	--  	          0.00	--  	--  	--  	21.39	    45.58	0	  0.00	生物制药	吉林	0.00	21.39	0	
600879	航天电子	0.11	18.62	0.02	18.61	18.62	1746	1746	0.00	          0.02	18.62	18.62	18.62	18.60	    52.92	3251052	  0.99	航空	湖北	0.00	18.62	873	
600960	渤海活塞	-0.11	8.93	-0.01	8.90	8.93	7	7	0.00	          0.00	8.93	8.93	8.93	8.94	   169.96	6251	  0.05	汽车配件	山东	0.00	8.93	4	
600967	北方创业	1.05	14.45	0.15	14.41	14.45	832	832	0.00	          0.01	14.45	14.45	14.45	14.30	--  	1202240	  1.41	运输设备	内蒙	0.00	14.45	416	
600997	开滦股份	-0.28	7.02	-0.02	7.01	7.02	35	35	0.00	          0.00	7.02	7.02	7.02	7.04	    41.01	24570	  0.11	煤炭开采	河北	0.00	7.02	18	
601000	唐山港	0.22	4.60	0.01	4.59	4.60	755	755	0.00	          0.00	4.60	4.60	4.60	4.59	    16.36	347300	  0.62	港口	河北	0.00	4.60	378	
601009	南京银行	0.00	11.79	0.00	11.78	11.79	389	389	0.00	          0.00	11.79	11.79	11.79	11.79	     8.43	458631	  0.35	银行	江苏	0.00	11.79	195	
601198	东兴证券	0.10	19.20	0.02	19.19	19.20	90	90	0.00	          0.00	19.20	19.20	19.20	19.18	    36.20	172800	  0.28	证券	北京	0.00	19.20	45	
601328	交通银行	0.00	6.22	0.00	6.21	6.22	1225	1225	0.00	          0.00	6.22	6.22	6.22	6.22	     6.59	761950	  0.65	银行	上海	0.00	6.22	613	
601599	鹿港文化	0.23	8.71	0.02	8.71	8.72	134	134	0.00	          0.00	8.71	8.71	8.71	8.69	    51.75	116714	  0.55	影视音像	江苏	0.00	8.71	67	
601618	中国中冶	0.41	4.93	0.02	4.92	4.93	2958	2958	0.00	          0.00	4.93	4.93	4.93	4.91	    22.83	1458294	  1.43	建筑施工	北京	0.00	4.93	1479	
601717	郑煤机	0.00	8.90	0.00	8.89	8.90	520	520	0.00	          0.00	8.90	8.90	8.90	8.90	    84.44	462800	  0.58	工程机械	河南	0.00	8.90	260	
601766	中国中车	0.00	10.12	0.00	10.11	10.12	1234	1234	0.00	          0.00	10.12	10.12	10.12	10.12	    28.97	1248808	  0.64	运输设备	北京	0.00	10.12	617	
601877	正泰电器	-0.05	20.30	-0.01	20.29	20.29	0	0	--  	          0.00	--  	--  	--  	20.30	    25.27	0	  1.00	电气设备	浙江	0.00	20.30	0	
601969	海南矿业	0.32	12.44	0.04	12.44	12.45	409	409	0.00	          0.00	12.44	12.44	12.44	12.40	--  	508796	  2.80	普钢	海南	0.00	12.44	205	
601998	中信银行	-0.30	6.74	-0.02	6.74	6.75	1063	1063	0.00	          0.00	6.74	6.74	6.74	6.76	     7.16	716462	  1.68	银行	北京	0.00	6.74	532	
603003	龙宇燃油	0.00	21.52	0.00	21.51	21.52	3	3	0.00	          0.00	21.52	21.52	21.52	21.52	 11355.01	6456	  0.02	石油贸易	上海	0.00	21.52	2	
603008	喜临门	0.42	21.28	0.09	21.22	21.28	86	86	0.00	          0.00	21.28	21.28	21.28	21.19	    43.17	183008	  0.26	家居用品	浙江	0.00	21.28	43	
603009	北特科技	-0.60	63.21	-0.38	63.20	63.25	190	190	0.00	          0.05	63.21	63.21	63.21	63.59	   148.83	1200990	  0.76	汽车配件	上海	0.00	63.21	95	
603011	合锻智能	0.00	11.22	0.00	11.20	11.22	15	15	0.00	          0.00	11.22	11.22	11.22	11.22	    96.11	16830	  0.07	机床制造	安徽	0.00	11.22	8	
603030	全筑股份	-0.77	29.72	-0.23	29.72	29.88	64	64	0.00	          0.01	29.72	29.72	29.72	29.95	   131.65	190208	  1.64	装修装饰	上海	0.00	29.72	32	
603077	和邦生物	0.19	5.21	0.01	5.21	5.22	879	879	0.00	          0.00	5.21	5.21	5.21	5.20	    84.60	457959	  0.79	化工原料	四川	0.00	5.21	440	
603085	天成自控	0.22	50.50	0.11	50.50	50.53	379	379	0.00	          0.13	50.50	50.50	50.50	50.39	   164.75	1913950	  9.02	专用机械	浙江	0.00	50.50	190	
603108	润达医疗	--  	32.29	--  	--  	--  	0	0	--  	          0.00	--  	--  	--  	32.29	    91.97	0	  0.00	医药商业	上海	0.00	32.29	0	
603168	莎普爱思	0.07	40.28	0.03	40.28	40.39	4	3	0.00	          0.00	40.28	40.28	40.28	40.25	    25.83	14098	  0.08	化学制药	浙江	0.00	40.28	2	
603555	贵人鸟	--  	30.76	--  	--  	--  	0	0	--  	          0.00	--  	--  	--  	30.76	    81.44	0	  0.00	服饰	福建	0.00	30.76	0	
603611	诺力股份	-0.26	34.30	-0.09	34.22	34.30	11	11	0.00	          0.00	34.30	34.30	34.30	34.39	    39.72	37730	  0.17	运输设备	浙江	0.00	34.30	6	
603799	华友钴业	-0.43	55.10	-0.24	55.09	55.10	1293	1293	0.00	          0.05	55.10	55.10	55.10	55.34	  2191.51	7124430	  1.30	小金属	浙江	0.00	55.10	647	
603869	北部湾旅	-0.03	30.18	-0.01	30.10	30.18	2	2	0.00	          0.00	30.18	30.18	30.18	30.19	    84.21	6036	  0.04	旅游服务	广西	0.00	30.18	1	
数据来源:通达信
