代码	名称	涨幅%%	现价	涨跌	买价	卖价	总量	现量	涨速%%	换手%%	今开	最高	最低	昨收	市盈(动)	总金额	量比	细分行业	地区	振幅%%	均价	内盘	
000058	深 赛 格	0.00	10.61	0.00	10.61	10.65	34	34	0.00	          0.00	10.61	10.61	10.61	10.61	   232.57	36074	  0.19	元器件	深圳	0.00	10.61	17	
000065	北方国际	0.03	31.04	0.01	31.04	31.12	17	17	0.00	          0.00	31.04	31.04	31.04	31.03	    74.93	52768	  0.13	建筑施工	北京	0.00	31.04	9	
000415	渤海金控	-0.14	7.26	-0.01	7.25	7.26	297	297	0.00	          0.00	7.26	7.26	7.26	7.27	    23.39	215622	  0.34	多元金融	新疆	0.00	7.26	149	
000416	民生控股	-0.17	11.48	-0.02	11.45	11.48	23	23	0.00	          0.00	11.48	11.48	11.48	11.50	   465.69	26404	  0.14	多元金融	山东	0.00	11.48	12	
000429	粤高速Ａ	-0.40	7.39	-0.03	7.39	7.41	400	400	0.00	          0.01	7.39	7.39	7.39	7.42	    14.53	295600	  1.52	路桥	广东	0.00	7.39	200	
000543	皖能电力	0.00	7.15	0.00	7.15	7.16	678	678	0.00	          0.00	7.15	7.15	7.15	7.15	    12.43	484770	  1.63	火力发电	安徽	0.00	7.15	339	
000553	沙隆达Ａ	0.00	14.95	0.00	14.95	14.96	19	19	0.00	          0.00	14.95	14.95	14.95	14.95	   324.85	28405	  0.07	农药化肥	湖北	0.00	14.95	10	
000564	供销大集	-0.12	8.62	-0.01	8.62	8.63	363	363	0.00	          0.01	8.62	8.62	8.62	8.63	  1563.38	312906	  0.64	百货	陕西	0.00	8.62	182	
000795	英洛华	0.72	7.03	0.05	7.02	7.03	1068	1068	0.00	          0.02	7.03	7.03	7.03	6.98	   230.47	750804	  1.81	矿物制品	山西	0.00	7.03	534	
000892	欢瑞世纪	0.24	12.73	0.03	12.73	12.75	7	7	0.00	          0.00	12.73	12.73	12.73	12.70	--  	8911	  0.06	影视音像	重庆	0.00	12.73	4	
000901	航天科技	0.19	36.41	0.07	36.41	36.45	177	177	0.00	          0.01	36.41	36.41	36.41	36.34	   400.62	644457	  0.84	航空	黑龙江	0.00	36.41	89	
000932	华菱钢铁	0.00	5.13	0.00	5.12	5.13	107	107	0.00	          0.00	5.13	5.13	5.13	5.13	--  	54891	  0.22	普钢	湖南	0.00	5.13	54	
000958	东方能源	0.07	14.08	0.01	14.07	14.08	15	15	0.00	          0.00	14.08	14.08	14.08	14.07	    20.46	21120	  0.06	火力发电	河北	0.00	14.08	8	
000959	首钢股份	-0.42	7.16	-0.03	7.16	7.21	159	159	0.00	          0.00	7.16	7.16	7.16	7.19	   207.60	113844	  1.01	普钢	北京	0.00	7.16	80	
000960	锡业股份	-0.07	13.82	-0.01	13.81	13.82	916	916	0.00	          0.01	13.82	13.82	13.82	13.83	   270.06	1265912	  1.27	小金属	云南	0.00	13.82	458	
001896	豫能控股	-0.17	11.96	-0.02	11.95	11.96	663	663	0.00	          0.01	11.96	11.96	11.96	11.98	    13.98	792948	  0.63	火力发电	河南	0.00	11.96	332	
002053	云南能投	-0.57	17.58	-0.10	17.58	17.68	136	136	0.00	          0.00	17.58	17.58	17.58	17.68	    41.30	239088	  1.02	食品	云南	0.00	17.58	68	
002091	江苏国泰	-0.29	13.92	-0.04	13.92	13.95	179	179	0.00	          0.00	13.92	13.92	13.92	13.96	    52.07	249168	  0.75	商贸代理	江苏	0.00	13.92	90	
002110	三钢闽光	0.30	13.50	0.04	13.50	13.53	276	276	0.00	          0.01	13.50	13.50	13.50	13.46	    26.57	372600	  0.59	普钢	福建	0.00	13.50	138	
002180	艾派克	-0.21	28.49	-0.06	28.36	28.49	6	6	0.00	          0.00	28.49	28.49	28.49	28.55	    84.07	17094	  0.05	电脑设备	广东	0.00	28.49	3	
002209	达 意 隆	0.33	18.24	0.06	18.20	18.25	42	42	0.00	          0.00	18.24	18.24	18.24	18.18	--  	76608	  0.57	轻工机械	广东	0.00	18.24	21	
002320	海峡股份	-0.95	15.65	-0.15	15.65	15.80	1169	1169	0.00	          0.03	15.65	15.65	15.65	15.80	    37.02	1829485	  7.69	水运	海南	0.00	15.65	585	
002357	富临运业	0.00	13.70	0.00	13.69	13.70	270	270	0.00	          0.01	13.70	13.70	13.70	13.70	    28.94	369900	  2.09	公路	四川	0.00	13.70	135	
002435	长江润发	0.49	20.40	0.10	20.40	20.43	55	55	0.00	          0.00	20.40	20.40	20.40	20.30	   396.71	112200	  0.26	机械基件	江苏	0.00	20.40	28	
300123	太阳鸟	-0.73	19.01	-0.14	19.01	19.03	232	232	0.00	          0.01	19.01	19.01	19.01	19.15	   446.00	441032	  0.36	船舶	湖南	0.00	19.01	116	
600021	上海电力	-0.48	12.53	-0.06	12.51	12.53	304	304	0.00	          0.00	12.53	12.53	12.53	12.59	    24.58	380912	  0.76	火力发电	上海	0.00	12.53	152	
600072	中船科技	0.33	20.98	0.07	20.96	20.98	228	228	0.00	          0.00	20.98	20.98	20.98	20.91	--  	478344	  0.28	船舶	上海	0.00	20.98	114	
600075	新疆天业	0.07	13.62	0.01	13.62	13.63	63	63	0.00	          0.00	13.62	13.62	13.62	13.61	    17.76	85806	  0.16	化工原料	新疆	0.00	13.62	32	
600078	澄星股份	--  	7.40	--  	7.40	7.44	0	0	--  	          0.00	--  	--  	--  	7.40	    92.83	0	  0.00	化工原料	江苏	0.00	7.40	0	
600339	*ST油工	-0.13	7.43	-0.01	7.41	7.43	81	81	0.00	          0.00	7.43	7.43	7.43	7.44	--  	60183	  0.30	石油加工	新疆	0.00	7.43	41	
600390	*ST金瑞	0.00	14.53	0.00	14.51	14.53	39	39	0.00	          0.00	14.53	14.53	14.53	14.53	   420.03	56667	  0.14	小金属	湖南	0.00	14.53	20	
600480	凌云股份	0.57	17.60	0.10	17.60	17.63	708	708	0.00	          0.02	17.60	17.60	17.60	17.50	    31.73	1246080	  1.55	汽车配件	河北	0.00	17.60	354	
600482	中国动力	-0.89	32.38	-0.29	32.38	32.58	629	628	0.00	          0.01	32.38	32.38	32.38	32.67	    52.47	2035180	  3.51	电气设备	河北	0.00	32.38	314	
600511	国药股份	0.06	33.47	0.02	33.45	33.47	18	18	0.00	          0.00	33.47	33.47	33.47	33.45	    27.61	60246	  0.12	医药商业	北京	0.00	33.47	9	
600522	中天科技	-0.17	11.44	-0.02	11.44	11.45	2791	2790	0.00	          0.01	11.44	11.44	11.44	11.46	    22.98	3192893	  1.78	通信设备	江苏	0.00	11.44	1395	
600578	京能电力	0.23	4.31	0.01	4.30	4.31	411	411	0.00	          0.00	4.31	4.31	4.31	4.30	    17.49	177141	  1.37	火力发电	北京	0.00	4.31	206	
600636	三爱富	--  	13.86	--  	--  	--  	0	0	--  	          0.00	--  	--  	--  	13.86	--  	0	  0.00	化工原料	上海	0.00	13.86	0	
600640	号百控股	-0.75	19.73	-0.15	19.73	19.87	50	50	0.00	          0.00	19.73	19.73	19.73	19.88	   474.03	98650	  0.18	酒店餐饮	上海	0.00	19.73	25	
600690	青岛海尔	-0.09	11.29	-0.01	11.28	11.28	0	0	--  	          0.00	--  	--  	--  	11.29	    13.51	0	  1.04	家用电器	山东	0.00	11.29	0	
600717	天津港	-0.36	11.10	-0.04	11.09	11.10	820	820	0.00	          0.00	11.10	11.10	11.10	11.14	    13.93	910200	  2.04	港口	天津	0.00	11.10	410	
600736	苏州高新	--  	8.51	--  	--  	--  	0	0	--  	          0.00	--  	--  	--  	8.51	    33.09	0	  0.00	园区开发	江苏	0.00	8.51	0	
600738	兰州民百	-0.20	9.83	-0.02	9.81	9.81	0	0	--  	          0.00	--  	--  	--  	9.83	    58.07	0	  0.14	百货	甘肃	0.00	9.83	0	
600740	山西焦化	-0.50	7.98	-0.04	7.98	8.00	324	324	0.00	          0.00	7.98	7.98	7.98	8.02	--  	258552	  0.81	焦炭加工	山西	0.00	7.98	162	
600741	华域汽车	0.12	16.60	0.02	16.60	16.61	396	396	0.00	          0.00	16.60	16.60	16.60	16.58	     8.79	657360	  0.74	汽车配件	上海	0.00	16.60	198	
600764	中电广通	0.18	33.38	0.06	33.44	33.44	0	0	--  	          0.00	--  	--  	--  	33.38	   398.51	0	  1.33	通信设备	北京	0.00	33.38	0	
600848	上海临港	-1.25	20.52	-0.26	20.52	20.55	115	115	0.00	          0.00	20.52	20.52	20.52	20.78	   110.89	235980	  0.61	园区开发	上海	0.00	20.52	58	
601727	上海电气	--  	8.42	--  	--  	--  	0	0	--  	          0.00	--  	--  	--  	8.42	    47.95	0	  0.00	电气设备	上海	0.00	8.42	0	
601877	正泰电器	-0.05	20.30	-0.01	20.29	20.29	0	0	--  	          0.00	--  	--  	--  	20.30	    25.27	0	  1.00	电气设备	浙江	0.00	20.30	0	
数据来源:通达信
