代码	名称	涨幅%%	现价	涨跌	买价	卖价	总量	现量	涨速%%	换手%%	今开	最高	最低	昨收	市盈(动)	总金额	量比	细分行业	地区	振幅%%	均价	内盘	
000027	深圳能源	-0.28	7.00	-0.02	6.99	7.00	279	279	0.00	          0.00	7.00	7.00	7.00	7.02	    15.56	195300	  0.92	火力发电	深圳	0.00	7.00	140	
000031	中粮地产	0.36	8.37	0.03	8.36	8.37	405	405	0.00	          0.00	8.37	8.37	8.37	8.34	   148.40	338985	  1.00	全国地产	深圳	0.00	8.37	203	
000046	泛海控股	0.21	9.37	0.02	9.35	9.37	73	73	0.00	          0.00	9.37	9.37	9.37	9.35	    19.83	68401	  0.46	全国地产	北京	0.00	9.37	37	
000069	华侨城Ａ	0.26	7.62	0.02	7.62	7.63	1071	1071	0.00	          0.00	7.62	7.62	7.62	7.60	    16.08	816102	  0.91	旅游景点	深圳	0.00	7.62	536	
000089	深圳机场	-0.35	8.59	-0.03	8.57	8.59	371	371	0.00	          0.00	8.59	8.59	8.59	8.62	    32.28	318689	  0.82	机场	深圳	0.00	8.59	186	
000157	中联重科	-0.21	4.84	-0.01	4.83	4.84	814	814	0.00	          0.00	4.84	4.84	4.84	4.85	--  	393976	  0.40	工程机械	湖南	0.00	4.84	407	
000333	美的集团	0.12	33.94	0.04	33.93	33.94	1188	1188	0.00	          0.00	33.94	33.94	33.94	33.90	    12.77	4032072	  0.79	家用电器	广东	0.00	33.94	594	
000520	长航凤凰	-0.12	8.05	-0.01	8.05	8.07	246	246	0.00	          0.00	8.05	8.05	8.05	8.06	--  	198030	  0.20	水运	湖北	0.00	8.05	123	
000607	华媒控股	0.00	10.17	0.00	10.16	10.17	243	243	0.00	          0.00	10.17	10.17	10.17	10.17	    61.10	247131	  0.33	广告包装	浙江	0.00	10.17	122	
000629	*ST钒钛	0.00	2.55	0.00	2.55	2.56	4843	4842	0.00	          0.01	2.55	2.55	2.55	2.55	--  	1234838	  3.14	普钢	四川	0.00	2.55	2421	
000719	大地传媒	0.00	12.75	0.00	12.72	12.75	34	34	0.00	          0.00	12.75	12.75	12.75	12.75	    21.38	43350	  0.10	出版业	河南	0.00	12.75	17	
000723	美锦能源	--  	12.23	--  	--  	--  	0	0	--  	          0.00	--  	--  	--  	12.23	    57.40	0	  0.00	焦炭加工	山西	0.00	12.23	0	
000758	中色股份	-0.12	8.54	-0.01	8.53	8.54	718	718	0.00	          0.00	8.54	8.54	8.54	8.55	    61.86	613172	  0.69	铅锌	北京	0.00	8.54	359	
000761	本钢板材	0.16	6.13	0.01	6.13	6.14	145	144	0.00	          0.00	6.13	6.13	6.13	6.12	    25.09	88621	  0.38	钢加工	辽宁	0.00	6.13	72	
000768	中航飞机	-0.21	24.00	-0.05	24.00	24.01	1620	1620	0.00	          0.01	24.00	24.00	24.00	24.05	   422.10	3888000	  1.44	航空	陕西	0.00	24.00	810	
000777	中核科技	0.05	21.84	0.01	21.84	21.85	40	39	0.00	          0.00	21.84	21.84	21.84	21.83	   133.06	87098	  0.15	机械基件	江苏	0.00	21.84	20	
000789	万年青	-0.33	8.95	-0.03	8.95	8.97	614	614	0.00	          0.01	8.95	8.95	8.95	8.98	    24.84	549530	  0.73	水泥	江西	0.00	8.95	307	
000798	中水渔业	-0.08	11.84	-0.01	11.81	11.84	62	62	0.00	          0.00	11.84	11.84	11.84	11.85	--  	73408	  0.39	渔业	北京	0.00	11.84	31	
000800	一汽轿车	0.40	12.45	0.05	12.45	12.46	769	769	0.00	          0.01	12.45	12.45	12.45	12.40	--  	957978	  0.93	汽车整车	吉林	0.00	12.45	385	
000825	太钢不锈	0.00	4.93	0.00	4.93	4.94	2015	2015	0.00	          0.00	4.93	4.93	4.93	4.93	    25.01	993395	  0.88	特种钢	山西	0.00	4.93	1008	
000837	秦川机床	0.00	9.45	0.00	9.41	9.45	362	362	0.00	          0.01	9.45	9.45	9.45	9.45	--  	342090	  0.94	机床制造	陕西	0.00	9.45	181	
000878	云南铜业	0.06	15.59	0.01	15.58	15.59	3993	3993	0.00	          0.03	15.59	15.59	15.59	15.58	   371.79	6225087	  2.41	铜	云南	0.00	15.59	1997	
000912	泸天化	--  	13.22	--  	--  	--  	0	0	--  	          0.00	--  	--  	--  	13.22	--  	0	  0.00	农药化肥	四川	0.00	13.22	0	
000930	中粮生化	0.00	13.36	0.00	13.36	13.37	771	771	0.00	          0.01	13.36	13.36	13.36	13.36	    91.20	1030056	  0.44	农业综合	安徽	0.00	13.36	386	
000939	凯迪生态	-0.50	12.03	-0.06	12.03	12.08	526	526	0.00	          0.00	12.03	12.03	12.03	12.09	   104.87	632778	  1.00	新型电力	湖北	0.00	12.03	263	
000951	中国重汽	--  	15.35	--  	15.33	15.35	0	0	--  	          0.00	--  	--  	--  	15.35	    34.11	0	  0.00	汽车整车	山东	0.00	15.35	0	
001979	招商蛇口	-0.28	18.05	-0.05	18.04	18.05	1618	1618	0.00	          0.01	18.05	18.05	18.05	18.10	    19.07	2920490	  1.23	全国地产	深圳	0.00	18.05	809	
002046	轴研科技	0.00	14.05	0.00	14.03	14.05	558	558	0.00	          0.02	14.05	14.05	14.05	14.05	--  	783990	  1.33	机械基件	河南	0.00	14.05	279	
002100	天康生物	0.11	9.22	0.01	9.21	9.22	240	240	0.00	          0.00	9.22	9.22	9.22	9.21	    20.89	221280	  1.13	饲料	新疆	0.00	9.22	120	
002171	楚江新材	0.06	16.84	0.01	16.82	16.84	111	111	0.00	          0.00	16.84	16.84	16.84	16.83	    46.56	186924	  0.57	铜	安徽	0.00	16.84	56	
002268	卫 士 通	0.43	32.76	0.14	32.68	32.76	59	59	0.00	          0.00	32.76	32.76	32.76	32.62	  2100.55	193284	  0.36	软件服务	四川	0.00	32.76	30	
002346	柘中股份	0.00	35.10	0.00	35.09	35.10	135	135	0.00	          0.02	35.10	35.10	35.10	35.10	   966.37	473850	  0.17	电气设备	上海	0.00	35.10	68	
002368	太极股份	--  	32.48	--  	32.65	32.68	0	0	--  	          0.00	--  	--  	--  	32.48	   156.19	0	  0.00	软件服务	北京	0.00	32.48	0	
002415	海康威视	0.07	30.20	0.02	30.20	30.22	246	245	0.00	          0.00	30.20	30.20	30.20	30.18	    28.74	742890	  0.37	电器仪表	浙江	0.00	30.20	123	
300498	温氏股份	-0.03	33.56	-0.01	33.55	33.56	105	105	0.00	          0.00	33.56	33.56	33.56	33.57	    10.10	352380	  0.28	农业综合	广东	0.00	33.56	53	
600004	白云机场	-0.37	16.20	-0.06	16.14	16.14	0	0	--  	          0.00	--  	--  	--  	16.20	    13.22	0	  3.28	机场	广东	0.00	16.20	0	
600009	上海机场	0.00	28.35	0.00	28.35	28.35	0	0	--  	          0.00	--  	--  	--  	28.35	    19.47	0	  0.91	机场	上海	0.00	28.35	0	
600010	包钢股份	0.00	3.10	0.00	3.10	3.11	1296	1296	0.00	          0.00	3.10	3.10	3.10	3.10	   321.75	401760	  0.51	普钢	内蒙	0.00	3.10	648	
600011	华能国际	-0.39	7.72	-0.03	7.72	7.73	80	80	0.00	          0.00	7.72	7.72	7.72	7.75	     9.37	61760	  0.14	火力发电	北京	0.00	7.72	40	
600018	上港集团	0.18	5.63	0.01	5.62	5.63	536	536	0.00	          0.00	5.63	5.63	5.63	5.62	    24.72	301768	  0.45	港口	上海	0.00	5.63	268	
600019	宝钢股份	-0.29	6.81	-0.02	6.80	6.81	2853	2853	0.00	          0.00	6.81	6.81	6.81	6.83	    20.17	1942893	  1.00	普钢	上海	0.00	6.81	1427	
600027	华电国际	0.00	5.09	0.00	5.08	5.09	628	628	0.00	          0.00	5.09	5.09	5.09	5.09	    10.13	319652	  0.62	火力发电	山东	0.00	5.09	314	
600031	三一重工	-0.39	7.66	-0.03	7.63	7.63	0	0	--  	          0.00	--  	--  	--  	7.66	   252.00	0	  0.45	工程机械	湖南	0.00	7.66	0	
600038	中直股份	0.38	52.88	0.20	52.80	52.88	106	106	0.00	          0.00	52.88	52.88	52.88	52.68	    76.98	560528	  0.45	航空	黑龙江	0.00	52.88	53	
600068	葛洲坝	0.00	10.98	0.00	10.98	10.99	1234	1233	0.00	          0.00	10.98	10.98	10.98	10.98	    16.91	1354383	  0.53	建筑施工	湖北	0.00	10.98	617	
600097	开创国际	0.00	19.98	0.00	19.95	19.98	45	45	0.00	          0.00	19.98	19.98	19.98	19.98	--  	89910	  0.20	渔业	上海	0.00	19.98	23	
600104	上汽集团	0.00	24.85	0.00	24.85	24.88	853	852	0.00	          0.00	24.85	24.85	24.85	24.85	     9.43	2119556	  0.85	汽车整车	上海	0.00	24.85	426	
600115	东方航空	-0.28	7.24	-0.02	7.23	7.24	6211	6211	0.00	          0.01	7.24	7.24	7.24	7.26	    11.74	4496764	  1.06	空运	上海	0.00	7.24	3106	
600118	中国卫星	0.24	33.15	0.08	33.15	33.16	206	206	0.00	          0.00	33.15	33.15	33.15	33.07	    98.57	682890	  0.43	航空	北京	0.00	33.15	103	
600139	西部资源	1.19	11.07	0.13	11.06	11.07	321	321	0.00	          0.00	11.07	11.07	11.07	10.94	--  	355347	  1.80	铜	四川	0.00	11.07	161	
600278	东方创业	0.07	15.34	0.01	15.30	15.34	95	95	0.00	          0.00	15.34	15.34	15.34	15.33	    57.63	145730	  0.83	商贸代理	上海	0.00	15.34	48	
600328	兰太实业	0.25	12.11	0.03	12.11	12.12	129	129	0.00	          0.00	12.11	12.11	12.11	12.08	    65.95	156219	  0.47	化工原料	内蒙	0.00	12.11	65	
600362	江西铜业	0.32	18.99	0.06	18.98	18.99	5163	5163	0.00	          0.02	18.99	18.99	18.99	18.93	    49.90	9804537	  3.84	铜	江西	0.00	18.99	2582	
600393	粤泰股份	0.31	16.29	0.05	16.29	16.33	287	287	0.00	          0.01	16.29	16.29	16.29	16.24	   142.33	467523	  0.76	全国地产	广东	0.00	16.29	144	
600418	江淮汽车	-0.68	11.70	-0.08	11.70	11.73	870	870	0.00	          0.01	11.70	11.70	11.70	11.78	    20.32	1017912	  1.70	汽车整车	安徽	0.00	11.70	435	
600428	中远海特	-0.14	6.95	-0.01	6.94	6.94	0	0	--  	          0.00	--  	--  	--  	6.95	   337.12	0	  0.37	水运	广东	0.00	6.95	0	
600478	科力远	-0.10	10.01	-0.01	10.00	10.01	231	231	0.00	          0.00	10.01	10.01	10.01	10.02	--  	231231	  0.90	元器件	湖南	0.00	10.01	116	
600500	中化国际	-0.18	11.09	-0.02	11.09	11.10	1124	1124	0.00	          0.01	11.09	11.09	11.09	11.11	    76.99	1246516	  1.57	商贸代理	上海	0.00	11.09	562	
600507	方大特钢	-0.39	7.64	-0.03	7.62	7.64	323	323	0.00	          0.00	7.64	7.64	7.64	7.67	    16.41	246772	  0.56	特种钢	江西	0.00	7.64	162	
600508	上海能源	0.00	11.55	0.00	11.55	11.57	208	208	0.00	          0.00	11.55	11.55	11.55	11.55	    20.99	240240	  1.12	煤炭开采	上海	0.00	11.55	104	
600523	贵航股份	0.04	24.92	0.01	24.88	24.92	89	89	0.00	          0.00	24.92	24.92	24.92	24.91	    52.50	221788	  0.25	汽车配件	贵州	0.00	24.92	45	
600575	皖江物流	0.00	5.60	0.00	5.56	5.60	8	8	0.00	          0.00	5.60	5.60	5.60	5.60	    41.07	4480	  0.02	水运	安徽	0.00	5.60	4	
600611	大众交通	0.00	6.39	0.00	6.38	6.39	57	57	0.00	          0.00	6.39	6.39	6.39	6.39	    26.11	36423	  0.16	公共交通	上海	0.00	6.39	29	
600648	外高桥	0.00	20.19	0.00	20.19	20.22	15	15	0.00	          0.00	20.19	20.19	20.19	20.19	    27.59	30285	  0.16	园区开发	上海	0.00	20.19	8	
600662	强生控股	-0.09	10.54	-0.01	10.54	10.55	115	115	0.00	          0.00	10.54	10.54	10.54	10.55	    63.37	121210	  0.42	公共交通	上海	0.00	10.54	58	
600676	交运股份	-0.23	8.77	-0.02	8.77	8.79	59	59	0.00	          0.00	8.77	8.77	8.77	8.79	    32.47	51743	  0.40	公共交通	上海	0.00	8.77	30	
600684	珠江实业	0.00	8.30	0.00	8.29	8.30	95	95	0.00	          0.00	8.30	8.30	8.30	8.30	    17.24	78850	  0.34	全国地产	广东	0.00	8.30	48	
600704	物产中大	-0.28	10.83	-0.03	10.83	10.84	1171	1171	0.00	          0.01	10.83	10.83	10.83	10.86	    18.81	1268193	  1.43	商贸代理	浙江	0.00	10.83	586	
600717	天津港	-0.36	11.10	-0.04	11.09	11.10	820	820	0.00	          0.00	11.10	11.10	11.10	11.14	    13.93	910200	  2.04	港口	天津	0.00	11.10	410	
600718	东软集团	0.78	19.48	0.15	19.48	19.49	3207	3207	0.00	          0.03	19.48	19.48	19.48	19.33	     8.88	6247918	  2.64	软件服务	辽宁	0.00	19.48	1604	
600719	大连热电	-0.12	8.49	-0.01	8.46	8.49	63	63	0.00	          0.00	8.49	8.49	8.49	8.50	--  	53487	  0.28	供气供热	辽宁	0.00	8.49	32	
600729	重庆百货	-1.28	27.02	-0.35	27.02	27.25	59	59	0.00	          0.00	27.02	27.02	27.02	27.37	    26.23	159418	  0.16	百货	重庆	0.00	27.02	30	
600770	综艺股份	-0.51	9.84	-0.05	9.84	9.88	162	162	0.00	          0.00	9.84	9.84	9.84	9.89	   234.53	159408	  0.44	综合类	江苏	0.00	9.84	81	
600781	辅仁药业	0.05	18.58	0.01	18.51	18.58	25	25	0.00	          0.00	18.58	18.58	18.58	18.57	   121.43	46450	  0.32	中成药	河南	0.00	18.58	13	
600782	新钢股份	0.00	4.13	0.00	4.13	4.14	928	928	0.00	          0.00	4.13	4.13	4.13	4.13	    31.28	383264	  0.55	钢加工	江西	0.00	4.13	464	
600787	中储股份	0.00	9.20	0.00	9.19	9.20	150	150	0.00	          0.00	9.20	9.20	9.20	9.20	    35.26	138000	  0.23	仓储物流	天津	0.00	9.20	75	
600795	国电电力	-0.31	3.25	-0.01	3.25	3.26	2611	2610	0.00	          0.00	3.25	3.25	3.25	3.26	     9.89	848435	  0.87	火力发电	辽宁	0.00	3.25	1305	
600811	东方集团	0.00	7.22	0.00	7.20	7.22	214	214	0.00	          0.00	7.22	7.22	7.22	7.22	    30.52	154508	  0.64	综合类	黑龙江	0.00	7.22	107	
600812	华北制药	0.00	6.22	0.00	6.20	6.22	109	109	0.00	          0.00	6.22	6.22	6.22	6.22	   117.48	67798	  0.62	化学制药	河北	0.00	6.22	55	
600850	华东电脑	-0.21	24.08	-0.05	24.03	24.08	27	27	0.00	          0.00	24.08	24.08	24.08	24.13	    36.22	65016	  0.25	软件服务	上海	0.00	24.08	14	
600855	航天长峰	--  	28.89	--  	--  	--  	0	0	--  	          0.00	--  	--  	--  	28.89	   846.16	0	  0.00	专用机械	北京	0.00	28.89	0	
600875	东方电气	--  	10.79	--  	--  	--  	0	0	--  	          0.00	--  	--  	--  	10.79	--  	0	  0.00	电气设备	四川	0.00	10.79	0	
600879	航天电子	0.11	18.62	0.02	18.61	18.62	1746	1746	0.00	          0.02	18.62	18.62	18.62	18.60	    52.92	3251052	  0.99	航空	湖北	0.00	18.62	873	
600895	张江高科	0.06	18.04	0.01	18.03	18.04	196	196	0.00	          0.00	18.04	18.04	18.04	18.03	    54.02	353584	  0.62	园区开发	上海	0.00	18.04	98	
600900	长江电力	0.15	13.02	0.02	13.04	13.04	0	0	--  	          0.00	--  	--  	--  	13.02	    13.15	0	  0.30	水力发电	北京	0.00	13.02	0	
600967	北方创业	1.05	14.45	0.15	14.41	14.45	832	832	0.00	          0.01	14.45	14.45	14.45	14.30	--  	1202240	  1.41	运输设备	内蒙	0.00	14.45	416	
600980	北矿科技	0.13	22.76	0.03	22.70	22.76	83	83	0.00	          0.01	22.76	22.76	22.76	22.73	   143.55	188908	  0.73	元器件	北京	0.00	22.76	42	
600981	汇鸿集团	-0.22	8.91	-0.02	8.91	8.96	184	184	0.00	          0.01	8.91	8.91	8.91	8.93	    26.68	163944	  1.30	商贸代理	江苏	0.00	8.91	92	
600990	四创电子	-0.57	74.52	-0.43	74.52	74.95	31	31	0.00	          0.00	74.52	74.52	74.52	74.95	   255.01	231012	  0.50	通信设备	安徽	0.00	74.52	16	
601727	上海电气	--  	8.42	--  	--  	--  	0	0	--  	          0.00	--  	--  	--  	8.42	    47.95	0	  0.00	电气设备	上海	0.00	8.42	0	
数据来源:通达信
