代码	名称	涨幅%%	现价	涨跌	买价	卖价	总量	现量	涨速%%	换手%%	今开	最高	最低	昨收	市盈(动)	总金额	量比	细分行业	地区	振幅%%	均价	内盘	
002164	宁波东力	-5.18	13.00	-0.71	13.00	13.20	102409	1312	-5.17	          2.47	13.71	13.71	13.00	13.71	   858.61	139605856	 59.40	电气设备	浙江	5.18	13.63	61327	
002584	西陇科学	-1.00	14.89	-0.15	14.88	14.89	11377	108	0.00	          0.44	14.89	14.89	14.80	15.04	    79.25	16921072	  5.35	化工原料	广东	0.60	14.87	5313	
002634	棒杰股份	-3.03	11.19	-0.35	11.20	11.21	22620	701	0.81	          0.89	11.10	11.22	11.10	11.54	   131.73	25198764	 18.32	服饰	浙江	1.04	11.14	7431	
002796	世嘉科技	-0.71	61.13	-0.44	61.10	61.13	409	13	0.11	          0.20	61.06	61.48	61.06	61.57	   103.77	2498429	  2.52	专用机械	江苏	0.68	61.09	252	
002802	洪汇新材	-0.37	51.75	-0.19	51.54	51.80	758	4	0.85	          0.28	51.31	51.88	51.30	51.94	   106.40	3898130	  7.81	化工原料	江苏	1.12	51.43	150	
002805	丰元股份	-1.39	52.56	-0.74	52.56	52.59	505	4	-0.83	          0.21	53.00	53.00	52.56	53.30	   215.74	2668581	  1.62	化工原料	山东	0.83	52.84	317	
002807	江阴银行	-1.20	20.65	-0.25	20.61	20.65	1540	28	-0.72	          0.07	20.80	20.80	20.55	20.90	    53.65	3190018	  0.71	银行	江苏	1.20	20.71	1118	
002809	红墙股份	-1.06	70.12	-0.75	70.15	70.18	641	9	-0.24	          0.32	70.29	70.29	70.01	70.87	    85.07	4498925	  8.22	化工原料	广东	0.40	70.19	463	
002819	东方中科	0.76	50.39	0.38	50.30	50.39	810	28	0.77	          0.29	50.00	50.39	49.99	50.01	   186.63	4056623	  1.53	电器仪表	北京	0.80	50.08	309	
002820	桂发祥	0.04	55.80	0.02	55.80	55.84	580	5	-0.53	          0.18	56.10	56.30	55.80	55.78	    69.20	3252911	  1.06	食品	天津	0.90	56.08	419	
002824	和胜股份	-0.75	44.70	-0.34	44.69	44.70	705	5	-0.66	          0.23	45.00	45.00	44.69	45.04	    75.14	3164067	  2.34	铝	广东	0.69	44.88	419	
002827	高争民爆	0.34	32.85	0.11	32.85	32.98	2178	26	0.06	          0.47	32.83	33.05	32.75	32.74	    56.16	7163565	  8.61	化工原料	西藏	0.92	32.89	464	
002829	星网宇达	-0.77	89.65	-0.70	89.63	89.65	567	14	-0.38	          0.30	90.00	90.00	89.50	90.35	    92.92	5096597	  3.91	通信设备	北京	0.55	89.89	310	
002830	名雕股份	-1.23	72.10	-0.90	72.10	72.30	1310	22	-0.41	          0.79	72.40	72.41	71.67	73.00	   207.16	9450741	  8.51	装修装饰	深圳	1.01	72.14	760	
002831	裕同科技	0.88	77.70	0.68	77.70	77.88	2944	169	0.38	          0.74	77.40	78.20	77.40	77.02	    42.31	22845968	 15.42	广告包装	深圳	1.04	77.59	1056	
002832	比音勒芬	0.00	58.32	0.00	58.32	58.33	473	1	-0.11	          0.18	58.39	58.39	58.26	58.32	    44.34	2760189	  3.26	服饰	广东	0.22	58.35	162	
002833	弘亚数控	-0.02	53.98	-0.01	53.85	53.98	405	9	0.29	          0.12	53.82	53.99	53.82	53.99	    44.97	2180521	  2.03	专用机械	广东	0.31	53.84	97	
002836	新宏泽	-2.53	60.00	-1.56	60.00	60.26	7172	132	0.55	          3.59	59.67	60.26	59.65	61.56	    95.41	42860348	 27.69	广告包装	广东	0.99	59.76	4118	
002841	视源股份	-1.24	95.80	-1.20	95.82	95.97	1097	13	-0.20	          0.27	96.00	96.00	95.36	97.00	    48.75	10513267	  4.96	元器件	广东	0.66	95.84	471	
002842	翔鹭钨业	-0.55	56.40	-0.31	56.40	56.46	471	4	0.17	          0.19	56.30	56.40	56.12	56.71	    89.58	2649972	  1.73	小金属	广东	0.49	56.26	333	
002843	泰嘉股份	-0.78	35.70	-0.28	35.65	35.70	798	1	-0.69	          0.23	35.95	35.95	35.70	35.98	   130.55	2862490	  2.19	钢加工	湖南	0.69	35.87	532	
002846	英联股份	-0.66	39.16	-0.26	39.16	39.28	456	6	-0.60	          0.15	39.40	39.40	39.11	39.42	    84.79	1793569	  1.34	广告包装	广东	0.74	39.33	229	
002847	盐津铺子	-0.61	49.00	-0.30	48.90	49.00	419	16	0.00	          0.14	49.00	49.25	48.70	49.30	    73.46	2052454	  1.36	食品	湖南	1.12	48.98	276	
002848	高斯贝尔	-0.51	34.89	-0.18	34.89	34.95	675	10	0.14	          0.16	34.84	34.90	34.84	35.07	   132.23	2352993	  1.06	通信设备	湖南	0.17	34.86	249	
002849	威星智能	-1.60	58.53	-0.95	58.48	58.53	1022	6	0.05	          0.47	58.50	58.53	58.22	59.48	    97.12	5972755	  4.17	电器仪表	浙江	0.52	58.43	251	
300222	科大智能	-0.65	26.00	-0.17	25.95	25.99	15022	197	0.38	          0.54	25.90	26.12	25.89	26.17	    84.32	38956760	  5.95	电气设备	上海	0.88	25.93	9384	
300299	富春通信	-0.90	26.54	-0.24	26.50	26.54	2214	95	-0.26	          0.12	26.61	26.62	26.46	26.78	   102.91	5881732	  1.88	通信设备	福建	0.60	26.57	888	
300304	云意电气	-0.81	18.30	-0.15	18.30	18.32	34885	633	0.05	          0.47	18.29	18.32	18.23	18.45	   143.33	63766048	  5.82	汽车配件	江苏	0.49	18.28	23053	
300422	博世科	-0.96	49.33	-0.48	49.30	49.49	1603	10	0.00	          0.23	49.33	49.51	49.25	49.81	   112.03	7908363	  3.17	环境保护	广西	0.52	49.33	1143	
300517	海波重科	-0.74	45.79	-0.34	45.78	45.79	932	1	0.26	          0.36	45.67	46.13	45.60	46.13	   128.27	4263875	 10.02	建筑施工	湖北	1.15	45.75	491	
300520	科大国创	-3.26	83.20	-2.80	83.20	83.51	2068	32	-0.95	          0.90	84.00	84.00	83.15	86.00	   314.73	17322756	 12.53	软件服务	安徽	0.99	83.77	833	
300531	优博讯	-0.75	116.00	-0.88	115.82	116.00	432	432	0.00	          0.22	116.00	116.00	116.00	116.88	   186.52	5011200	  3.48	软件服务	深圳	0.00	116.00	216	
300543	朗科智能	-0.66	113.00	-0.75	112.61	113.00	148	148	0.00	          0.10	113.00	113.00	113.00	113.75	    82.91	1672400	  2.00	电气设备	深圳	0.00	113.00	74	
300546	雄帝科技	-0.46	110.30	-0.51	110.12	110.30	60	60	0.00	          0.04	110.30	110.30	110.30	110.81	   136.36	661800	  1.02	元器件	深圳	0.00	110.30	30	
300556	丝路视觉	0.13	53.25	0.07	53.25	53.49	65	65	0.00	          0.02	53.25	53.25	53.25	53.18	   381.52	346125	  0.31	软件服务	深圳	0.00	53.25	33	
300568	星源材质	-1.00	81.18	-0.82	81.18	81.20	238	238	0.00	          0.08	81.18	81.18	81.18	82.00	    62.68	1932084	  1.62	化工原料	深圳	0.00	81.18	119	
300571	平治信息	-0.90	121.00	-1.10	120.85	121.00	448	6	-0.13	          0.45	121.16	121.50	120.85	122.10	   102.11	5427245	  5.67	互联网	浙江	0.53	121.14	261	
300578	会畅通讯	-0.95	56.28	-0.54	56.28	56.39	1360	11	-0.38	          0.76	56.50	56.50	56.10	56.82	   109.27	7671510	  7.27	通信设备	上海	0.70	56.41	617	
300579	数字认证	-0.75	67.89	-0.51	67.89	67.98	111	111	0.00	          0.06	67.89	67.89	67.89	68.40	   225.97	753579	  0.61	软件服务	北京	0.00	67.89	56	
300580	贝斯特	-0.68	33.62	-0.23	33.61	33.62	317	317	0.00	          0.06	33.62	33.62	33.62	33.85	    60.85	1065754	  0.57	汽车配件	江苏	0.00	33.62	159	
300583	赛托生物	-0.34	76.29	-0.26	76.25	76.29	132	132	0.00	          0.05	76.29	76.29	76.29	76.55	    84.34	1007028	  1.16	生物制药	山东	0.00	76.29	66	
300584	海辰药业	0.02	48.76	0.01	48.76	48.77	288	288	0.00	          0.14	48.76	48.76	48.76	48.75	    93.78	1404288	  2.94	化学制药	江苏	0.00	48.76	144	
300586	美联新材	0.30	43.85	0.13	43.85	43.88	276	276	0.00	          0.12	43.85	43.85	43.85	43.72	    88.97	1210260	  1.25	化工原料	广东	0.00	43.85	138	
300588	熙菱信息	-1.09	45.49	-0.50	45.45	45.49	225	225	0.00	          0.09	45.49	45.49	45.49	45.99	   178.36	1023525	  1.29	软件服务	新疆	0.00	45.49	113	
300589	江龙船艇	0.52	48.04	0.25	48.00	48.04	126	126	0.00	          0.06	48.04	48.04	48.04	47.79	   154.46	605304	  0.48	船舶	广东	0.00	48.04	63	
300591	万里马	-0.12	24.67	-0.03	24.66	24.67	422	422	0.00	          0.07	24.67	24.67	24.67	24.70	   163.35	1041074	  0.57	服饰	广东	0.00	24.67	211	
300592	华凯创意	1.22	36.50	0.44	36.50	36.60	271	271	0.00	          0.09	36.50	36.50	36.50	36.06	   118.55	989150	  0.89	软件服务	湖南	0.00	36.50	136	
300595	欧普康视	-0.40	121.39	-0.49	121.30	121.39	143	143	0.00	          0.08	121.39	121.39	121.39	121.88	    72.38	1735877	  1.24	医疗保健	安徽	0.00	121.39	72	
300597	吉大通信	0.04	28.19	0.01	28.18	28.19	562	562	0.00	          0.09	28.19	28.19	28.19	28.18	   140.15	1584278	  0.86	通信设备	吉林	0.00	28.19	281	
300598	诚迈科技	-0.07	56.86	-0.04	56.86	56.90	220	220	0.00	          0.11	56.86	56.86	56.86	56.90	    89.97	1250920	  1.36	软件服务	江苏	0.00	56.86	110	
300599	雄塑科技	-0.08	26.63	-0.02	26.51	26.63	371	371	0.00	          0.05	26.63	26.63	26.63	26.65	    83.89	987973	  0.46	塑料	广东	0.00	26.63	186	
300600	瑞特股份	-0.25	70.90	-0.18	70.90	70.95	251	251	0.00	          0.10	70.90	70.90	70.90	71.08	    61.88	1779590	  1.68	电气设备	江苏	0.00	70.90	126	
300601	康泰生物	1.66	37.25	0.61	37.25	37.28	1825	1824	0.00	          0.43	37.25	37.25	37.25	36.64	   154.33	6797529	  4.06	生物制药	深圳	0.00	37.25	912	
300603	立昂技术	1.87	46.35	0.85	46.35	46.38	1719	1719	0.00	          0.67	46.35	46.35	46.35	45.50	   217.55	7967565	  3.60	通信设备	新疆	0.00	46.35	860	
300605	恒锋信息	0.02	49.51	0.01	49.51	49.52	220	220	0.00	          0.10	49.51	49.51	49.51	49.50	   106.53	1089220	  1.17	软件服务	福建	0.00	49.51	110	
300606	金太阳	0.62	45.32	0.28	45.20	45.32	373	373	0.00	          0.17	45.32	45.32	45.32	45.04	   100.54	1690436	  1.60	矿物制品	广东	0.00	45.32	187	
300607	拓斯达	-0.43	82.00	-0.35	81.94	82.00	164	164	0.00	          0.09	82.00	82.00	82.00	82.35	    94.82	1344800	  0.92	专用机械	广东	0.00	82.00	82	
300609	汇纳科技	2.78	66.85	1.81	66.70	66.85	16138	385	0.04	          6.46	66.82	66.97	65.50	65.04	   138.40	107640560	111.29	互联网	上海	2.26	66.70	7670	
300611	美力科技	-0.95	54.00	-0.52	54.00	54.02	234	234	0.00	          0.10	54.00	54.00	54.00	54.52	   111.91	1263600	  0.90	机械基件	浙江	0.00	54.00	117	
300612	宣亚国际	-1.09	86.96	-0.96	86.97	87.00	1158	11	0.41	          0.64	86.60	87.00	86.60	87.92	   169.67	10040063	  5.19	广告包装	北京	0.45	86.70	758	
300613	富瀚微	-3.23	285.00	-9.50	284.80	285.00	826	826	0.00	          0.74	285.00	285.00	285.00	294.50	   113.26	23541000	  5.29	半导体	上海	0.00	285.00	413	
300615	欣天科技	-0.68	58.18	-0.40	58.18	58.20	74	74	0.00	          0.04	58.18	58.18	58.18	58.58	    78.54	430532	  0.34	元器件	深圳	0.00	58.18	37	
600939	重庆建工	-5.24	15.90	-0.88	15.90	15.99	32401	1161	-0.62	          1.79	16.00	16.00	15.81	16.78	    98.33	51740184	 30.20	建筑施工	重庆	1.13	15.97	14671	
601212	白银有色	-2.06	10.46	-0.22	10.46	10.49	250344	2751	-0.38	          3.59	10.50	10.53	10.34	10.68	   242.66	262435312	 65.52	铜	甘肃	1.78	10.48	169942	
601858	中国科传	-0.54	20.10	-0.11	20.08	20.10	361	361	0.00	          0.03	20.10	20.10	20.10	20.21	   129.41	725610	  0.24	出版业	北京	0.00	20.10	181	
601882	海天精工	-1.22	26.65	-0.33	26.65	26.66	875	60	-0.74	          0.17	26.85	26.89	26.62	26.98	   204.86	2339435	  1.64	机床制造	浙江	1.00	26.74	479	
603007	花王股份	-0.21	60.50	-0.13	60.48	60.50	159	159	0.00	          0.05	60.50	60.50	60.50	60.63	    97.90	961950	  0.43	建筑施工	江苏	0.00	60.50	80	
603009	北特科技	-0.60	63.21	-0.38	63.20	63.25	190	190	0.00	          0.05	63.21	63.21	63.21	63.59	   148.83	1200990	  0.76	汽车配件	上海	0.00	63.21	95	
603022	新通联	3.24	31.25	0.98	31.25	31.28	1738	1737	0.00	          0.27	31.25	31.25	31.25	30.27	   160.49	5429688	  4.04	广告包装	上海	0.00	31.25	869	
603029	天鹅股份	-0.71	52.00	-0.37	51.81	52.08	165	165	0.00	          0.07	52.00	52.00	52.00	52.37	   204.73	858000	  0.54	专用机械	山东	0.00	52.00	83	
603032	德新交运	-0.29	34.22	-0.10	34.20	34.22	280	280	0.00	          0.08	34.22	34.22	34.22	34.32	    80.59	958160	  0.63	公路	新疆	0.00	34.22	140	
603033	三维股份	-0.56	51.68	-0.29	51.68	51.97	86	86	0.00	          0.04	51.68	51.68	51.68	51.97	    60.32	444448	  0.55	橡胶	浙江	0.00	51.68	43	
603036	如通股份	0.14	35.50	0.05	35.47	35.50	424	424	0.00	          0.08	35.50	35.50	35.50	35.45	   113.57	1505200	  0.75	专用机械	江苏	0.00	35.50	212	
603040	新坐标	-1.01	71.78	-0.73	71.77	71.98	1345	9	0.18	          0.90	71.65	71.90	71.60	72.51	    96.79	9640498	  8.51	机械基件	浙江	0.41	71.68	663	
603060	国检集团	-0.95	36.68	-0.35	36.68	36.80	331	331	0.00	          0.06	36.68	36.68	36.68	37.03	    71.20	1214108	  0.93	建筑施工	北京	0.00	36.68	166	
603090	宏盛股份	-0.82	47.40	-0.39	47.39	47.40	410	410	0.00	          0.16	47.40	47.40	47.40	47.79	   122.58	1943400	  2.73	专用机械	江苏	0.00	47.40	205	
603098	森特股份	3.23	28.79	0.90	28.78	28.79	17391	710	-0.03	          2.78	28.80	28.80	28.58	27.89	    61.66	49996576	 25.28	装修装饰	北京	0.79	28.75	6541	
603099	长白山	-1.35	19.72	-0.27	19.72	19.73	3470	3469	0.00	          0.34	19.72	19.72	19.72	19.99	    43.76	6842603	 18.07	旅游服务	吉林	0.00	19.72	1735	
603159	上海亚虹	-0.90	59.19	-0.54	59.19	59.50	86	86	0.00	          0.03	59.19	59.19	59.19	59.73	   162.92	509034	  0.22	专用机械	上海	0.00	59.19	43	
603177	德创环保	-0.78	30.70	-0.24	30.68	30.70	547	547	0.00	          0.11	30.70	30.70	30.70	30.94	   149.71	1679290	  0.61	环境保护	浙江	0.00	30.70	274	
603189	网达软件	-1.30	36.50	-0.48	36.48	36.50	948	948	0.00	          0.17	36.50	36.50	36.50	36.98	   302.75	3460200	  2.37	软件服务	上海	0.00	36.50	474	
603208	江山欧派	-0.79	65.22	-0.52	65.21	65.22	76	76	0.00	          0.04	65.22	65.22	65.22	65.74	    47.00	495672	  0.42	家居用品	浙江	0.00	65.22	38	
603238	诺邦股份	-0.77	47.98	-0.37	47.90	47.98	251	251	0.00	          0.08	47.98	47.98	47.98	48.35	    93.73	1204298	  0.74	纺织	浙江	0.00	47.98	126	
603266	天龙股份	-1.26	45.60	-0.58	45.45	45.60	688	17	-0.10	          0.28	45.65	45.65	45.49	46.18	    55.71	3135870	  4.59	塑料	浙江	0.35	45.58	412	
603298	杭叉集团	-0.96	28.93	-0.28	28.93	28.98	540	540	0.00	          0.06	28.93	28.93	28.93	29.21	    42.92	1562220	  0.59	专用机械	浙江	0.00	28.93	270	
603311	金海环境	-0.94	28.50	-0.27	28.48	28.50	297	297	0.00	          0.03	28.50	28.50	28.50	28.77	    74.42	846450	  0.29	专用机械	浙江	0.00	28.50	149	
603319	湘油泵	-0.53	52.99	-0.28	52.93	53.00	92	92	0.00	          0.05	52.99	52.99	52.99	53.27	    85.80	487508	  0.72	汽车配件	湖南	0.00	52.99	46	
603322	超讯通信	0.15	91.14	0.14	91.14	91.20	68	68	0.00	          0.03	91.14	91.14	91.14	91.00	   337.28	619752	  0.27	通信设备	广东	0.00	91.14	34	
603323	吴江银行	-0.16	18.93	-0.03	18.92	18.93	615	615	0.00	          0.06	18.93	18.93	18.93	18.96	    28.11	1164195	  0.46	银行	江苏	0.00	18.93	308	
603330	上海天洋	-0.27	70.54	-0.19	70.38	70.54	121	121	0.00	          0.08	70.54	70.54	70.54	70.73	    79.66	853534	  0.94	塑料	上海	0.00	70.54	61	
603345	安井食品	-1.63	43.50	-0.72	43.48	43.50	1022	1022	0.00	          0.19	43.50	43.50	43.50	44.22	    55.35	4445700	  1.64	食品	福建	0.00	43.50	511	
603360	百傲化学	0.29	41.84	0.12	41.80	41.84	231	231	0.00	          0.07	41.84	41.84	41.84	41.72	    57.63	966504	  0.50	化工原料	辽宁	0.00	41.84	116	
603389	亚振家居	-2.15	30.00	-0.66	30.00	30.01	1739	1739	0.00	          0.32	30.00	30.00	30.00	30.66	   117.92	5217000	  1.99	家居用品	江苏	0.00	30.00	870	
603444	吉比特	2.64	368.00	9.47	367.85	368.00	1027	29	0.27	          0.58	367.00	368.50	366.99	358.53	    42.56	37732012	  9.17	互联网	福建	0.42	367.40	310	
603559	中通国脉	--  	59.46	--  	--  	--  	0	0	--  	          0.00	--  	--  	--  	59.46	   179.82	0	  0.00	通信设备	吉林	0.00	59.46	0	
603577	汇金通	-1.57	48.90	-0.78	48.88	48.90	496	496	0.00	          0.17	48.90	48.90	48.90	49.68	    92.82	2425440	  0.96	钢加工	山东	0.00	48.90	248	
603579	荣泰健康	-0.70	140.01	-0.98	140.01	140.15	176	176	0.00	          0.10	140.01	140.01	140.01	140.99	    47.43	2464176	  1.21	医疗保健	上海	0.00	140.01	88	
603603	博天环境	-1.46	38.55	-0.57	38.54	38.55	970	970	0.00	          0.24	38.55	38.55	38.55	39.12	   125.94	3739350	  2.48	环境保护	北京	0.00	38.55	485	
603628	清源股份	-1.11	35.50	-0.40	35.45	35.50	1581	1581	0.00	          0.23	35.50	35.50	35.50	35.90	   149.56	5612550	  1.55	电气设备	福建	0.00	35.50	791	
603633	徕木股份	-0.56	39.25	-0.22	39.25	39.28	86	86	0.00	          0.03	39.25	39.25	39.25	39.47	    92.96	337550	  0.45	元器件	上海	0.00	39.25	43	
603637	镇海股份	0.27	45.20	0.12	45.20	45.21	409	409	0.00	          0.16	45.20	45.20	45.20	45.08	    71.39	1849900	  1.80	建筑施工	浙江	0.00	45.20	205	
603638	艾迪精密	0.06	32.30	0.02	32.29	32.30	243	243	0.00	          0.06	32.30	32.30	32.30	32.28	    74.26	784890	  0.59	专用机械	山东	0.00	32.30	122	
603667	五洲新春	0.31	38.40	0.12	38.33	38.40	514	514	0.00	          0.10	38.40	38.40	38.40	38.28	    86.52	1973760	  0.99	机械基件	浙江	0.00	38.40	257	
603668	天马科技	-0.21	28.30	-0.06	28.28	28.30	304	304	0.00	          0.06	28.30	28.30	28.30	28.36	    70.97	860320	  0.51	饲料	福建	0.00	28.30	152	
603689	皖天然气	-0.44	22.65	-0.10	22.65	22.68	759	759	0.00	          0.09	22.65	22.65	22.65	22.75	    81.88	1719135	  0.52	供气供热	安徽	0.00	22.65	380	
603690	至纯科技	-0.86	26.61	-0.23	26.61	26.68	973	973	0.00	          0.19	26.61	26.61	26.61	26.84	   115.81	2589206	  1.42	专用机械	上海	0.00	26.61	487	
603696	安记食品	-1.92	48.10	-0.94	48.10	48.30	4286	35	-0.61	          1.24	48.40	48.40	48.06	49.04	   145.71	20721078	 10.50	食品	福建	0.69	48.35	2238	
603800	道森股份	-0.99	43.83	-0.44	43.82	43.83	2020	48	-0.15	          0.30	43.90	43.98	43.80	44.27	--  	8860781	  3.87	专用机械	江苏	0.41	43.87	1079	
603817	海峡环保	-3.91	22.58	-0.92	22.58	22.59	8600	8599	0.00	          0.76	22.58	22.58	22.58	23.50	   120.32	19418776	 14.21	环境保护	福建	0.00	22.58	4300	
603819	神力股份	0.14	42.08	0.06	42.08	42.28	117	117	0.00	          0.04	42.08	42.08	42.08	42.02	   109.18	492336	  0.39	电气设备	江苏	0.00	42.08	59	
603822	嘉澳环保	-0.21	58.20	-0.12	58.11	58.20	151	151	0.00	          0.08	58.20	58.20	58.20	58.32	    99.54	878820	  1.23	环境保护	浙江	0.00	58.20	76	
603823	百合花	-0.97	35.60	-0.35	35.60	35.63	559	559	0.00	          0.12	35.60	35.60	35.60	35.95	    53.45	1990040	  1.42	染料涂料	浙江	0.00	35.60	280	
603838	四通股份	0.84	22.90	0.19	22.85	22.90	862	862	0.00	          0.09	22.90	22.90	22.90	22.71	    95.68	1973980	  1.02	陶瓷	广东	0.00	22.90	431	
603881	数据港	9.05	69.90	5.80	69.80	69.90	25235	706	-0.83	          4.79	70.49	70.49	68.61	64.10	   193.98	177461392	 33.20	互联网	上海	2.93	70.32	11545	
603886	元祖股份	-0.42	33.12	-0.14	33.09	33.12	295	295	0.00	          0.05	33.12	33.12	33.12	33.26	    40.30	977040	  0.44	食品	上海	0.00	33.12	148	
603929	亚翔集成	0.09	34.00	0.03	34.00	34.05	413	413	0.00	          0.08	34.00	34.00	34.00	33.97	    35.81	1404200	  1.04	装修装饰	江苏	0.00	34.00	207	
603966	法兰泰克	-0.25	31.95	-0.08	31.92	31.95	312	312	0.00	          0.08	31.95	31.95	31.95	32.03	   104.93	996840	  0.72	机械基件	江苏	0.00	31.95	156	
603977	国泰集团	0.24	28.91	0.07	28.91	28.92	464	464	0.00	          0.08	28.91	28.91	28.91	28.84	    56.31	1341424	  1.22	化工原料	江西	0.00	28.91	232	
603987	康德莱	0.00	33.74	0.00	33.74	33.77	181	181	0.00	          0.03	33.74	33.74	33.74	33.74	    69.61	610694	  0.48	医疗保健	上海	0.00	33.74	91	
数据来源:通达信
