代码	名称	涨幅%%	现价	涨跌	买价	卖价	总量	现量	涨速%%	换手%%	今开	最高	最低	昨收	市盈(动)	总金额	量比	细分行业	地区	振幅%%	均价	内盘	
600000	浦发银行	0.00	16.34	0.00	16.33	16.34	278	278	0.00	          0.00	16.34	16.34	16.34	16.34	     6.51	454252	  0.47	银行	上海	0.00	16.34	139	
600004	白云机场	-0.37	16.14	-0.06	16.12	16.14	1486	1486	0.00	          0.01	16.14	16.14	16.14	16.20	    13.17	2398404	  3.28	机场	广东	0.00	16.14	743	
600006	东风汽车	-0.14	7.12	-0.01	7.12	7.13	101	101	0.00	          0.00	7.12	7.12	7.12	7.13	    47.01	71912	  0.18	汽车整车	湖北	0.00	7.12	51	
600007	中国国贸	0.00	20.01	0.00	20.01	20.09	26	26	0.00	          0.00	20.01	20.01	20.01	20.01	    27.55	52026	  0.39	园区开发	北京	0.00	20.01	13	
600008	首创股份	0.23	4.38	0.01	4.37	4.38	1745	1745	0.00	          0.00	4.38	4.38	4.38	4.37	    40.33	764310	  0.58	环境保护	北京	0.00	4.38	873	
600009	上海机场	0.00	28.35	0.00	28.35	28.39	215	214	0.00	          0.00	28.35	28.35	28.35	28.35	    19.47	609327	  0.91	机场	上海	0.00	28.35	107	
600010	包钢股份	0.00	3.10	0.00	3.10	3.11	1296	1296	0.00	          0.00	3.10	3.10	3.10	3.10	   321.75	401760	  0.51	普钢	内蒙	0.00	3.10	648	
600011	华能国际	-0.39	7.72	-0.03	7.72	7.73	80	80	0.00	          0.00	7.72	7.72	7.72	7.75	     9.37	61760	  0.14	火力发电	北京	0.00	7.72	40	
600012	皖通高速	0.00	14.57	0.00	14.52	14.57	17	17	0.00	          0.00	14.57	14.57	14.57	14.57	    25.86	24769	  0.11	路桥	安徽	0.00	14.57	9	
600015	华夏银行	-0.09	11.46	-0.01	11.46	11.47	116	116	0.00	          0.00	11.46	11.46	11.46	11.47	     6.28	132936	  0.16	银行	北京	0.00	11.46	58	
600016	民生银行	-0.11	8.85	-0.01	8.85	8.86	1019	1019	0.00	          0.00	8.85	8.85	8.85	8.86	     6.18	901815	  0.53	银行	北京	0.00	8.85	510	
600017	日照港	-0.25	4.07	-0.01	4.07	4.08	146	146	0.00	          0.00	4.07	4.07	4.07	4.08	    40.65	59422	  0.21	港口	山东	0.00	4.07	73	
600018	上港集团	0.18	5.63	0.01	5.62	5.63	536	536	0.00	          0.00	5.63	5.63	5.63	5.62	    24.72	301768	  0.45	港口	上海	0.00	5.63	268	
600019	宝钢股份	-0.29	6.81	-0.02	6.80	6.81	2853	2853	0.00	          0.00	6.81	6.81	6.81	6.83	    20.17	1942893	  1.00	普钢	上海	0.00	6.81	1427	
600020	中原高速	-0.42	4.74	-0.02	4.74	4.75	693	693	0.00	          0.00	4.74	4.74	4.74	4.76	    12.49	328482	  1.31	路桥	河南	0.00	4.74	347	
600021	上海电力	-0.48	12.53	-0.06	12.51	12.53	304	304	0.00	          0.00	12.53	12.53	12.53	12.59	    24.58	380912	  0.76	火力发电	上海	0.00	12.53	152	
600023	浙能电力	0.00	5.72	0.00	5.71	5.72	173	173	0.00	          0.00	5.72	5.72	5.72	5.72	     9.99	98956	  0.23	火力发电	浙江	0.00	5.72	87	
600026	中远海能	0.00	7.08	0.00	7.08	7.09	407	407	0.00	          0.00	7.08	7.08	7.08	7.08	     9.63	288156	  0.61	水运	上海	0.00	7.08	204	
600027	华电国际	0.00	5.09	0.00	5.08	5.09	628	628	0.00	          0.00	5.09	5.09	5.09	5.09	    10.13	319652	  0.62	火力发电	山东	0.00	5.09	314	
600028	中国石化	0.00	5.53	0.00	5.52	5.53	2843	2843	0.00	          0.00	5.53	5.53	5.53	5.53	    17.22	1572179	  0.52	石油加工	北京	0.00	5.53	1422	
600029	南方航空	0.26	7.79	0.02	7.79	7.80	1895	1895	0.00	          0.00	7.79	7.79	7.79	7.77	     8.91	1476205	  0.76	空运	广东	0.00	7.79	948	
600030	中信证券	0.00	16.34	0.00	16.33	16.34	731	731	0.00	          0.00	16.34	16.34	16.34	16.34	    18.70	1194454	  0.45	证券	深圳	0.00	16.34	366	
600031	三一重工	-0.39	7.63	-0.03	7.62	7.63	1142	1142	0.00	          0.00	7.63	7.63	7.63	7.66	   251.01	871346	  0.45	工程机械	湖南	0.00	7.63	571	
600033	福建高速	-0.55	3.59	-0.02	3.59	3.60	186	186	0.00	          0.00	3.59	3.59	3.59	3.61	    13.73	66774	  0.39	路桥	福建	0.00	3.59	93	
600036	招商银行	0.05	19.04	0.01	19.03	19.04	317	317	0.00	          0.00	19.04	19.04	19.04	19.03	     6.91	603568	  0.36	银行	深圳	0.00	19.04	159	
600037	歌华有线	0.07	15.25	0.01	15.24	15.25	319	319	0.00	          0.00	15.25	15.25	15.25	15.24	    26.76	486475	  1.11	影视音像	北京	0.00	15.25	160	
600038	中直股份	0.38	52.88	0.20	52.80	52.88	106	106	0.00	          0.00	52.88	52.88	52.88	52.68	    76.98	560528	  0.45	航空	黑龙江	0.00	52.88	53	
600039	四川路桥	0.00	4.83	0.00	4.82	4.83	1536	1536	0.00	          0.01	4.83	4.83	4.83	4.83	    19.02	741888	  1.53	建筑施工	四川	0.00	4.83	768	
600048	保利地产	-0.20	10.07	-0.02	10.06	10.07	3914	3914	0.00	          0.00	10.07	10.07	10.07	10.09	    12.60	3941398	  1.25	全国地产	广东	0.00	10.07	1957	
600050	中国联通	-0.67	7.36	-0.05	7.36	7.37	23655	23655	0.00	          0.01	7.36	7.36	7.36	7.41	   239.39	17410080	  1.30	电信运营	上海	0.00	7.36	11828	
600053	九鼎投资	0.00	43.23	0.00	43.23	43.25	14	14	0.00	          0.00	43.23	43.23	43.23	43.23	    51.23	60522	  0.22	区域地产	江西	0.00	43.23	7	
600054	黄山旅游	-0.57	17.59	-0.10	17.59	17.66	55	55	0.00	          0.00	17.59	17.59	17.59	17.69	    30.23	96745	  0.15	旅游景点	安徽	0.00	17.59	28	
600056	中国医药	-0.05	21.65	-0.01	21.60	21.65	135	135	0.00	          0.00	21.65	21.65	21.65	21.66	    23.26	292275	  0.57	医药商业	北京	0.00	21.65	68	
600060	海信电器	-2.61	19.02	-0.51	19.02	19.20	15677	15677	0.00	          0.12	19.02	19.02	19.02	19.53	    14.15	29818568	 29.52	家用电器	山东	0.00	19.02	7839	
600061	国投安信	-0.13	15.45	-0.02	15.42	15.45	77	77	0.00	          0.00	15.45	15.45	15.45	15.47	    20.25	118965	  0.31	证券	上海	0.00	15.45	39	
600062	华润双鹤	0.00	22.71	0.00	22.71	22.77	57	57	0.00	          0.00	22.71	22.71	22.71	22.71	    23.04	129447	  0.26	化学制药	北京	0.00	22.71	29	
600063	皖维高新	-0.20	4.92	-0.01	4.92	4.93	392	392	0.00	          0.00	4.92	4.92	4.92	4.93	    60.54	192864	  0.55	化纤	安徽	0.00	4.92	196	
600064	南京高科	0.06	17.29	0.01	17.29	17.30	13	13	0.00	          0.00	17.29	17.29	17.29	17.28	    11.04	22477	  0.06	园区开发	江苏	0.00	17.29	7	
600066	宇通客车	-0.48	20.90	-0.10	20.80	20.80	0	0	--  	          0.00	--  	--  	--  	20.90	    15.25	0	  1.15	汽车整车	河南	0.00	20.90	0	
600068	葛洲坝	0.00	10.98	0.00	10.98	10.99	1234	1233	0.00	          0.00	10.98	10.98	10.98	10.98	    16.91	1354383	  0.53	建筑施工	湖北	0.00	10.98	617	
600073	上海梅林	-0.19	10.77	-0.02	10.77	10.78	158	158	0.00	          0.00	10.77	10.77	10.77	10.79	    26.07	170166	  0.43	食品	上海	0.00	10.77	79	
600074	保千里	1.97	13.98	0.27	13.97	13.98	5492	5492	0.00	          0.06	13.98	13.98	13.98	13.71	    41.50	7677816	  8.84	电脑设备	江苏	0.00	13.98	2746	
600077	宋都股份	-0.92	5.41	-0.05	5.41	5.43	1051	1051	0.00	          0.01	5.41	5.41	5.41	5.46	    63.80	568591	  2.60	全国地产	浙江	0.00	5.41	526	
600079	人福医药	0.39	20.50	0.08	20.50	20.54	301	301	0.00	          0.00	20.50	20.50	20.50	20.42	    31.74	617050	  0.89	化学制药	湖北	0.00	20.50	151	
600081	东风科技	0.00	15.65	0.00	15.65	15.67	19	19	0.00	          0.00	15.65	15.65	15.65	15.65	    47.34	29735	  0.12	汽车配件	上海	0.00	15.65	10	
600085	同仁堂	0.00	31.62	0.00	31.62	31.62	0	0	--  	          0.00	--  	--  	--  	31.62	    42.90	0	  0.47	中成药	北京	0.00	31.62	0	
600086	东方金钰	-0.74	10.79	-0.08	10.78	10.79	1845	1845	0.00	          0.02	10.79	10.79	10.79	10.87	    49.52	1990755	  3.47	服饰	湖北	0.00	10.79	923	
600089	特变电工	0.28	10.56	0.03	10.56	10.57	549	549	0.00	          0.00	10.56	10.56	10.56	10.53	    14.52	579744	  0.38	电气设备	新疆	0.00	10.56	275	
600093	禾嘉股份	-0.07	14.27	-0.01	14.26	14.26	0	0	--  	          0.00	--  	--  	--  	14.27	    27.02	0	  1.27	汽车配件	四川	0.00	14.27	0	
600094	大名城	0.00	8.41	0.00	8.40	8.41	264	264	0.00	          0.00	8.41	8.41	8.41	8.41	    19.64	222024	  0.95	区域地产	上海	0.00	8.41	132	
600098	广州发展	-0.81	9.76	-0.08	9.75	9.76	1979	1979	0.00	          0.01	9.76	9.76	9.76	9.84	    20.16	1931504	  0.30	火力发电	广东	0.00	9.76	990	
600100	同方股份	-0.14	13.92	-0.02	13.91	13.92	604	604	0.00	          0.00	13.92	13.92	13.92	13.94	     6.07	840768	  0.43	电脑设备	北京	0.00	13.92	302	
600101	明星电力	-0.33	12.13	-0.04	12.13	12.16	135	135	0.00	          0.00	12.13	12.13	12.13	12.17	    32.91	163755	  0.35	水力发电	四川	0.00	12.13	68	
600104	上汽集团	0.00	24.85	0.00	24.85	24.88	853	852	0.00	          0.00	24.85	24.85	24.85	24.85	     9.43	2119556	  0.85	汽车整车	上海	0.00	24.85	426	
600105	永鼎股份	0.00	9.95	0.00	9.95	9.96	149	149	0.00	          0.00	9.95	9.95	9.95	9.95	    44.17	148255	  0.69	通信设备	江苏	0.00	9.95	75	
600109	国金证券	-0.08	13.15	-0.01	13.15	13.16	247	246	0.00	          0.00	13.15	13.15	13.15	13.16	    29.42	324581	  0.34	证券	四川	0.00	13.15	123	
600111	北方稀土	0.70	12.91	0.09	12.90	12.91	2573	2573	0.00	          0.01	12.91	12.91	12.91	12.82	  1024.45	3321743	  3.81	小金属	内蒙	0.00	12.91	1287	
600112	天成控股	0.37	10.88	0.04	10.85	10.88	594	594	0.00	          0.01	10.88	10.88	10.88	10.84	   757.15	646272	  0.83	电气设备	贵州	0.00	10.88	297	
600113	浙江东日	0.55	20.03	0.11	20.14	20.14	0	0	--  	          0.00	--  	--  	--  	20.03	    64.19	0	  0.13	区域地产	浙江	0.00	20.03	0	
600114	东睦股份	0.00	17.92	0.00	17.89	17.92	358	358	0.00	          0.01	17.92	17.92	17.92	17.92	    52.48	641536	  2.36	机械基件	浙江	0.00	17.92	179	
600115	东方航空	-0.28	7.24	-0.02	7.23	7.24	6211	6211	0.00	          0.01	7.24	7.24	7.24	7.26	    11.74	4496764	  1.06	空运	上海	0.00	7.24	3106	
600116	三峡水利	0.00	9.59	0.00	9.59	9.59	0	0	--  	          0.00	--  	--  	--  	9.59	    36.20	0	  0.14	水力发电	重庆	0.00	9.59	0	
600118	中国卫星	0.24	33.15	0.08	33.15	33.16	206	206	0.00	          0.00	33.15	33.15	33.15	33.07	    98.57	682890	  0.43	航空	北京	0.00	33.15	103	
600119	长江投资	0.05	19.69	0.01	19.70	19.70	0	0	--  	          0.00	--  	--  	--  	19.69	    36.20	0	  0.67	仓储物流	上海	0.00	19.69	0	
600120	浙江东方	-0.07	30.45	-0.02	30.44	30.45	927	927	0.00	          0.02	30.45	30.45	30.45	30.47	    24.37	2822715	  1.67	商贸代理	浙江	0.00	30.45	464	
600122	宏图高科	-0.16	12.86	-0.02	12.84	12.84	0	0	--  	          0.00	--  	--  	--  	12.86	    37.34	0	  0.16	其他商业	江苏	0.00	12.86	0	
600123	兰花科创	0.12	8.04	0.01	8.05	8.05	0	0	--  	          0.00	--  	--  	--  	8.04	--  	0	  0.46	煤炭开采	山西	0.00	8.04	0	
600125	铁龙物流	-0.21	9.72	-0.02	9.71	9.72	265	265	0.00	          0.00	9.72	9.72	9.72	9.74	    49.34	257580	  0.33	铁路	辽宁	0.00	9.72	133	
600135	乐凯胶片	0.13	15.08	0.02	15.06	15.08	53	53	0.00	          0.00	15.08	15.08	15.08	15.06	   101.85	79924	  0.14	化工原料	河北	0.00	15.08	27	
600138	中青旅	-0.09	21.86	-0.02	21.84	21.86	47	47	0.00	          0.00	21.86	21.86	21.86	21.88	    27.05	102742	  0.12	旅游服务	北京	0.00	21.86	24	
600141	兴发集团	-0.14	14.20	-0.02	14.17	14.20	96	96	0.00	          0.00	14.20	14.20	14.20	14.22	    69.43	136320	  0.28	化工原料	湖北	0.00	14.20	48	
600143	金发科技	--  	7.74	--  	--  	--  	0	0	--  	          0.00	--  	--  	--  	7.74	    25.57	0	  0.00	塑料	广东	0.00	7.74	0	
600150	中国船舶	0.18	27.97	0.05	27.95	27.97	587	587	0.00	          0.00	27.97	27.97	27.97	27.92	--  	1641839	  0.77	船舶	上海	0.00	27.97	294	
600153	建发股份	-0.09	10.89	-0.01	10.88	10.88	0	0	--  	          0.00	--  	--  	--  	10.89	    17.61	0	  1.16	商贸代理	福建	0.00	10.89	0	
600157	永泰能源	-0.25	4.04	-0.01	4.03	4.03	0	0	--  	          0.00	--  	--  	--  	4.04	    81.64	0	  0.15	煤炭开采	山西	0.00	4.04	0	
600158	中体产业	0.20	19.93	0.04	19.92	19.93	466	466	0.00	          0.01	19.93	19.93	19.93	19.89	   616.05	928738	  0.53	文教休闲	天津	0.00	19.93	233	
600160	巨化股份	-0.66	12.07	-0.08	12.06	12.07	2098	2098	0.00	          0.01	12.07	12.07	12.07	12.15	   270.50	2532286	  2.36	化工原料	浙江	0.00	12.07	1049	
600161	天坛生物	--  	39.40	--  	--  	--  	0	0	--  	          0.00	--  	--  	--  	39.40	    82.83	0	  0.00	生物制药	北京	0.00	39.40	0	
600162	香江控股	0.00	3.92	0.00	3.91	3.92	398	398	0.00	          0.00	3.92	3.92	3.92	3.92	    20.97	156016	  0.92	全国地产	深圳	0.00	3.92	199	
600166	福田汽车	0.30	3.35	0.01	3.34	3.35	1406	1406	0.00	          0.00	3.35	3.35	3.35	3.34	    72.21	471010	  0.77	汽车整车	北京	0.00	3.35	703	
600169	太原重工	0.00	4.42	0.00	4.42	4.44	175	175	0.00	          0.00	4.42	4.42	4.42	4.42	--  	77350	  0.19	工程机械	山西	0.00	4.42	88	
600170	上海建工	0.00	4.92	0.00	4.91	4.92	459	459	0.00	          0.00	4.92	4.92	4.92	4.92	    16.67	225828	  0.41	建筑施工	上海	0.00	4.92	230	
600171	上海贝岭	0.21	14.01	0.03	14.00	14.01	445	445	0.00	          0.01	14.01	14.01	14.01	13.98	   181.43	623445	  1.62	半导体	上海	0.00	14.01	223	
600172	黄河旋风	-0.37	18.62	-0.07	18.62	18.66	151	151	0.00	          0.00	18.62	18.62	18.62	18.69	    43.41	281162	  0.36	矿物制品	河南	0.00	18.62	76	
600173	卧龙地产	--  	11.48	--  	--  	--  	0	0	--  	          0.00	--  	--  	--  	11.48	   103.10	0	  0.00	全国地产	浙江	0.00	11.48	0	
600175	美都能源	-0.20	4.94	-0.01	4.94	4.95	569	569	0.00	          0.00	4.94	4.94	4.94	4.95	   162.23	281086	  1.98	综合类	浙江	0.00	4.94	285	
600176	中国巨石	0.00	10.24	0.00	10.24	10.25	387	387	0.00	          0.00	10.24	10.24	10.24	10.24	    16.36	396288	  0.37	玻璃	浙江	0.00	10.24	194	
600177	雅戈尔	0.14	13.98	0.02	13.97	13.98	267	267	0.00	          0.00	13.98	13.98	13.98	13.96	     8.11	373266	  0.95	服饰	浙江	0.00	13.98	134	
600180	瑞茂通	-0.43	14.00	-0.06	13.96	14.00	289	289	0.00	          0.00	14.00	14.00	14.00	14.06	    36.33	404600	  1.59	仓储物流	山东	0.00	14.00	145	
600183	生益科技	0.15	13.62	0.02	13.62	13.64	517	517	0.00	          0.00	13.62	13.62	13.62	13.60	    29.44	704154	  0.69	元器件	广东	0.00	13.62	259	
600185	格力地产	-0.17	5.98	-0.01	5.97	5.98	702	702	0.00	          0.00	5.98	5.98	5.98	5.99	    25.30	419796	  2.13	区域地产	广东	0.00	5.98	351	
600188	兖州煤业	0.10	10.43	0.01	10.43	10.44	124	124	0.00	          0.00	10.43	10.43	10.43	10.42	    37.74	129332	  0.37	煤炭开采	山东	0.00	10.43	62	
600195	中牧股份	0.05	20.91	0.01	20.90	20.91	43	43	0.00	          0.00	20.91	20.91	20.91	20.90	    31.40	89913	  0.41	饲料	北京	0.00	20.91	22	
600196	复星医药	0.08	26.01	0.02	26.01	26.07	105	105	0.00	          0.00	26.01	26.01	26.01	25.99	    21.64	273729	  0.32	化学制药	上海	0.00	26.01	53	
600197	伊力特	0.34	17.75	0.06	17.75	17.78	310	310	0.00	          0.01	17.75	17.75	17.75	17.69	    25.37	550268	  0.79	白酒	新疆	0.00	17.75	155	
600200	江苏吴中	0.48	16.70	0.08	16.78	16.78	0	0	--  	          0.00	--  	--  	--  	16.70	   149.91	0	  0.90	综合类	江苏	0.00	16.70	0	
600201	生物股份	0.90	34.65	0.31	34.34	34.65	101	101	0.00	          0.00	34.65	34.65	34.65	34.34	    32.85	349965	  0.62	生物制药	内蒙	0.00	34.65	51	
600206	有研新材	0.00	10.09	0.00	10.08	10.09	86	86	0.00	          0.00	10.09	10.09	10.09	10.09	   218.02	86774	  0.28	半导体	北京	0.00	10.09	43	
600208	新湖中宝	--  	5.14	--  	--  	--  	0	0	--  	          0.00	--  	--  	--  	5.14	    47.74	0	  0.00	全国地产	浙江	0.00	5.14	0	
600210	紫江企业	-0.18	5.64	-0.01	5.63	5.64	701	701	0.00	          0.00	5.64	5.64	5.64	5.65	    26.04	395364	  0.63	广告包装	上海	0.00	5.64	351	
600216	浙江医药	0.25	12.16	0.03	12.19	12.19	0	0	--  	          0.00	--  	--  	--  	12.16	    21.68	0	  1.38	化学制药	浙江	0.00	12.16	0	
600219	南山铝业	-0.29	3.38	-0.01	3.37	3.38	989	989	0.00	          0.00	3.38	3.38	3.38	3.39	    50.81	334282	  0.44	铝	山东	0.00	3.38	495	
600221	海南航空	-0.29	3.39	-0.01	3.39	3.40	3187	3187	0.00	          0.00	3.39	3.39	3.39	3.40	    12.56	1080393	  1.19	空运	海南	0.00	3.39	1594	
600226	升华拜克	1.90	11.28	0.21	11.27	11.28	8824	8824	0.00	          0.08	11.28	11.28	11.28	11.07	    52.42	9953472	 10.88	农药化肥	浙江	0.00	11.28	4412	
600236	桂冠电力	-0.16	6.34	-0.01	6.33	6.34	62	62	0.00	          0.00	6.34	6.34	6.34	6.35	    11.76	39308	  0.37	水力发电	广西	0.00	6.34	31	
600239	云南城投	--  	6.55	--  	--  	--  	0	0	--  	          0.00	--  	--  	--  	6.55	--  	0	  0.00	区域地产	云南	0.00	6.55	0	
600240	华业资本	0.00	11.36	0.00	11.36	11.40	234	234	0.00	          0.00	11.36	11.36	11.36	11.36	    14.00	265824	  0.65	全国地产	北京	0.00	11.36	117	
600251	冠农股份	-0.12	8.62	-0.01	8.61	8.62	215	215	0.00	          0.00	8.62	8.62	8.62	8.63	   416.12	185330	  0.32	农业综合	新疆	0.00	8.62	108	
600252	中恒集团	-0.22	4.62	-0.01	4.61	4.62	578	578	0.00	          0.00	4.62	4.62	4.62	4.63	    27.78	267036	  0.68	中成药	广西	0.00	4.62	289	
600255	鑫科材料	--  	4.92	--  	--  	--  	0	0	--  	          0.00	--  	--  	--  	4.92	--  	0	  0.00	铜	安徽	0.00	4.92	0	
600256	广汇能源	-0.22	4.57	-0.01	4.57	4.58	724	724	0.00	          0.00	4.57	4.57	4.57	4.58	   108.78	330868	  0.80	石油开采	新疆	0.00	4.57	362	
600257	大湖股份	--  	9.93	--  	9.95	9.96	0	0	--  	          0.00	--  	--  	--  	9.93	   684.55	0	  0.00	渔业	湖南	0.00	9.93	0	
600260	凯乐科技	-0.39	20.48	-0.08	20.40	20.40	0	0	--  	          0.00	--  	--  	--  	20.48	    90.72	0	  0.55	通信设备	湖北	0.00	20.48	0	
600261	阳光照明	-0.13	7.57	-0.01	7.56	7.56	0	0	--  	          0.00	--  	--  	--  	7.57	    23.24	0	  0.21	家用电器	浙江	0.00	7.57	0	
600266	北京城建	-0.28	14.42	-0.04	14.38	14.38	0	0	--  	          0.00	--  	--  	--  	14.42	    24.75	0	  0.67	区域地产	北京	0.00	14.42	0	
600267	海正药业	0.07	13.59	0.01	13.58	13.59	84	84	0.00	          0.00	13.59	13.59	13.59	13.58	   317.41	114156	  0.32	化学制药	浙江	0.00	13.59	42	
600269	赣粤高速	0.00	5.34	0.00	5.33	5.34	400	400	0.00	          0.00	5.34	5.34	5.34	5.34	    12.02	213600	  0.49	路桥	江西	0.00	5.34	200	
600270	外运发展	0.12	17.28	0.02	17.28	17.30	6	6	0.00	          0.00	17.28	17.28	17.28	17.26	    16.41	10368	  0.04	仓储物流	北京	0.00	17.28	3	
600271	航天信息	--  	20.60	--  	--  	--  	0	0	--  	          0.00	--  	--  	--  	20.60	    30.49	0	  0.00	电脑设备	北京	0.00	20.60	0	
600273	嘉化能源	--  	9.31	--  	9.31	9.33	0	0	--  	          0.00	--  	--  	--  	9.31	    17.01	0	  0.00	化工原料	浙江	0.00	9.31	0	
600276	恒瑞医药	0.08	50.80	0.04	50.80	50.81	118	117	0.00	          0.00	50.80	50.80	50.80	50.76	    46.06	598475	  0.46	化学制药	江苏	0.00	50.80	59	
600277	亿利洁能	--  	7.83	--  	--  	--  	0	0	--  	          0.00	--  	--  	--  	7.83	    73.93	0	  0.00	新型电力	内蒙	0.00	7.83	0	
600278	东方创业	0.07	15.34	0.01	15.30	15.34	95	95	0.00	          0.00	15.34	15.34	15.34	15.33	    57.63	145730	  0.83	商贸代理	上海	0.00	15.34	48	
600280	中央商场	-0.36	8.42	-0.03	8.42	8.45	124	124	0.00	          0.00	8.42	8.42	8.42	8.45	    90.52	104408	  0.31	百货	江苏	0.00	8.42	62	
600282	南钢股份	0.54	3.69	0.02	3.69	3.70	2041	2041	0.00	          0.01	3.69	3.69	3.69	3.67	    41.33	753129	  0.66	普钢	江苏	0.00	3.69	1021	
600284	浦东建设	-0.24	12.71	-0.03	12.71	12.72	47	47	0.00	          0.00	12.71	12.71	12.71	12.74	    24.53	60296	  0.15	建筑施工	上海	0.00	12.71	24	
600285	羚锐制药	0.25	12.12	0.03	12.09	12.12	212	212	0.00	          0.00	12.12	12.12	12.12	12.09	    15.94	256944	  0.91	中成药	河南	0.00	12.12	106	
600289	亿阳信通	0.08	13.33	0.01	13.33	13.35	48	48	0.00	          0.00	13.33	13.33	13.33	13.32	   318.32	63984	  0.17	软件服务	黑龙江	0.00	13.33	24	
600292	远达环保	0.08	12.05	0.01	12.04	12.05	15	15	0.00	          0.00	12.05	12.05	12.05	12.04	    62.29	18075	  0.07	环境保护	重庆	0.00	12.05	8	
600295	鄂尔多斯	0.00	10.14	0.00	10.14	10.14	0	0	--  	          0.00	--  	--  	--  	10.14	    43.15	0	  0.34	小金属	内蒙	0.00	10.14	0	
600297	广汇汽车	-0.30	9.98	-0.03	9.95	9.95	0	0	--  	          0.00	--  	--  	--  	9.98	    20.55	0	  1.35	汽车服务	辽宁	0.00	9.98	0	
600298	安琪酵母	-0.10	20.87	-0.02	20.86	20.87	153	153	0.00	          0.00	20.87	20.87	20.87	20.89	    33.70	319311	  0.41	食品	湖北	0.00	20.87	77	
600299	安迪苏	0.14	14.23	0.02	14.23	14.25	1	1	0.00	          0.00	14.23	14.23	14.23	14.21	    18.52	1423	  0.01	化学制药	北京	0.00	14.23	1	
600300	维维股份	0.29	6.87	0.02	6.87	6.88	20	20	0.00	          0.00	6.87	6.87	6.87	6.85	    89.35	13740	  0.04	软饮料	江苏	0.00	6.87	10	
600305	恒顺醋业	-0.35	11.35	-0.04	11.35	11.40	96	96	0.00	          0.00	11.35	11.35	11.35	11.39	    43.85	108960	  0.69	食品	江苏	0.00	11.35	48	
600309	万华化学	0.19	26.80	0.05	26.80	26.87	560	560	0.00	          0.00	26.80	26.80	26.80	26.75	    18.32	1500800	  0.60	化工原料	山东	0.00	26.80	280	
600310	桂东电力	2.26	9.50	0.21	9.49	9.50	5456	5456	0.00	          0.07	9.50	9.50	9.50	9.29	    56.97	5183200	 17.77	水力发电	广西	0.00	9.50	2728	
600312	平高电气	0.00	16.29	0.00	16.28	16.33	2	2	0.00	          0.00	16.29	16.29	16.29	16.29	    19.00	3258	  0.01	电气设备	河南	0.00	16.29	1	
600315	上海家化	0.04	28.31	0.01	28.31	28.39	86	86	0.00	          0.00	28.31	28.31	28.31	28.30	    32.99	243466	  0.50	日用化工	上海	0.00	28.31	43	
600318	新力金融	-1.04	31.49	-0.33	31.45	31.49	760	760	0.00	          0.03	31.49	31.49	31.49	31.82	    46.85	2393240	  4.32	多元金融	安徽	0.00	31.49	380	
600323	瀚蓝环境	0.59	15.46	0.09	15.46	15.47	397	397	0.00	          0.01	15.46	15.46	15.46	15.37	    20.54	613762	  1.55	水务	广东	0.00	15.46	199	
600325	华发股份	0.36	13.77	0.05	13.77	13.78	1843	1843	0.00	          0.02	13.77	13.77	13.77	13.72	    31.80	2537811	  3.94	区域地产	广东	0.00	13.77	922	
600326	西藏天路	-0.10	10.20	-0.01	10.20	10.21	290	290	0.00	          0.00	10.20	10.20	10.20	10.21	    29.83	295800	  0.38	建筑施工	西藏	0.00	10.20	145	
600327	大东方	0.31	9.63	0.03	9.60	9.63	150	150	0.00	          0.00	9.63	9.63	9.63	9.60	    23.57	144450	  0.53	百货	江苏	0.00	9.63	75	
600329	中新药业	0.00	18.92	0.00	18.92	18.95	447	447	0.00	          0.01	18.92	18.92	18.92	18.92	    31.24	845724	  3.60	中成药	天津	0.00	18.92	224	
600332	白云山	0.00	28.21	0.00	28.21	28.22	400	400	0.00	          0.00	28.21	28.21	28.21	28.21	    32.56	1128400	  0.87	中成药	广东	0.00	28.21	200	
600335	国机汽车	0.78	14.19	0.11	14.18	14.19	49	49	0.00	          0.00	14.19	14.19	14.19	14.08	    20.48	69531	  0.18	汽车配件	天津	0.00	14.19	25	
600337	美克家居	-0.95	14.58	-0.14	14.57	14.58	7532	7532	0.00	          0.12	14.58	14.58	14.58	14.72	    32.31	10981656	  9.96	家居用品	新疆	0.00	14.58	3766	
600340	华夏幸福	0.11	27.36	0.03	27.36	27.39	971	971	0.00	          0.00	27.36	27.36	27.36	27.33	    13.17	2656656	  1.02	区域地产	河北	0.00	27.36	486	
600343	航天动力	0.00	22.70	0.00	22.70	22.73	110	110	0.00	          0.00	22.70	22.70	22.70	22.70	   580.98	249700	  0.33	航空	陕西	0.00	22.70	55	
600348	阳泉煤业	-0.29	6.92	-0.02	6.91	6.92	271	271	0.00	          0.00	6.92	6.92	6.92	6.94	    98.30	187532	  0.22	煤炭开采	山西	0.00	6.92	136	
600350	山东高速	-0.44	6.76	-0.03	6.76	6.78	484	484	0.00	          0.00	6.76	6.76	6.76	6.79	     9.90	327184	  1.36	路桥	山东	0.00	6.76	242	
600351	亚宝药业	-0.11	9.08	-0.01	9.08	9.09	67	67	0.00	          0.00	9.08	9.08	9.08	9.09	    77.88	60836	  0.41	中成药	山西	0.00	9.08	34	
600352	浙江龙盛	-0.10	9.58	-0.01	9.58	9.59	269	269	0.00	          0.00	9.58	9.58	9.58	9.59	    16.43	257702	  0.45	染料涂料	浙江	0.00	9.58	135	
600362	江西铜业	0.32	18.99	0.06	18.98	18.99	5163	5163	0.00	          0.02	18.99	18.99	18.99	18.93	    49.90	9804537	  3.84	铜	江西	0.00	18.99	2582	
600363	联创光电	-0.59	18.71	-0.11	18.60	18.60	0	0	--  	          0.00	--  	--  	--  	18.71	    39.77	0	  0.21	元器件	江西	0.00	18.71	0	
600366	宁波韵升	-0.05	20.15	-0.01	20.13	20.15	111	111	0.00	          0.00	20.15	20.15	20.15	20.16	    10.86	223665	  0.39	电器仪表	浙江	0.00	20.15	56	
600369	西南证券	-0.29	6.89	-0.02	6.87	6.87	0	0	--  	          0.00	--  	--  	--  	6.89	    27.61	0	  0.52	证券	重庆	0.00	6.89	0	
600372	中航电子	0.25	20.28	0.05	20.27	20.28	204	204	0.00	          0.00	20.28	20.28	20.28	20.23	   120.58	413712	  0.54	航空	北京	0.00	20.28	102	
600373	中文传媒	0.18	21.64	0.04	21.68	21.68	0	0	--  	          0.00	--  	--  	--  	21.64	    22.62	0	  1.26	出版业	江西	0.00	21.64	0	
600376	首开股份	-0.23	12.87	-0.03	12.84	12.84	0	0	--  	          0.00	--  	--  	--  	12.87	    20.66	0	  0.40	区域地产	北京	0.00	12.87	0	
600377	宁沪高速	0.00	9.07	0.00	9.07	9.07	0	0	--  	          0.00	--  	--  	--  	9.07	    14.05	0	  1.05	路桥	江苏	0.00	9.07	0	
600380	健康元	-0.41	9.80	-0.04	9.80	9.83	244	244	0.00	          0.00	9.80	9.80	9.80	9.84	    31.19	239120	  0.57	化学制药	深圳	0.00	9.80	122	
600383	金地集团	-0.49	12.17	-0.06	12.16	12.17	767	767	0.00	          0.00	12.17	12.17	12.17	12.23	    24.03	933439	  1.38	全国地产	深圳	0.00	12.17	384	
600386	北巴传媒	--  	14.26	--  	14.26	14.32	0	0	--  	          0.00	--  	--  	--  	14.26	    48.05	0	  0.00	公共交通	北京	0.00	14.26	0	
600387	海越股份	--  	17.94	--  	--  	--  	0	0	--  	          0.00	--  	--  	--  	17.94	--  	0	  0.00	石油贸易	浙江	0.00	17.94	0	
600388	龙净环保	-0.23	12.91	-0.03	12.90	12.91	208	208	0.00	          0.00	12.91	12.91	12.91	12.94	    24.10	268528	  0.42	环境保护	福建	0.00	12.91	104	
600391	成发科技	0.57	37.35	0.21	37.35	37.36	131	131	0.00	          0.00	37.35	37.35	37.35	37.14	   232.94	489285	  0.77	航空	四川	0.00	37.35	66	
600395	盘江股份	-0.12	8.21	-0.01	8.20	8.21	150	150	0.00	          0.00	8.21	8.21	8.21	8.22	   132.78	123150	  0.45	煤炭开采	贵州	0.00	8.21	75	
600396	金山股份	-0.19	5.17	-0.01	5.16	5.17	41	41	0.00	          0.00	5.17	5.17	5.17	5.18	    27.60	21197	  0.23	火力发电	辽宁	0.00	5.17	21	
600397	安源煤业	-0.55	5.45	-0.03	5.45	5.47	506	506	0.00	          0.01	5.45	5.45	5.45	5.48	--  	275770	  1.26	煤炭开采	江西	0.00	5.45	253	
600398	海澜之家	0.00	10.45	0.00	10.45	10.45	0	0	--  	          0.00	--  	--  	--  	10.45	    15.04	0	  0.73	服饰	江苏	0.00	10.45	0	
600399	抚顺特钢	0.00	7.43	0.00	7.42	7.43	679	679	0.00	          0.01	7.43	7.43	7.43	7.43	    54.87	504497	  0.71	特种钢	辽宁	0.00	7.43	340	
600400	红豆股份	--  	8.56	--  	--  	--  	0	0	--  	          0.00	--  	--  	--  	8.56	   109.30	0	  0.00	服饰	江苏	0.00	8.56	0	
600405	动力源	0.00	11.23	0.00	11.22	11.23	102	102	0.00	          0.00	11.23	11.23	11.23	11.23	   159.65	114546	  0.53	电气设备	北京	0.00	11.23	51	
600406	国电南瑞	--  	16.63	--  	--  	--  	0	0	--  	          0.00	--  	--  	--  	16.63	    39.46	0	  0.00	软件服务	江苏	0.00	16.63	0	
600409	三友化工	0.11	9.43	0.01	9.43	9.44	339	339	0.00	          0.00	9.43	9.43	9.43	9.42	    22.95	319677	  0.32	化工原料	河北	0.00	9.43	170	
600410	华胜天成	0.00	10.40	0.00	10.40	10.40	0	0	--  	          0.00	--  	--  	--  	10.40	   341.85	0	  0.97	软件服务	北京	0.00	10.40	0	
600415	小商品城	0.00	7.56	0.00	7.56	7.56	0	0	--  	          0.00	--  	--  	--  	7.56	    37.15	0	  0.57	商品城	浙江	0.00	7.56	0	
600416	湘电股份	-0.35	17.17	-0.06	17.16	17.17	181	181	0.00	          0.00	17.17	17.17	17.17	17.23	   124.92	310777	  0.31	电气设备	湖南	0.00	17.17	91	
600418	江淮汽车	-0.68	11.70	-0.08	11.70	11.73	870	870	0.00	          0.01	11.70	11.70	11.70	11.78	    20.32	1017912	  1.70	汽车整车	安徽	0.00	11.70	435	
600420	现代制药	0.82	31.54	0.26	31.80	31.80	0	0	--  	          0.00	--  	--  	--  	31.54	   119.49	0	  2.22	化学制药	上海	0.00	31.54	0	
600422	昆药集团	0.00	12.94	0.00	12.94	12.95	102	102	0.00	          0.00	12.94	12.94	12.94	12.94	    23.17	131988	  0.41	中成药	云南	0.00	12.94	51	
600426	华鲁恒升	-0.52	13.35	-0.07	13.35	13.36	117	117	0.00	          0.00	13.35	13.35	13.35	13.42	    19.36	156195	  0.20	农药化肥	山东	0.00	13.35	59	
600428	中远海特	-0.14	6.95	-0.01	6.94	6.94	0	0	--  	          0.00	--  	--  	--  	6.95	   337.12	0	  0.37	水运	广东	0.00	6.95	0	
600433	冠豪高新	-0.26	7.60	-0.02	7.60	7.61	40	40	0.00	          0.00	7.60	7.60	7.60	7.62	   118.28	30400	  0.09	造纸	广东	0.00	7.60	20	
600435	北方导航	-0.18	16.25	-0.03	16.24	16.25	1141	1141	0.00	          0.01	16.25	16.25	16.25	16.28	  4752.84	1854125	  0.43	专用机械	北京	0.00	16.25	571	
600436	片仔癀	-0.37	48.32	-0.18	48.32	48.50	80	80	0.00	          0.00	48.32	48.32	48.32	48.50	    45.45	386560	  0.58	中成药	福建	0.00	48.32	40	
600438	通威股份	0.15	6.55	0.01	6.55	6.56	1383	1383	0.00	          0.01	6.55	6.55	6.55	6.54	    21.15	905865	  1.58	饲料	四川	0.00	6.55	692	
600439	瑞贝卡	-0.13	7.89	-0.01	7.88	7.88	0	0	--  	          0.00	--  	--  	--  	7.89	    47.19	0	  0.35	服饰	河南	0.00	7.89	0	
600446	金证股份	0.00	23.55	0.00	23.54	23.55	33	33	0.00	          0.00	23.55	23.55	23.55	23.55	   151.80	77715	  0.11	软件服务	深圳	0.00	23.55	17	
600458	时代新材	0.00	14.38	0.00	14.38	14.39	62	62	0.00	          0.00	14.38	14.38	14.38	14.38	    42.46	89156	  0.34	塑料	湖南	0.00	14.38	31	
600459	贵研铂业	0.04	25.42	0.01	25.43	25.43	0	0	--  	          0.00	--  	--  	--  	25.42	    87.39	0	  0.29	小金属	云南	0.00	25.42	0	
600460	士兰微	0.00	6.60	0.00	6.60	6.61	1110	1110	0.00	          0.01	6.60	6.60	6.60	6.60	    85.84	732600	  1.98	半导体	浙江	0.00	6.60	555	
600466	蓝光发展	1.21	9.19	0.11	9.18	9.19	4009	4009	0.00	          0.05	9.19	9.19	9.19	9.08	    70.42	3684271	  4.69	区域地产	四川	0.00	9.19	2005	
600468	百利电气	--  	12.47	--  	12.47	12.49	0	0	--  	          0.00	--  	--  	--  	12.47	   129.63	0	  0.00	电气设备	天津	0.00	12.47	0	
600477	杭萧钢构	-0.29	10.20	-0.03	10.17	10.20	141	141	0.00	          0.00	10.20	10.20	10.20	10.23	    27.04	143820	  0.20	钢加工	浙江	0.00	10.20	71	
600481	双良节能	--  	8.35	--  	--  	--  	0	0	--  	          0.00	--  	--  	--  	8.35	    77.51	0	  0.00	环境保护	江苏	0.00	8.35	0	
600482	中国动力	-0.89	32.38	-0.29	32.38	32.58	629	628	0.00	          0.01	32.38	32.38	32.38	32.67	    52.47	2035180	  3.51	电气设备	河北	0.00	32.38	314	
600483	福能股份	-0.17	11.58	-0.02	11.57	11.58	5	5	0.00	          0.00	11.58	11.58	11.58	11.60	    19.23	5790	  0.03	火力发电	福建	0.00	11.58	3	
600485	信威集团	--  	14.60	--  	--  	--  	0	0	--  	          0.00	--  	--  	--  	14.60	    22.52	0	  0.00	通信设备	北京	0.00	14.60	0	
600486	扬农化工	-0.44	38.17	-0.17	38.17	38.50	6	6	0.00	          0.00	38.17	38.17	38.17	38.34	    30.13	22902	  0.10	农药化肥	江苏	0.00	38.17	3	
600487	亨通光电	-0.21	23.39	-0.05	23.37	23.39	815	815	0.00	          0.01	23.39	23.39	23.39	23.44	    20.78	1906285	  0.54	通信设备	江苏	0.00	23.39	408	
600489	中金黄金	-0.33	12.07	-0.04	12.06	12.07	1362	1362	0.00	          0.00	12.07	12.07	12.07	12.11	    76.48	1643934	  1.23	黄金	北京	0.00	12.07	681	
600490	鹏欣资源	--  	7.91	--  	--  	--  	0	0	--  	          0.00	--  	--  	--  	7.91	   229.68	0	  0.00	铜	上海	0.00	7.91	0	
600491	龙元建设	-0.08	12.02	-0.01	12.01	12.02	308	308	0.00	          0.00	12.02	12.02	12.02	12.03	    55.75	370216	  0.63	建筑施工	浙江	0.00	12.02	154	
600495	晋西车轴	-0.12	8.05	-0.01	8.05	8.06	345	345	0.00	          0.00	8.05	8.05	8.05	8.06	   360.98	277725	  0.44	运输设备	山西	0.00	8.05	173	
600496	精工钢构	0.00	4.48	0.00	4.47	4.48	152	152	0.00	          0.00	4.48	4.48	4.48	4.48	    37.26	68096	  0.34	钢加工	安徽	0.00	4.48	76	
600497	驰宏锌锗	0.00	7.58	0.00	7.57	7.58	1418	1418	0.00	          0.00	7.58	7.58	7.58	7.58	   344.05	1074844	  0.69	铅锌	云南	0.00	7.58	709	
600498	烽火通信	0.15	26.50	0.04	26.50	26.52	342	342	0.00	          0.00	26.50	26.50	26.50	26.46	    39.16	906300	  0.84	通信设备	湖北	0.00	26.50	171	
600499	科达洁能	0.37	8.23	0.03	8.20	8.23	43	43	0.00	          0.00	8.23	8.23	8.23	8.20	    24.25	35389	  0.08	专用机械	广东	0.00	8.23	22	
600500	中化国际	-0.18	11.09	-0.02	11.09	11.10	1124	1124	0.00	          0.01	11.09	11.09	11.09	11.11	    76.99	1246516	  1.57	商贸代理	上海	0.00	11.09	562	
600501	航天晨光	0.46	19.65	0.09	19.65	19.67	95	95	0.00	          0.00	19.65	19.65	19.65	19.56	--  	186675	  0.41	汽车配件	江苏	0.00	19.65	48	
600502	安徽水利	0.00	9.80	0.00	9.80	9.81	134	134	0.00	          0.00	9.80	9.80	9.80	9.80	    28.99	131320	  0.22	建筑施工	安徽	0.00	9.80	67	
600503	华丽家族	0.00	8.17	0.00	8.16	8.17	787	787	0.00	          0.01	8.17	8.17	8.17	8.17	    78.36	642979	  0.78	区域地产	上海	0.00	8.17	394	
600507	方大特钢	-0.39	7.64	-0.03	7.62	7.64	323	323	0.00	          0.00	7.64	7.64	7.64	7.67	    16.41	246772	  0.56	特种钢	江西	0.00	7.64	162	
600511	国药股份	0.06	33.47	0.02	33.45	33.47	18	18	0.00	          0.00	33.47	33.47	33.47	33.45	    27.61	60246	  0.12	医药商业	北京	0.00	33.47	9	
600516	方大炭素	-0.32	9.43	-0.03	9.43	9.45	470	470	0.00	          0.00	9.43	9.43	9.43	9.46	   154.39	443210	  0.41	矿物制品	甘肃	0.00	9.43	235	
600517	置信电气	0.30	10.09	0.03	10.08	10.09	121	121	0.00	          0.00	10.09	10.09	10.09	10.06	    37.43	122089	  0.34	电气设备	上海	0.00	10.09	61	
600518	康美药业	-0.46	17.41	-0.08	17.41	17.48	103	103	0.00	          0.00	17.41	17.41	17.41	17.49	    24.92	179323	  0.25	中成药	广东	0.00	17.41	52	
600519	贵州茅台	0.00	371.55	0.00	371.00	371.55	84	84	0.00	          0.00	371.55	371.55	371.55	371.55	    28.08	3121020	  0.66	白酒	贵州	0.00	371.55	42	
600521	华海药业	0.36	22.25	0.08	22.33	22.33	0	0	--  	          0.00	--  	--  	--  	22.25	    45.15	0	  0.07	化学制药	浙江	0.00	22.25	0	
600522	中天科技	-0.17	11.44	-0.02	11.44	11.45	2791	2790	0.00	          0.01	11.44	11.44	11.44	11.46	    22.98	3192893	  1.78	通信设备	江苏	0.00	11.44	1395	
600525	长园集团	-1.48	15.96	-0.24	15.95	15.96	907	907	0.00	          0.01	15.96	15.96	15.96	16.20	    34.80	1447572	  1.77	电气设备	深圳	0.00	15.96	454	
600526	菲达环保	-0.08	12.49	-0.01	12.46	12.49	130	130	0.00	          0.00	12.49	12.49	12.49	12.50	    98.02	162370	  0.55	环境保护	浙江	0.00	12.49	65	
600527	江南高纤	-0.32	6.25	-0.02	6.25	6.26	60	60	0.00	          0.00	6.25	6.25	6.25	6.27	   182.63	37500	  0.16	化纤	江苏	0.00	6.25	30	
600528	中铁工业	-0.13	15.29	-0.02	15.27	15.27	0	0	--  	          0.00	--  	--  	--  	15.29	   183.81	0	  0.35	建筑施工	四川	0.00	15.29	0	
600531	豫光金铅	-0.24	8.44	-0.02	8.43	8.44	551	551	0.00	          0.01	8.44	8.44	8.44	8.46	   113.85	465044	  1.42	铅锌	河南	0.00	8.44	276	
600535	天士力	0.05	39.21	0.02	39.23	39.23	0	0	--  	          0.00	--  	--  	--  	39.21	    31.68	0	  0.91	中成药	天津	0.00	39.21	0	
600536	中国软件	0.32	25.29	0.08	25.21	25.29	76	76	0.00	          0.00	25.29	25.29	25.29	25.21	--  	192204	  0.32	软件服务	北京	0.00	25.29	38	
600537	亿晶光电	0.14	7.33	0.01	7.32	7.33	269	269	0.00	          0.00	7.33	7.33	7.33	7.32	    16.75	197177	  0.54	半导体	浙江	0.00	7.33	135	
600547	山东黄金	-0.72	35.90	-0.26	35.89	35.90	1086	1086	0.00	          0.01	35.90	35.90	35.90	36.16	    68.23	3898740	  1.53	黄金	山东	0.00	35.90	543	
600548	深高速	--  	8.80	--  	8.77	8.80	0	0	--  	          0.00	--  	--  	--  	8.80	    15.20	0	  0.00	路桥	深圳	0.00	8.80	0	
600549	厦门钨业	0.67	24.20	0.16	24.19	24.20	335	335	0.00	          0.00	24.20	24.20	24.20	24.04	   128.25	810700	  0.71	小金属	福建	0.00	24.20	168	
600551	时代出版	--  	20.32	--  	--  	--  	0	0	--  	          0.00	--  	--  	--  	20.32	    25.53	0	  0.00	出版业	安徽	0.00	20.32	0	
600552	凯盛科技	0.31	16.00	0.05	16.00	16.01	291	291	0.00	          0.01	16.00	16.00	16.00	15.95	    72.87	465600	  1.67	玻璃	安徽	0.00	16.00	146	
600557	康缘药业	0.06	17.93	0.01	17.94	17.94	0	0	--  	          0.00	--  	--  	--  	17.93	    28.29	0	  0.02	中成药	江苏	0.00	17.93	0	
600559	老白干酒	--  	22.69	--  	--  	--  	0	0	--  	          0.00	--  	--  	--  	22.69	    89.74	0	  0.00	白酒	河北	0.00	22.69	0	
600562	国睿科技	0.42	33.68	0.14	33.61	33.68	123	123	0.00	          0.00	33.68	33.68	33.68	33.54	    90.79	414264	  0.98	通信设备	江苏	0.00	33.68	62	
600563	法拉电子	0.00	38.81	0.00	38.81	38.83	39	39	0.00	          0.00	38.81	38.81	38.81	38.81	    23.91	151359	  0.24	元器件	福建	0.00	38.81	20	
600565	迪马股份	0.44	6.81	0.03	6.80	6.81	1484	1484	0.00	          0.01	6.81	6.81	6.81	6.78	    95.87	1010604	  1.89	全国地产	重庆	0.00	6.81	742	
600566	济川药业	0.00	30.88	0.00	30.88	30.98	6	6	0.00	          0.00	30.88	30.88	30.88	30.88	    27.73	18528	  0.07	中成药	湖北	0.00	30.88	3	
600567	山鹰纸业	-0.27	3.71	-0.01	3.71	3.72	223	223	0.00	          0.00	3.71	3.71	3.71	3.72	    61.17	82733	  0.15	造纸	安徽	0.00	3.71	112	
600568	中珠医疗	0.29	20.85	0.06	20.84	20.85	285	285	0.00	          0.01	20.85	20.85	20.85	20.79	    66.36	594225	  0.63	区域地产	湖北	0.00	20.85	143	
600570	恒生电子	0.20	45.00	0.09	44.91	45.00	157	157	0.00	          0.00	45.00	45.00	45.00	44.91	   101.54	706500	  0.42	软件服务	浙江	0.00	45.00	79	
600571	信雅达	0.15	19.79	0.03	19.76	19.79	131	131	0.00	          0.00	19.79	19.79	19.79	19.76	    76.01	259249	  0.56	软件服务	浙江	0.00	19.79	66	
600572	康恩贝	0.14	6.95	0.01	6.95	6.96	469	468	0.00	          0.00	6.95	6.95	6.95	6.94	    29.07	325608	  2.17	中成药	浙江	0.00	6.95	234	
600577	精达股份	0.14	6.94	0.01	6.94	6.95	16430	16430	0.00	          0.12	6.94	6.94	6.94	6.93	    60.60	11402642	  2.47	电气设备	安徽	0.00	6.94	8215	
600578	京能电力	0.23	4.31	0.01	4.30	4.31	411	411	0.00	          0.00	4.31	4.31	4.31	4.30	    17.49	177141	  1.37	火力发电	北京	0.00	4.31	206	
600580	卧龙电气	-0.23	8.70	-0.02	8.67	8.70	159	159	0.00	          0.00	8.70	8.70	8.70	8.72	    55.85	138330	  0.88	电气设备	浙江	0.00	8.70	80	
600582	天地科技	0.19	5.24	0.01	5.23	5.24	267	267	0.00	          0.00	5.24	5.24	5.24	5.23	    44.61	139908	  0.38	工程机械	北京	0.00	5.24	134	
600583	海油工程	-0.65	7.66	-0.05	7.66	7.68	1470	1470	0.00	          0.00	7.66	7.66	7.66	7.71	    22.72	1126020	  1.14	石油开采	天津	0.00	7.66	735	
600584	长电科技	-0.51	19.38	-0.10	19.38	19.40	620	620	0.00	          0.01	19.38	19.38	19.38	19.48	   252.15	1201560	  0.88	半导体	江苏	0.00	19.38	310	
600585	海螺水泥	0.10	20.43	0.02	20.43	20.44	231	231	0.00	          0.00	20.43	20.43	20.43	20.41	    13.60	471933	  0.47	水泥	安徽	0.00	20.43	116	
600586	金晶科技	0.21	4.73	0.01	4.72	4.73	475	475	0.00	          0.00	4.73	4.73	4.73	4.72	   121.59	224675	  0.78	玻璃	山东	0.00	4.73	238	
600587	新华医疗	-0.12	24.60	-0.03	24.59	24.60	50	50	0.00	          0.00	24.60	24.60	24.60	24.63	    51.14	123000	  0.57	医疗保健	山东	0.00	24.60	25	
600588	用友网络	0.05	19.28	0.01	19.27	19.28	103	103	0.00	          0.00	19.28	19.28	19.28	19.27	--  	198584	  0.38	软件服务	北京	0.00	19.28	52	
600594	益佰制药	-0.11	18.28	-0.02	18.25	18.28	76	76	0.00	          0.00	18.28	18.28	18.28	18.30	    37.42	138928	  0.10	中成药	贵州	0.00	18.28	38	
600596	新安股份	-0.20	10.08	-0.02	10.08	10.09	100	100	0.00	          0.00	10.08	10.08	10.08	10.10	--  	100800	  0.13	农药化肥	浙江	0.00	10.08	50	
600597	光明乳业	0.15	13.08	0.02	13.10	13.10	0	0	--  	          0.00	--  	--  	--  	13.08	    28.37	0	  0.25	乳制品	上海	0.00	13.08	0	
600600	青岛啤酒	-0.09	33.41	-0.03	33.40	33.41	26	26	0.00	          0.00	33.41	33.41	33.41	33.44	    18.40	86866	  0.39	啤酒	山东	0.00	33.41	13	
600604	市北高新	-0.32	18.67	-0.06	18.67	18.78	123	123	0.00	          0.00	18.67	18.67	18.67	18.73	    79.96	229641	  0.95	园区开发	上海	0.00	18.67	62	
600606	绿地控股	-0.23	8.86	-0.02	8.85	8.86	7446	7446	0.00	          0.02	8.86	8.86	8.86	8.88	    13.66	6597156	  2.78	全国地产	上海	0.00	8.86	3723	
600611	大众交通	0.00	6.39	0.00	6.38	6.39	57	57	0.00	          0.00	6.39	6.39	6.39	6.39	    26.11	36423	  0.16	公共交通	上海	0.00	6.39	29	
600612	老凤祥	--  	40.37	--  	40.24	40.47	0	0	--  	          0.00	--  	--  	--  	40.37	    19.72	0	  0.00	服饰	上海	0.00	40.37	0	
600613	神奇制药	-1.02	15.55	-0.16	15.53	15.55	172	172	0.00	          0.00	15.55	15.55	15.55	15.71	    63.54	267460	  0.36	中成药	上海	0.00	15.55	86	
600614	鹏起科技	0.62	13.05	0.08	13.03	13.05	406	406	0.00	          0.00	13.05	13.05	13.05	12.97	    87.68	529830	  0.39	综合类	上海	0.00	13.05	203	
600617	国新能源	-0.55	10.82	-0.06	10.82	10.88	232	232	0.00	          0.00	10.82	10.82	10.82	10.88	    23.76	251024	  4.00	供气供热	山西	0.00	10.82	116	
600623	华谊集团	0.08	12.40	0.01	12.39	12.40	304	304	0.00	          0.00	12.40	12.40	12.40	12.39	    72.90	376960	  0.90	汽车配件	上海	0.00	12.40	152	
600624	复旦复华	0.23	8.71	0.02	8.70	8.71	96	96	0.00	          0.00	8.71	8.71	8.71	8.69	   117.18	83616	  0.20	综合类	上海	0.00	8.71	48	
600626	申达股份	0.08	12.03	0.01	12.04	12.04	0	0	--  	          0.00	--  	--  	--  	12.03	    41.88	0	  0.96	纺织	上海	0.00	12.03	0	
600633	浙报传媒	0.81	18.78	0.15	18.75	18.78	893	893	0.00	          0.01	18.78	18.78	18.78	18.63	    46.05	1677054	  1.28	出版业	浙江	0.00	18.78	447	
600634	中技控股	--  	18.17	--  	18.17	18.20	0	0	--  	          0.00	--  	--  	--  	18.17	   188.30	0	  0.00	互联网	上海	0.00	18.17	0	
600635	大众公用	0.00	6.53	0.00	6.53	6.54	1303	1303	0.00	          0.01	6.53	6.53	6.53	6.53	    33.11	850859	  1.15	供气供热	上海	0.00	6.53	652	
600637	东方明珠	-0.04	22.98	-0.01	22.98	22.99	76	76	0.00	          0.00	22.98	22.98	22.98	22.99	    23.60	174648	  0.30	影视音像	上海	0.00	22.98	38	
600639	浦东金桥	0.00	18.38	0.00	18.36	18.38	58	58	0.00	          0.00	18.38	18.38	18.38	18.38	    32.74	106604	  0.56	园区开发	上海	0.00	18.38	29	
600640	号百控股	-0.75	19.73	-0.15	19.73	19.87	50	50	0.00	          0.00	19.73	19.73	19.73	19.88	   474.03	98650	  0.18	酒店餐饮	上海	0.00	19.73	25	
600641	万业企业	0.40	12.51	0.05	12.50	12.51	302	302	0.00	          0.00	12.51	12.51	12.51	12.46	    14.04	377802	  0.66	区域地产	上海	0.00	12.51	151	
600642	申能股份	-0.16	6.23	-0.01	6.23	6.24	45	45	0.00	          0.00	6.23	6.23	6.23	6.24	    11.67	28066	  0.10	火力发电	上海	0.00	6.23	23	
600643	爱建集团	-0.21	13.94	-0.03	13.94	13.95	47	47	0.00	          0.00	13.94	13.94	13.94	13.97	    32.50	65518	  0.10	多元金融	上海	0.00	13.94	24	
600645	中源协和	--  	26.80	--  	--  	--  	0	0	--  	          0.00	--  	--  	--  	26.80	  1404.43	0	  0.00	生物制药	天津	0.00	26.80	0	
600648	外高桥	0.00	20.19	0.00	20.19	20.22	15	15	0.00	          0.00	20.19	20.19	20.19	20.19	    27.59	30285	  0.16	园区开发	上海	0.00	20.19	8	
600649	城投控股	--  	20.34	--  	--  	--  	0	0	--  	          0.00	--  	--  	--  	20.34	    24.56	0	  0.00	区域地产	上海	0.00	20.34	0	
600650	锦江投资	-0.39	23.09	-0.09	23.09	23.16	60	60	0.00	          0.00	23.09	23.09	23.09	23.18	    53.67	138540	  0.25	公共交通	上海	0.00	23.09	30	
600651	飞乐音响	0.10	10.30	0.01	10.30	10.32	60	60	0.00	          0.00	10.30	10.30	10.30	10.29	    69.66	61800	  0.15	电器仪表	上海	0.00	10.30	30	
600654	中安消	--  	17.43	--  	--  	--  	0	0	--  	          0.00	--  	--  	--  	17.43	    60.92	0	  0.00	软件服务	上海	0.00	17.43	0	
600655	豫园商城	--  	11.42	--  	--  	--  	0	0	--  	          0.00	--  	--  	--  	11.42	    29.09	0	  0.00	百货	上海	0.00	11.42	0	
600657	信达地产	--  	5.88	--  	--  	--  	0	0	--  	          0.00	--  	--  	--  	5.88	    39.02	0	  0.00	全国地产	北京	0.00	5.88	0	
600660	福耀玻璃	-0.10	20.60	-0.02	20.59	20.60	337	337	0.00	          0.00	20.60	20.60	20.60	20.62	    16.44	694220	  0.47	汽车配件	福建	0.00	20.60	169	
600661	新南洋	0.22	27.95	0.06	27.95	27.98	16	16	0.00	          0.00	27.95	27.95	27.95	27.89	    41.72	44720	  0.23	文教休闲	上海	0.00	27.95	8	
600662	强生控股	-0.09	10.54	-0.01	10.54	10.55	115	115	0.00	          0.00	10.54	10.54	10.54	10.55	    63.37	121210	  0.42	公共交通	上海	0.00	10.54	58	
600663	陆家嘴	0.04	22.45	0.01	22.44	22.45	117	117	0.00	          0.00	22.45	22.45	22.45	22.44	    41.86	262665	  1.19	园区开发	上海	0.00	22.45	59	
600664	哈药股份	0.00	8.51	0.00	8.51	8.52	87	87	0.00	          0.00	8.51	8.51	8.51	8.51	    27.44	74037	  0.14	化学制药	黑龙江	0.00	8.51	44	
600666	奥瑞德	0.43	27.98	0.12	27.95	27.98	2360	2360	0.00	          0.05	27.98	27.98	27.98	27.86	    46.13	6603280	  2.85	元器件	重庆	0.00	27.98	1180	
600667	太极实业	0.00	7.53	0.00	7.53	7.53	0	0	--  	          0.00	--  	--  	--  	7.53	   296.27	0	  0.69	半导体	江苏	0.00	7.53	0	
600668	尖峰集团	0.00	17.66	0.00	17.66	17.69	134	133	0.00	          0.00	17.66	17.66	17.66	17.66	    26.97	235955	  0.57	水泥	浙江	0.00	17.66	67	
600673	东阳光科	--  	7.29	--  	--  	--  	0	0	--  	          0.00	--  	--  	--  	7.29	   191.04	0	  0.00	铝	广东	0.00	7.29	0	
600674	川投能源	0.23	8.84	0.02	8.84	8.85	1342	1342	0.00	          0.00	8.84	8.84	8.84	8.82	    10.42	1186425	  2.83	水力发电	四川	0.00	8.84	671	
600676	交运股份	-0.23	8.77	-0.02	8.77	8.79	59	59	0.00	          0.00	8.77	8.77	8.77	8.79	    32.47	51743	  0.40	公共交通	上海	0.00	8.77	30	
600682	南京新百	--  	36.19	--  	36.19	36.25	0	0	--  	          0.00	--  	--  	--  	36.19	--  	0	  0.00	百货	江苏	0.00	36.19	0	
600684	珠江实业	0.00	8.30	0.00	8.29	8.30	95	95	0.00	          0.00	8.30	8.30	8.30	8.30	    17.24	78850	  0.34	全国地产	广东	0.00	8.30	48	
600685	中船防务	-0.60	33.48	-0.20	33.28	33.28	0	0	--  	          0.00	--  	--  	--  	33.48	  5374.25	0	  0.59	船舶	广东	0.00	33.48	0	
600686	金龙汽车	-0.76	15.61	-0.12	15.61	15.73	114	114	0.00	          0.00	15.61	15.61	15.61	15.73	--  	177954	  0.81	汽车整车	福建	0.00	15.61	57	
600687	刚泰控股	0.14	14.10	0.02	14.10	14.11	301	301	0.00	          0.00	14.10	14.10	14.10	14.08	    47.32	424410	  0.67	黄金	甘肃	0.00	14.10	151	
600688	上海石化	-0.16	6.43	-0.01	6.43	6.44	451	451	0.00	          0.00	6.43	6.43	6.43	6.44	    12.61	289993	  0.35	石油加工	上海	0.00	6.43	226	
600690	青岛海尔	-0.09	11.29	-0.01	11.28	11.28	0	0	--  	          0.00	--  	--  	--  	11.29	    13.51	0	  1.04	家用电器	山东	0.00	11.29	0	
600694	大商股份	-0.24	41.81	-0.10	41.81	41.82	69	69	0.00	          0.00	41.81	41.81	41.81	41.91	    14.21	288489	  0.78	百货	辽宁	0.00	41.81	35	
600697	欧亚集团	0.00	33.52	0.00	33.52	33.60	30	30	0.00	          0.00	33.52	33.52	33.52	33.52	    19.21	100560	  0.46	百货	吉林	0.00	33.52	15	
600699	均胜电子	3.21	32.80	1.02	32.80	32.84	4338	4337	0.00	          0.06	32.80	32.80	32.80	31.78	    57.88	14227066	 17.63	汽车配件	浙江	0.00	32.80	2169	
600703	三安光电	0.13	15.71	0.02	15.69	15.71	113	113	0.00	          0.00	15.71	15.71	15.71	15.69	    32.13	177523	  0.17	半导体	湖北	0.00	15.71	57	
600704	物产中大	-0.28	10.83	-0.03	10.83	10.84	1171	1171	0.00	          0.01	10.83	10.83	10.83	10.86	    18.81	1268193	  1.43	商贸代理	浙江	0.00	10.83	586	
600705	中航资本	-0.31	6.49	-0.02	6.48	6.49	2957	2957	0.00	          0.00	6.49	6.49	6.49	6.51	    25.07	1919093	  0.95	多元金融	黑龙江	0.00	6.49	1479	
600708	光明地产	0.22	9.17	0.02	9.19	9.19	0	0	--  	          0.00	--  	--  	--  	9.17	    43.28	0	  2.94	全国地产	上海	0.00	9.17	0	
600711	盛屯矿业	-0.54	7.38	-0.04	7.38	7.39	812	812	0.00	          0.01	7.38	7.38	7.38	7.42	    58.59	599256	  0.70	小金属	福建	0.00	7.38	406	
600717	天津港	-0.36	11.10	-0.04	11.09	11.10	820	820	0.00	          0.00	11.10	11.10	11.10	11.14	    13.93	910200	  2.04	港口	天津	0.00	11.10	410	
600718	东软集团	0.78	19.48	0.15	19.48	19.49	3207	3207	0.00	          0.03	19.48	19.48	19.48	19.33	     8.88	6247918	  2.64	软件服务	辽宁	0.00	19.48	1604	
600720	祁连山	-0.10	9.92	-0.01	9.91	9.91	0	0	--  	          0.00	--  	--  	--  	9.92	    28.34	0	  0.23	水泥	甘肃	0.00	9.92	0	
600729	重庆百货	-1.28	27.02	-0.35	27.02	27.25	59	59	0.00	          0.00	27.02	27.02	27.02	27.37	    26.23	159418	  0.16	百货	重庆	0.00	27.02	30	
600730	中国高科	0.08	12.07	0.01	12.06	12.07	71	71	0.00	          0.00	12.07	12.07	12.07	12.06	     8.33	85697	  0.26	综合类	北京	0.00	12.07	36	
600736	苏州高新	--  	8.51	--  	--  	--  	0	0	--  	          0.00	--  	--  	--  	8.51	    33.09	0	  0.00	园区开发	江苏	0.00	8.51	0	
600737	中粮糖业	-0.09	11.52	-0.01	11.51	11.52	258	258	0.00	          0.00	11.52	11.52	11.52	11.53	    53.36	297216	  0.31	食品	新疆	0.00	11.52	129	
600739	辽宁成大	-0.06	17.59	-0.01	17.59	17.60	51	51	0.00	          0.00	17.59	17.59	17.59	17.60	    24.26	89709	  0.17	商贸代理	辽宁	0.00	17.59	26	
600741	华域汽车	0.12	16.60	0.02	16.60	16.61	396	396	0.00	          0.00	16.60	16.60	16.60	16.58	     8.79	657360	  0.74	汽车配件	上海	0.00	16.60	198	
600742	一汽富维	-0.25	19.85	-0.05	19.77	19.85	128	128	0.00	          0.00	19.85	19.85	19.85	19.90	    18.45	254080	  0.39	汽车配件	吉林	0.00	19.85	64	
600743	华远地产	0.22	4.62	0.01	4.62	4.63	143	143	0.00	          0.00	4.62	4.62	4.62	4.61	    23.20	66066	  0.45	区域地产	北京	0.00	4.62	72	
600748	上实发展	0.00	8.30	0.00	8.30	8.32	166	166	0.00	          0.00	8.30	8.30	8.30	8.30	    36.33	137780	  0.81	全国地产	上海	0.00	8.30	83	
600750	江中药业	0.74	35.49	0.26	35.49	35.50	496	496	0.00	          0.02	35.49	35.49	35.49	35.23	    31.25	1760304	  1.78	中成药	江西	0.00	35.49	248	
600754	锦江股份	0.00	29.84	0.00	29.84	29.88	91	91	0.00	          0.00	29.84	29.84	29.84	29.84	    42.40	271544	  1.21	酒店餐饮	上海	0.00	29.84	46	
600755	厦门国贸	0.00	8.64	0.00	8.64	8.64	0	0	--  	          0.00	--  	--  	--  	8.64	    13.76	0	  0.26	商贸代理	福建	0.00	8.64	0	
600756	浪潮软件	0.00	22.42	0.00	22.42	22.42	0	0	--  	          0.00	--  	--  	--  	22.42	   132.56	0	  1.12	软件服务	山东	0.00	22.42	0	
600757	长江传媒	0.00	8.60	0.00	8.58	8.60	69	69	0.00	          0.00	8.60	8.60	8.60	8.60	    19.19	59340	  0.24	出版业	湖北	0.00	8.60	35	
600761	安徽合力	-0.41	14.45	-0.06	14.41	14.45	174	174	0.00	          0.00	14.45	14.45	14.45	14.51	    22.04	251430	  0.41	工程机械	安徽	0.00	14.45	87	
600763	通策医疗	0.07	28.80	0.02	28.80	28.84	18	18	0.00	          0.00	28.80	28.80	28.80	28.78	    55.96	51840	  0.17	医疗保健	浙江	0.00	28.80	9	
600765	中航重机	0.13	15.93	0.02	15.93	15.94	135	135	0.00	          0.00	15.93	15.93	15.93	15.91	    85.51	215055	  0.26	机械基件	贵州	0.00	15.93	68	
600770	综艺股份	-0.51	9.84	-0.05	9.84	9.88	162	162	0.00	          0.00	9.84	9.84	9.84	9.89	   234.53	159408	  0.44	综合类	江苏	0.00	9.84	81	
600773	西藏城投	-0.15	13.02	-0.02	13.00	13.00	0	0	--  	          0.00	--  	--  	--  	13.02	   162.61	0	  1.52	区域地产	西藏	0.00	13.02	0	
600775	南京熊猫	0.52	15.48	0.08	15.48	15.50	209	209	0.00	          0.00	15.48	15.48	15.48	15.40	   134.10	323532	  0.81	通信设备	江苏	0.00	15.48	105	
600776	东方通信	-0.24	8.46	-0.02	8.44	8.44	0	0	--  	          0.00	--  	--  	--  	8.46	   118.35	0	  0.40	通信设备	浙江	0.00	8.46	0	
600783	鲁信创投	0.16	24.75	0.04	24.73	24.75	56	56	0.00	          0.00	24.75	24.75	24.75	24.71	    41.61	138600	  0.18	矿物制品	山东	0.00	24.75	28	
600787	中储股份	0.00	9.20	0.00	9.19	9.20	150	150	0.00	          0.00	9.20	9.20	9.20	9.20	    35.26	138000	  0.23	仓储物流	天津	0.00	9.20	75	
600795	国电电力	-0.31	3.25	-0.01	3.25	3.26	2611	2610	0.00	          0.00	3.25	3.25	3.25	3.26	     9.89	848435	  0.87	火力发电	辽宁	0.00	3.25	1305	
600803	新奥股份	0.00	13.70	0.00	13.70	13.70	0	0	--  	          0.00	--  	--  	--  	13.70	    52.52	0	  0.22	农药化肥	河北	0.00	13.70	0	
600804	鹏博士	0.38	21.29	0.08	21.25	21.29	160	160	0.00	          0.00	21.29	21.29	21.29	21.21	    37.21	340640	  0.40	电信运营	四川	0.00	21.29	80	
600807	天业股份	--  	13.73	--  	--  	--  	0	0	--  	          0.00	--  	--  	--  	13.73	   104.59	0	  0.00	区域地产	山东	0.00	13.73	0	
600808	马钢股份	0.59	3.39	0.02	3.39	3.40	5890	5890	0.00	          0.01	3.39	3.39	3.39	3.37	    25.78	1996710	  2.58	普钢	安徽	0.00	3.39	2945	
600809	山西汾酒	-0.16	31.41	-0.05	31.41	31.46	267	267	0.00	          0.00	31.41	31.41	31.41	31.46	    45.21	838647	  0.62	白酒	山西	0.00	31.41	134	
600811	东方集团	0.00	7.22	0.00	7.20	7.22	214	214	0.00	          0.00	7.22	7.22	7.22	7.22	    30.52	154508	  0.64	综合类	黑龙江	0.00	7.22	107	
600814	杭州解百	-0.42	11.74	-0.05	11.72	11.78	48	48	0.00	          0.00	11.74	11.74	11.74	11.79	    46.40	56352	  0.16	百货	浙江	0.00	11.74	24	
600816	安信信托	-0.34	11.80	-0.04	11.79	11.80	1108	1108	0.00	          0.00	11.80	11.80	11.80	11.84	    17.73	1307440	  0.32	多元金融	上海	0.00	11.80	554	
600818	中路股份	0.33	30.50	0.10	30.50	30.51	190	190	0.00	          0.01	30.50	30.50	30.50	30.40	    92.55	579500	  0.78	文教休闲	上海	0.00	30.50	95	
600820	隧道股份	0.18	11.25	0.02	11.24	11.25	1265	1265	0.00	          0.00	11.25	11.25	11.25	11.23	    25.29	1423125	  1.16	建筑施工	上海	0.00	11.25	633	
600823	世茂股份	0.00	7.38	0.00	7.37	7.38	811	811	0.00	          0.00	7.38	7.38	7.38	7.38	    10.50	598518	  1.69	全国地产	上海	0.00	7.38	406	
600824	益民集团	-0.14	7.05	-0.01	7.05	7.07	68	68	0.00	          0.00	7.05	7.05	7.05	7.06	    40.79	47940	  0.28	百货	上海	0.00	7.05	34	
600825	新华传媒	0.00	8.87	0.00	8.87	8.92	14	14	0.00	          0.00	8.87	8.87	8.87	8.87	   190.34	12418	  0.08	出版业	上海	0.00	8.87	7	
600826	兰生股份	0.11	27.11	0.03	27.10	27.11	18	18	0.00	          0.00	27.11	27.11	27.11	27.08	    13.57	48798	  0.13	商贸代理	上海	0.00	27.11	9	
600827	百联股份	0.06	17.00	0.01	17.00	17.01	1442	1442	0.00	          0.01	17.00	17.00	17.00	16.99	    30.48	2451400	  1.18	超市连锁	上海	0.00	17.00	721	
600828	茂业商业	-0.43	9.26	-0.04	9.25	9.26	892	892	0.00	          0.02	9.26	9.26	9.26	9.30	    26.26	825992	  0.85	百货	四川	0.00	9.26	446	
600829	人民同泰	0.00	15.33	0.00	15.27	15.33	13	13	0.00	          0.00	15.33	15.33	15.33	15.33	    39.60	19929	  0.07	医药商业	黑龙江	0.00	15.33	7	
600830	香溢融通	-0.17	12.00	-0.02	11.98	12.00	147	147	0.00	          0.00	12.00	12.00	12.00	12.02	    50.46	176400	  0.32	多元金融	浙江	0.00	12.00	74	
600831	广电网络	-0.46	13.08	-0.06	13.08	13.10	184	184	0.00	          0.00	13.08	13.08	13.08	13.14	    48.29	240672	  0.74	影视音像	陕西	0.00	13.08	92	
600835	上海机电	-0.15	20.61	-0.03	20.61	20.68	28	28	0.00	          0.00	20.61	20.61	20.61	20.64	    13.83	57708	  0.24	运输设备	上海	0.00	20.61	14	
600837	海通证券	0.06	15.57	0.01	15.55	15.57	527	527	0.00	          0.00	15.57	15.57	15.57	15.56	    21.10	820539	  0.87	证券	上海	0.00	15.57	264	
600839	四川长虹	0.00	4.36	0.00	4.36	4.36	0	0	--  	          0.00	--  	--  	--  	4.36	    28.93	0	  0.74	家用电器	四川	0.00	4.36	0	
600845	宝信软件	-0.05	18.90	-0.01	18.89	18.89	0	0	--  	          0.00	--  	--  	--  	18.90	    44.10	0	  1.40	软件服务	上海	0.00	18.90	0	
600846	同济科技	-0.11	9.15	-0.01	9.15	9.16	420	420	0.00	          0.01	9.15	9.15	9.15	9.16	    48.80	384300	  1.47	综合类	上海	0.00	9.15	210	
600850	华东电脑	-0.21	24.08	-0.05	24.03	24.08	27	27	0.00	          0.00	24.08	24.08	24.08	24.13	    36.22	65016	  0.25	软件服务	上海	0.00	24.08	14	
600856	中天能源	-0.17	11.53	-0.02	11.53	11.55	73	73	0.00	          0.00	11.53	11.53	11.53	11.55	    29.67	84169	  0.20	供气供热	吉林	0.00	11.53	37	
600859	王府井	--  	16.28	--  	--  	--  	0	0	--  	          0.00	--  	--  	--  	16.28	    21.61	0	  0.00	百货	北京	0.00	16.28	0	
600860	京城股份	0.00	9.30	0.00	9.30	9.33	112	112	0.00	          0.00	9.30	9.30	9.30	9.30	--  	104160	  0.64	专用机械	北京	0.00	9.30	56	
600862	中航高科	-0.08	12.41	-0.01	12.39	12.41	20	20	0.00	          0.00	12.41	12.41	12.41	12.42	   168.32	24820	  0.07	航空	江苏	0.00	12.41	10	
600863	内蒙华电	-0.31	3.23	-0.01	3.22	3.22	0	0	--  	          0.00	--  	--  	--  	3.23	    25.80	0	  0.94	火力发电	内蒙	0.00	3.23	0	
600864	哈投股份	0.00	10.70	0.00	10.63	10.70	314	314	0.00	          0.01	10.70	10.70	10.70	10.70	    45.51	335980	  0.69	火力发电	黑龙江	0.00	10.70	157	
600867	通化东宝	--  	21.39	--  	--  	--  	0	0	--  	          0.00	--  	--  	--  	21.39	    45.58	0	  0.00	生物制药	吉林	0.00	21.39	0	
600869	智慧能源	-0.82	8.45	-0.07	8.45	8.46	2200	2200	0.00	          0.01	8.45	8.45	8.45	8.52	    49.51	1859000	  2.27	电气设备	青海	0.00	8.45	1100	
600871	石化油服	-0.52	3.82	-0.02	3.82	3.83	736	736	0.00	          0.00	3.82	3.82	3.82	3.84	--  	281152	  0.81	石油开采	北京	0.00	3.82	368	
600872	中炬高新	-0.89	15.59	-0.14	15.58	15.59	917	917	0.00	          0.01	15.59	15.59	15.59	15.73	    36.39	1429603	  2.45	食品	广东	0.00	15.59	459	
600873	梅花生物	-0.15	6.86	-0.01	6.85	6.86	450	450	0.00	          0.00	6.86	6.86	6.86	6.87	    20.47	308700	  0.53	食品	西藏	0.00	6.86	225	
600874	创业环保	0.47	8.47	0.04	8.44	8.47	100	100	0.00	          0.00	8.47	8.47	8.47	8.43	    24.72	84700	  0.24	环境保护	天津	0.00	8.47	50	
600875	东方电气	--  	10.79	--  	--  	--  	0	0	--  	          0.00	--  	--  	--  	10.79	--  	0	  0.00	电气设备	四川	0.00	10.79	0	
600876	洛阳玻璃	0.35	29.00	0.10	28.93	29.00	2584	2584	0.00	          0.10	29.00	29.00	29.00	28.90	--  	7493600	 10.17	玻璃	河南	0.00	29.00	1292	
600879	航天电子	0.11	18.62	0.02	18.61	18.62	1746	1746	0.00	          0.02	18.62	18.62	18.62	18.60	    52.92	3251052	  0.99	航空	湖北	0.00	18.62	873	
600881	亚泰集团	0.34	5.92	0.02	5.90	5.92	314	314	0.00	          0.00	5.92	5.92	5.92	5.90	    98.59	185888	  0.59	水泥	吉林	0.00	5.92	157	
600884	杉杉股份	-0.53	14.91	-0.08	14.91	14.92	322	322	0.00	          0.00	14.91	14.91	14.91	14.99	    46.85	480102	  0.38	服饰	浙江	0.00	14.91	161	
600885	宏发股份	0.00	34.76	0.00	34.76	34.95	5	5	0.00	          0.00	34.76	34.76	34.76	34.76	    28.99	17380	  0.10	电气设备	湖北	0.00	34.76	3	
600886	国投电力	-0.14	7.03	-0.01	7.02	7.02	0	0	--  	          0.00	--  	--  	--  	7.03	    10.49	0	  0.03	水力发电	北京	0.00	7.03	0	
600887	伊利股份	0.11	18.54	0.02	18.53	18.54	889	889	0.00	          0.00	18.54	18.54	18.54	18.52	    19.26	1648206	  0.49	乳制品	内蒙	0.00	18.54	445	
600888	新疆众和	-1.07	9.31	-0.10	9.21	9.21	0	0	--  	          0.00	--  	--  	--  	9.31	   136.00	0	  0.92	铝	新疆	0.00	9.31	0	
600891	秋林集团	-0.43	9.31	-0.04	9.31	9.33	136	136	0.00	          0.00	9.31	9.31	9.31	9.35	    21.72	126616	  0.60	百货	黑龙江	0.00	9.31	68	
600893	中航动力	0.06	33.55	0.02	33.55	33.56	178	178	0.00	          0.00	33.55	33.55	33.55	33.53	   163.31	597190	  0.90	航空	陕西	0.00	33.55	89	
600894	广日股份	-0.07	13.85	-0.01	13.85	13.86	3	3	0.00	          0.00	13.85	13.85	13.85	13.86	    10.60	4155	  0.01	运输设备	广东	0.00	13.85	2	
600895	张江高科	0.06	18.04	0.01	18.03	18.04	196	196	0.00	          0.00	18.04	18.04	18.04	18.03	    54.02	353584	  0.62	园区开发	上海	0.00	18.04	98	
600897	厦门空港	0.04	24.00	0.01	23.99	24.00	79	79	0.00	          0.00	24.00	24.00	24.00	23.99	    16.53	189600	  1.23	机场	福建	0.00	24.00	40	
600900	长江电力	0.15	13.02	0.02	13.04	13.04	0	0	--  	          0.00	--  	--  	--  	13.02	    13.15	0	  0.30	水力发电	北京	0.00	13.02	0	
600917	重庆燃气	-0.39	12.80	-0.05	12.80	12.85	28	28	0.00	          0.00	12.80	12.80	12.80	12.85	    52.73	35840	  0.18	供气供热	重庆	0.00	12.80	14	
600958	东方证券	0.07	15.27	0.01	15.26	15.27	361	361	0.00	          0.00	15.27	15.27	15.27	15.26	    37.95	551247	  0.92	证券	上海	0.00	15.27	181	
600959	江苏有线	-0.18	10.84	-0.02	10.84	10.85	174	173	0.00	          0.00	10.84	10.84	10.84	10.86	    43.06	188074	  0.57	影视音像	江苏	0.00	10.84	87	
600965	福成股份	0.00	14.15	0.00	14.15	14.19	20	20	0.00	          0.00	14.15	14.15	14.15	14.15	    58.97	28300	  0.21	农业综合	河北	0.00	14.15	10	
600967	北方创业	1.05	14.45	0.15	14.41	14.45	832	832	0.00	          0.01	14.45	14.45	14.45	14.30	--  	1202240	  1.41	运输设备	内蒙	0.00	14.45	416	
600970	中材国际	0.13	7.49	0.01	7.49	7.50	124	124	0.00	          0.00	7.49	7.49	7.49	7.48	    20.38	92996	  0.16	建筑施工	江苏	0.00	7.49	62	
600973	宝胜股份	1.47	8.95	0.13	8.95	8.96	4201	4201	0.00	          0.06	8.95	8.95	8.95	8.82	    34.11	3759895	  7.34	电气设备	江苏	0.00	8.95	2101	
600975	新五丰	0.00	8.68	0.00	8.66	8.68	40	40	0.00	          0.00	8.68	8.68	8.68	8.68	    20.67	34720	  0.19	农业综合	湖南	0.00	8.68	20	
600978	宜华生活	-0.26	11.53	-0.03	11.52	11.53	60	60	0.00	          0.00	11.53	11.53	11.53	11.56	    21.02	69180	  0.07	家居用品	广东	0.00	11.53	30	
600981	汇鸿集团	-0.22	8.91	-0.02	8.91	8.96	184	184	0.00	          0.01	8.91	8.91	8.91	8.93	    26.68	163944	  1.30	商贸代理	江苏	0.00	8.91	92	
600986	科达股份	-0.25	15.71	-0.04	15.71	15.75	80	80	0.00	          0.00	15.71	15.71	15.71	15.75	    33.84	125680	  0.37	互联网	山东	0.00	15.71	40	
600987	航民股份	-0.31	12.70	-0.04	12.69	12.70	177	177	0.00	          0.00	12.70	12.70	12.70	12.74	    16.94	224790	  0.69	纺织	浙江	0.00	12.70	89	
600988	赤峰黄金	-0.53	15.00	-0.08	14.98	15.00	1223	1223	0.00	          0.02	15.00	15.00	15.00	15.08	    52.64	1834500	  2.84	黄金	内蒙	0.00	15.00	612	
600990	四创电子	-0.57	74.52	-0.43	74.52	74.95	31	31	0.00	          0.00	74.52	74.52	74.52	74.95	   255.01	231012	  0.50	通信设备	安徽	0.00	74.52	16	
600993	马应龙	-0.19	21.45	-0.04	21.44	21.45	409	409	0.00	          0.01	21.45	21.45	21.45	21.49	    33.53	877305	  1.89	中成药	湖北	0.00	21.45	205	
600999	招商证券	-0.12	16.68	-0.02	16.67	16.68	95	95	0.00	          0.00	16.68	16.68	16.68	16.70	    21.07	158460	  0.28	证券	深圳	0.00	16.68	48	
601000	唐山港	0.22	4.60	0.01	4.59	4.60	755	755	0.00	          0.00	4.60	4.60	4.60	4.59	    16.36	347300	  0.62	港口	河北	0.00	4.60	378	
601001	大同煤业	0.16	6.33	0.01	6.34	6.34	0	0	--  	          0.00	--  	--  	--  	6.33	    30.83	0	  1.08	煤炭开采	山西	0.00	6.33	0	
601002	晋亿实业	0.11	9.19	0.01	9.18	9.19	105	105	0.00	          0.00	9.19	9.19	9.19	9.18	   123.53	96495	  0.22	机械基件	浙江	0.00	9.19	53	
601005	重庆钢铁	--  	2.52	--  	--  	--  	0	0	--  	          0.00	--  	--  	--  	2.52	--  	0	  0.00	普钢	重庆	0.00	2.52	0	
601006	大秦铁路	-0.14	6.93	-0.01	6.92	6.93	509	509	0.00	          0.00	6.93	6.93	6.93	6.94	    15.02	352737	  0.66	铁路	山西	0.00	6.93	255	
601009	南京银行	0.00	11.79	0.00	11.78	11.79	389	389	0.00	          0.00	11.79	11.79	11.79	11.79	     8.43	458631	  0.35	银行	江苏	0.00	11.79	195	
601010	文峰股份	-0.20	5.08	-0.01	5.08	5.09	40	40	0.00	          0.00	5.08	5.08	5.08	5.09	    38.10	20320	  0.15	超市连锁	江苏	0.00	5.08	20	
601012	隆基股份	0.13	14.87	0.02	14.86	14.87	1181	1181	0.00	          0.01	14.87	14.87	14.87	14.85	    19.18	1756147	  1.91	半导体	陕西	0.00	14.87	591	
601015	陕西黑猫	0.00	9.61	0.00	9.60	9.61	430	430	0.00	          0.01	9.61	9.61	9.61	9.61	    94.50	413230	  1.32	焦炭加工	陕西	0.00	9.61	215	
601016	节能风电	-0.46	8.61	-0.04	8.61	8.62	552	552	0.00	          0.00	8.61	8.61	8.61	8.65	    94.86	475272	  1.37	新型电力	北京	0.00	8.61	276	
601018	宁波港	0.00	5.29	0.00	5.29	5.29	0	0	--  	          0.00	--  	--  	--  	5.29	    27.70	0	  0.79	港口	浙江	0.00	5.29	0	
601020	华钰矿业	-0.17	35.35	-0.06	35.33	35.35	46	46	0.00	          0.01	35.35	35.35	35.35	35.41	   131.69	162610	  0.22	铅锌	西藏	0.00	35.35	23	
601021	春秋航空	0.11	38.00	0.04	37.99	38.00	83	83	0.00	          0.00	38.00	38.00	38.00	37.96	    19.51	315400	  0.63	空运	上海	0.00	38.00	42	
601038	一拖股份	-0.25	12.17	-0.03	12.15	12.17	140	140	0.00	          0.00	12.17	12.17	12.17	12.20	    35.88	170380	  0.28	农用机械	河南	0.00	12.17	70	
601058	赛轮金宇	0.00	4.31	0.00	4.30	4.31	751	751	0.00	          0.00	4.31	4.31	4.31	4.31	    24.25	323681	  1.02	汽车配件	山东	0.00	4.31	376	
601069	西部黄金	0.00	21.32	0.00	21.30	21.32	415	415	0.00	          0.02	21.32	21.32	21.32	21.32	    94.32	884780	  1.63	黄金	新疆	0.00	21.32	208	
601088	中国神华	0.00	16.51	0.00	16.51	16.52	460	460	0.00	          0.00	16.51	16.51	16.51	16.51	    14.23	759460	  0.80	煤炭开采	北京	0.00	16.51	230	
601098	中南传媒	0.00	17.20	0.00	17.20	17.20	0	0	--  	          0.00	--  	--  	--  	17.20	    19.68	0	  0.37	出版业	湖南	0.00	17.20	0	
601099	太平洋	0.00	5.09	0.00	5.08	5.09	1310	1310	0.00	          0.00	5.09	5.09	5.09	5.09	    51.96	666790	  0.58	证券	云南	0.00	5.09	655	
601107	四川成渝	-0.20	5.10	-0.01	5.08	5.10	560	560	0.00	          0.00	5.10	5.10	5.10	5.11	    11.38	285600	  0.77	路桥	四川	0.00	5.10	280	
601111	中国国航	0.75	8.08	0.06	8.07	8.08	9912	9912	0.00	          0.01	8.08	8.08	8.08	8.02	    10.97	8008896	  6.47	空运	北京	0.00	8.08	4956	
601118	海南橡胶	-0.14	7.18	-0.01	7.17	7.18	1031	1031	0.00	          0.00	7.18	7.18	7.18	7.19	--  	740258	  0.77	橡胶	海南	0.00	7.18	516	
601126	四方股份	0.19	10.52	0.02	10.50	10.52	384	384	0.00	          0.00	10.52	10.52	10.52	10.50	    42.72	403968	  1.03	电气设备	北京	0.00	10.52	192	
601127	小康股份	0.04	26.42	0.01	26.42	26.43	36	36	0.00	          0.00	26.42	26.42	26.42	26.41	    60.87	95112	  0.15	汽车配件	重庆	0.00	26.42	18	
601139	深圳燃气	0.11	9.10	0.01	9.07	9.10	20	20	0.00	          0.00	9.10	9.10	9.10	9.09	    20.17	18200	  0.12	供气供热	深圳	0.00	9.10	10	
601155	新城控股	-0.12	16.27	-0.02	16.27	16.28	622	622	0.00	          0.01	16.27	16.27	16.27	16.29	    12.17	1011994	  0.66	区域地产	江苏	0.00	16.27	311	
601158	重庆水务	0.00	8.15	0.00	8.15	8.18	12	12	0.00	          0.00	8.15	8.15	8.15	8.15	    23.33	9780	  0.03	水务	重庆	0.00	8.15	6	
601166	兴业银行	0.06	16.56	0.01	16.56	16.57	1111	1110	0.00	          0.00	16.56	16.56	16.56	16.55	     5.38	1839750	  0.81	银行	福建	0.00	16.56	555	
601168	西部矿业	--  	7.83	--  	--  	--  	0	0	--  	          0.00	--  	--  	--  	7.83	   116.16	0	  0.00	铜	青海	0.00	7.83	0	
601169	北京银行	0.10	9.92	0.01	9.91	9.92	112	112	0.00	          0.00	9.92	9.92	9.92	9.91	     7.57	111104	  0.15	银行	北京	0.00	9.92	56	
601186	中国铁建	-0.40	12.51	-0.05	12.51	12.52	1002	1002	0.00	          0.00	12.51	12.51	12.51	12.56	    13.97	1253502	  0.60	建筑施工	北京	0.00	12.51	501	
601198	东兴证券	0.10	19.20	0.02	19.19	19.20	90	90	0.00	          0.00	19.20	19.20	19.20	19.18	    36.20	172800	  0.28	证券	北京	0.00	19.20	45	
601199	江南水务	0.12	8.09	0.01	8.09	8.10	47	47	0.00	          0.00	8.09	8.09	8.09	8.08	    23.26	38023	  0.13	水务	江苏	0.00	8.09	24	
601208	东材科技	0.38	8.01	0.03	8.00	8.01	614	614	0.00	          0.01	8.01	8.01	8.01	7.98	    93.97	491814	  1.35	化工原料	四川	0.00	8.01	307	
601211	国泰君安	-0.05	18.83	-0.01	18.82	18.83	249	249	0.00	          0.00	18.83	18.83	18.83	18.84	    14.59	468867	  0.32	证券	上海	0.00	18.83	125	
601216	君正集团	-0.75	5.26	-0.04	5.25	5.26	3270	3270	0.00	          0.00	5.26	5.26	5.26	5.30	    33.59	1720020	  0.57	化工原料	内蒙	0.00	5.26	1635	
601218	吉鑫科技	0.18	5.50	0.01	5.50	5.51	20	20	0.00	          0.00	5.50	5.50	5.50	5.49	    43.36	11000	  0.06	机械基件	江苏	0.00	5.50	10	
601222	林洋能源	0.00	7.97	0.00	7.96	7.97	425	425	0.00	          0.00	7.97	7.97	7.97	7.97	    29.79	338725	  0.57	电器仪表	江苏	0.00	7.97	213	
601231	环旭电子	1.01	10.98	0.11	10.98	10.99	838	838	0.00	          0.00	10.98	10.98	10.98	10.87	    33.74	920475	  3.73	元器件	上海	0.00	10.98	419	
601233	桐昆股份	-0.13	14.88	-0.02	14.88	14.90	149	149	0.00	          0.00	14.88	14.88	14.88	14.90	    24.56	221712	  0.27	化纤	浙江	0.00	14.88	75	
601238	广汽集团	-0.04	26.05	-0.01	26.05	26.09	169	169	0.00	          0.00	26.05	26.05	26.05	26.06	    22.52	440245	  0.77	汽车整车	广东	0.00	26.05	85	
601288	农业银行	-0.31	3.25	-0.01	3.25	3.26	24363	24363	0.00	          0.00	3.25	3.25	3.25	3.26	     5.14	7917975	  4.29	银行	北京	0.00	3.25	12182	
601311	骆驼股份	0.18	17.04	0.03	17.04	17.05	24	24	0.00	          0.00	17.04	17.04	17.04	17.01	    33.45	40896	  0.08	电气设备	湖北	0.00	17.04	12	
601313	江南嘉捷	-0.25	12.03	-0.03	12.02	12.03	26	26	0.00	          0.00	12.03	12.03	12.03	12.06	    27.51	31278	  0.21	运输设备	江苏	0.00	12.03	13	
601318	中国平安	0.06	35.99	0.02	35.99	36.00	2714	2714	0.00	          0.00	35.99	35.99	35.99	35.97	     8.73	9769306	  2.32	保险	深圳	0.00	35.99	1357	
601328	交通银行	0.00	6.22	0.00	6.21	6.22	1225	1225	0.00	          0.00	6.22	6.22	6.22	6.22	     6.59	761950	  0.65	银行	上海	0.00	6.22	613	
601333	广深铁路	0.00	5.43	0.00	5.43	5.44	978	978	0.00	          0.00	5.43	5.43	5.43	5.43	    26.48	531059	  0.66	铁路	深圳	0.00	5.43	489	
601336	新华保险	-0.23	43.79	-0.10	43.78	43.79	61	61	0.00	          0.00	43.79	43.79	43.79	43.89	    21.41	267119	  0.27	保险	北京	0.00	43.79	31	
601368	绿城水务	-0.17	11.87	-0.02	11.87	11.93	188	188	0.00	          0.01	11.87	11.87	11.87	11.89	    32.10	223156	  1.40	水务	广西	0.00	11.87	94	
601375	中原证券	-0.56	10.70	-0.06	10.68	10.70	2271	2271	0.00	          0.03	10.70	10.70	10.70	10.76	    57.28	2429970	  0.38	证券	河南	0.00	10.70	1136	
601377	兴业证券	-0.13	7.83	-0.01	7.82	7.83	981	981	0.00	          0.00	7.83	7.83	7.83	7.84	    19.23	768123	  0.92	证券	福建	0.00	7.83	491	
601390	中国中铁	-0.11	8.71	-0.01	8.71	8.72	549	549	0.00	          0.00	8.71	8.71	8.71	8.72	    16.14	478179	  0.37	建筑施工	北京	0.00	8.71	275	
601398	工商银行	-0.21	4.73	-0.01	4.72	4.72	0	0	--  	          0.00	--  	--  	--  	4.73	     5.68	0	  0.60	银行	北京	0.00	4.73	0	
601515	东风股份	--  	12.05	--  	12.01	12.03	0	0	--  	          0.00	--  	--  	--  	12.05	    22.34	0	  0.00	广告包装	广东	0.00	12.05	0	
601555	东吴证券	0.08	13.06	0.01	13.05	13.06	613	613	0.00	          0.00	13.06	13.06	13.06	13.05	    23.51	800578	  0.88	证券	江苏	0.00	13.06	307	
601567	三星医疗	0.00	12.13	0.00	12.13	12.15	35	35	0.00	          0.00	12.13	12.13	12.13	12.13	    35.81	42455	  0.46	电器仪表	浙江	0.00	12.13	18	
601588	北辰实业	0.78	5.16	0.04	5.15	5.16	680	680	0.00	          0.00	5.16	5.16	5.16	5.12	    30.70	350880	  0.74	区域地产	北京	0.00	5.16	340	
601600	中国铝业	0.00	4.90	0.00	4.89	4.90	2793	2793	0.00	          0.00	4.90	4.90	4.90	4.90	   507.82	1368570	  0.86	铝	北京	0.00	4.90	1397	
601601	中国太保	-0.07	27.79	-0.02	27.78	27.79	220	220	0.00	          0.00	27.79	27.79	27.79	27.81	    21.39	611380	  0.39	保险	上海	0.00	27.79	110	
601607	上海医药	0.32	21.64	0.07	21.60	21.64	79	79	0.00	          0.00	21.64	21.64	21.64	21.57	    17.76	170956	  0.28	医药商业	上海	0.00	21.64	40	
601608	中信重工	0.00	5.55	0.00	5.55	5.56	366	365	0.00	          0.00	5.55	5.55	5.55	5.55	--  	202853	  0.36	专用机械	河南	0.00	5.55	183	
601611	中国核建	0.18	17.15	0.03	17.13	17.15	718	718	0.00	          0.01	17.15	17.15	17.15	17.12	    67.12	1231370	  0.90	建筑施工	北京	0.00	17.15	359	
601618	中国中冶	0.41	4.93	0.02	4.92	4.93	2958	2958	0.00	          0.00	4.93	4.93	4.93	4.91	    22.83	1458294	  1.43	建筑施工	北京	0.00	4.93	1479	
601628	中国人寿	-0.52	25.01	-0.13	25.01	25.10	423	423	0.00	          0.00	25.01	25.01	25.01	25.14	    39.19	1057923	  0.98	保险	北京	0.00	25.01	212	
601633	长城汽车	0.00	12.98	0.00	12.98	12.99	387	387	0.00	          0.00	12.98	12.98	12.98	12.98	    12.33	502326	  0.56	汽车整车	河北	0.00	12.98	194	
601636	旗滨集团	0.23	4.38	0.01	4.37	4.38	624	624	0.00	          0.00	4.38	4.38	4.38	4.37	    19.83	273312	  0.63	玻璃	湖南	0.00	4.38	312	
601666	平煤股份	0.00	5.72	0.00	5.71	5.72	1361	1361	0.00	          0.01	5.72	5.72	5.72	5.72	   104.64	778492	  1.88	煤炭开采	河南	0.00	5.72	681	
601668	中国建筑	0.12	8.68	0.01	8.67	8.68	2616	2616	0.00	          0.00	8.68	8.68	8.68	8.67	     7.89	2270688	  0.30	建筑施工	北京	0.00	8.68	1308	
601669	中国电建	-0.27	7.29	-0.02	7.29	7.30	638	638	0.00	          0.00	7.29	7.29	7.29	7.31	    14.04	465102	  0.40	建筑施工	北京	0.00	7.29	319	
601678	滨化股份	0.28	7.16	0.02	7.18	7.18	0	0	--  	          0.00	--  	--  	--  	7.16	    23.71	0	  5.39	化工原料	山东	0.00	7.16	0	
601688	华泰证券	-0.06	17.86	-0.01	17.85	17.86	391	391	0.00	          0.00	17.86	17.86	17.86	17.87	    19.95	698326	  0.42	证券	江苏	0.00	17.86	196	
601689	拓普集团	2.02	33.88	0.67	33.86	33.88	600	600	0.00	          0.04	33.88	33.88	33.88	33.21	    38.93	2032800	  3.23	汽车配件	浙江	0.00	33.88	300	
601699	潞安环能	-0.11	8.90	-0.01	8.88	8.90	1257	1257	0.00	          0.00	8.90	8.90	8.90	8.91	   221.19	1118730	  1.11	煤炭开采	山西	0.00	8.90	629	
601700	风范股份	--  	8.47	--  	--  	--  	0	0	--  	          0.00	--  	--  	--  	8.47	    41.35	0	  0.00	电气设备	江苏	0.00	8.47	0	
601717	郑煤机	0.00	8.90	0.00	8.89	8.90	520	520	0.00	          0.00	8.90	8.90	8.90	8.90	    84.44	462800	  0.58	工程机械	河南	0.00	8.90	260	
601718	际华集团	-0.11	8.82	-0.01	8.82	8.83	80	80	0.00	          0.00	8.82	8.82	8.82	8.83	    33.16	70560	  0.08	服饰	北京	0.00	8.82	40	
601727	上海电气	--  	8.42	--  	--  	--  	0	0	--  	          0.00	--  	--  	--  	8.42	    47.95	0	  0.00	电气设备	上海	0.00	8.42	0	
601766	中国中车	0.00	10.12	0.00	10.11	10.12	1234	1234	0.00	          0.00	10.12	10.12	10.12	10.12	    28.97	1248808	  0.64	运输设备	北京	0.00	10.12	617	
601777	力帆股份	-0.43	9.25	-0.04	9.25	9.26	99	99	0.00	          0.00	9.25	9.25	9.25	9.29	    46.78	91575	  0.15	摩托车	重庆	0.00	9.25	50	
601788	光大证券	-0.06	15.83	-0.01	15.82	15.82	0	0	--  	          0.00	--  	--  	--  	15.83	    22.94	0	  0.13	证券	上海	0.00	15.83	0	
601789	宁波建工	-0.43	6.91	-0.03	6.91	6.92	476	476	0.00	          0.00	6.91	6.91	6.91	6.94	    38.34	328916	  1.16	建筑施工	浙江	0.00	6.91	238	
601799	星宇股份	1.32	39.99	0.52	39.31	39.99	210	210	0.00	          0.01	39.99	39.99	39.99	39.47	    34.44	839790	  4.29	汽车配件	江苏	0.00	39.99	105	
601800	中国交建	0.00	17.37	0.00	17.35	17.37	379	379	0.00	          0.00	17.37	17.37	17.37	17.37	    18.69	658323	  0.39	建筑施工	北京	0.00	17.37	190	
601801	皖新传媒	0.00	18.45	0.00	18.45	18.48	129	129	0.00	          0.00	18.45	18.45	18.45	18.45	    38.58	238005	  0.12	出版业	安徽	0.00	18.45	65	
601808	中海油服	0.15	12.98	0.02	12.95	12.98	69	69	0.00	          0.00	12.98	12.98	12.98	12.96	--  	89562	  0.40	石油开采	天津	0.00	12.98	35	
601811	新华文轩	0.50	22.25	0.11	22.18	22.25	377	377	0.00	          0.04	22.25	22.25	22.25	22.14	    42.79	838825	  1.20	出版业	四川	0.00	22.25	189	
601818	光大银行	-0.47	4.22	-0.02	4.20	4.20	0	0	--  	          0.00	--  	--  	--  	4.22	     6.05	0	  0.47	银行	北京	0.00	4.22	0	
601857	中国石油	0.00	7.97	0.00	7.96	7.97	448	448	0.00	          0.00	7.97	7.97	7.97	7.97	   634.58	357056	  0.27	石油开采	北京	0.00	7.97	224	
601866	中远海发	-0.24	4.10	-0.01	4.09	4.09	0	0	--  	          0.00	--  	--  	--  	4.10	--  	0	  0.35	水运	上海	0.00	4.10	0	
601872	招商轮船	-0.19	5.23	-0.01	5.23	5.24	191	191	0.00	          0.00	5.23	5.23	5.23	5.24	    11.75	99893	  0.18	水运	上海	0.00	5.23	96	
601877	正泰电器	-0.05	20.30	-0.01	20.29	20.29	0	0	--  	          0.00	--  	--  	--  	20.30	    25.27	0	  1.00	电气设备	浙江	0.00	20.30	0	
601880	大连港	-0.34	2.90	-0.01	2.90	2.91	1313	1313	0.00	          0.00	2.90	2.90	2.90	2.91	    81.15	380770	  0.89	港口	辽宁	0.00	2.90	657	
601881	中国银河	-0.23	13.18	-0.03	13.18	13.19	1086	1086	0.00	          0.02	13.18	13.18	13.18	13.21	    28.23	1431348	  0.42	证券	北京	0.00	13.18	543	
601886	江河集团	-0.37	10.63	-0.04	10.62	10.63	92	92	0.00	          0.00	10.63	10.63	10.63	10.67	    28.64	97796	  0.58	装修装饰	北京	0.00	10.63	46	
601888	中国国旅	0.02	49.91	0.01	49.91	50.00	158	157	0.00	          0.00	49.91	49.91	49.91	49.90	    25.02	787430	  0.95	旅游服务	北京	0.00	49.91	79	
601890	亚星锚链	0.33	9.05	0.03	9.04	9.05	367	367	0.00	          0.00	9.05	9.05	9.05	9.02	   134.61	332135	  0.61	船舶	江苏	0.00	9.05	184	
601898	中煤能源	-0.34	5.86	-0.02	5.86	5.88	441	441	0.00	          0.00	5.86	5.86	5.86	5.88	    65.20	258426	  0.55	煤炭开采	北京	0.00	5.86	221	
601899	紫金矿业	-0.29	3.46	-0.01	3.45	3.45	0	0	--  	          0.00	--  	--  	--  	3.46	    39.24	0	  0.65	黄金	福建	0.00	3.46	0	
601901	方正证券	-0.35	8.51	-0.03	8.51	8.52	400	400	0.00	          0.00	8.51	8.51	8.51	8.54	    19.71	340400	  0.20	证券	湖南	0.00	8.51	200	
601908	京运通	0.00	6.74	0.00	6.73	6.74	2746	2746	0.00	          0.01	6.74	6.74	6.74	6.74	    33.56	1850804	  8.72	半导体	北京	0.00	6.74	1373	
601919	中远海控	-0.17	5.84	-0.01	5.83	5.84	261	261	0.00	          0.00	5.84	5.84	5.84	5.85	--  	152424	  0.18	水运	天津	0.00	5.84	131	
601928	凤凰传媒	0.10	10.43	0.01	10.42	10.43	215	215	0.00	          0.00	10.43	10.43	10.43	10.42	    23.40	224245	  0.70	出版业	江苏	0.00	10.43	108	
601933	永辉超市	0.00	5.59	0.00	5.59	5.60	4733	4733	0.00	          0.01	5.59	5.59	5.59	5.59	    49.20	2645747	  1.68	超市连锁	福建	0.00	5.59	2367	
601939	建设银行	-0.17	5.92	-0.01	5.92	5.93	2232	2232	0.00	          0.00	5.92	5.92	5.92	5.93	     5.73	1321344	  1.21	银行	北京	0.00	5.92	1116	
601958	金钼股份	0.00	8.11	0.00	8.10	8.11	72	72	0.00	          0.00	8.11	8.11	8.11	8.11	--  	58392	  0.15	小金属	陕西	0.00	8.11	36	
601968	宝钢包装	-0.21	9.52	-0.02	9.51	9.52	90	90	0.00	          0.00	9.52	9.52	9.52	9.54	   476.23	85680	  0.26	广告包装	上海	0.00	9.52	45	
601985	中国核电	-0.14	7.16	-0.01	7.16	7.17	672	672	0.00	          0.00	7.16	7.16	7.16	7.17	    22.22	481152	  0.46	新型电力	北京	0.00	7.16	336	
601988	中国银行	0.00	3.67	0.00	3.66	3.67	1968	1968	0.00	          0.00	3.67	3.67	3.67	3.67	     6.01	722256	  0.46	银行	北京	0.00	3.67	984	
601989	中国重工	0.14	7.35	0.01	7.34	7.35	1450	1450	0.00	          0.00	7.35	7.35	7.35	7.34	   119.53	1065750	  0.33	船舶	北京	0.00	7.35	725	
601991	大唐发电	0.00	4.73	0.00	4.72	4.73	403	403	0.00	          0.00	4.73	4.73	4.73	4.73	--  	190619	  0.24	火力发电	北京	0.00	4.73	202	
601992	金隅股份	0.00	4.76	0.00	4.75	4.76	1461	1461	0.00	          0.00	4.76	4.76	4.76	4.76	    16.79	695436	  0.63	水泥	北京	0.00	4.76	731	
601998	中信银行	-0.30	6.74	-0.02	6.74	6.75	1063	1063	0.00	          0.00	6.74	6.74	6.74	6.76	     7.16	716462	  1.68	银行	北京	0.00	6.74	532	
603000	人民网	0.00	16.36	0.00	16.36	16.37	93	93	0.00	          0.00	16.36	16.36	16.36	16.36	   180.60	152148	  0.44	互联网	北京	0.00	16.36	47	
603008	喜临门	0.42	21.28	0.09	21.22	21.28	86	86	0.00	          0.00	21.28	21.28	21.28	21.19	    43.17	183008	  0.26	家居用品	浙江	0.00	21.28	43	
603019	中科曙光	0.73	27.64	0.20	27.62	27.64	357	357	0.00	          0.01	27.64	27.64	27.64	27.44	   178.78	986748	  0.77	电脑设备	天津	0.00	27.64	179	
603025	大豪科技	--  	34.43	--  	34.43	34.66	0	0	--  	          0.00	--  	--  	--  	34.43	    64.46	0	  0.00	电脑设备	北京	0.00	34.43	0	
603077	和邦生物	0.19	5.21	0.01	5.21	5.22	879	879	0.00	          0.00	5.21	5.21	5.21	5.20	    84.60	457959	  0.79	化工原料	四川	0.00	5.21	440	
603108	润达医疗	--  	32.29	--  	--  	--  	0	0	--  	          0.00	--  	--  	--  	32.29	    91.97	0	  0.00	医药商业	上海	0.00	32.29	0	
603111	康尼机电	--  	14.70	--  	--  	--  	0	0	--  	          0.00	--  	--  	--  	14.70	    47.00	0	  0.00	运输设备	江苏	0.00	14.70	0	
603116	红蜻蜓	-0.38	20.80	-0.08	20.80	20.83	210	210	0.00	          0.01	20.80	20.80	20.80	20.88	    31.27	436800	  0.89	服饰	浙江	0.00	20.80	105	
603118	共进股份	-0.47	37.97	-0.18	37.97	38.01	97	97	0.00	          0.01	37.97	37.97	37.97	38.15	    38.34	368309	  0.72	通信设备	深圳	0.00	37.97	49	
603126	中材节能	-0.45	13.34	-0.06	13.33	13.34	79	79	0.00	          0.00	13.34	13.34	13.34	13.40	    62.52	105386	  0.28	环境保护	天津	0.00	13.34	40	
603128	华贸物流	-0.21	9.45	-0.02	9.45	9.46	80	80	0.00	          0.00	9.45	9.45	9.45	9.47	    32.97	75600	  0.33	仓储物流	上海	0.00	9.45	40	
603168	莎普爱思	0.07	40.28	0.03	40.28	40.39	4	3	0.00	          0.00	40.28	40.28	40.28	40.25	    25.83	14098	  0.08	化学制药	浙江	0.00	40.28	2	
603169	兰石重装	--  	13.36	--  	--  	--  	0	0	--  	          0.00	--  	--  	--  	13.36	   421.82	0	  0.00	专用机械	甘肃	0.00	13.36	0	
603188	亚邦股份	0.32	18.57	0.06	18.56	18.57	148	148	0.00	          0.00	18.57	18.57	18.57	18.51	    15.86	274836	  0.91	染料涂料	江苏	0.00	18.57	74	
603198	迎驾贡酒	0.18	22.10	0.04	22.10	22.12	72	72	0.00	          0.00	22.10	22.10	22.10	22.06	    28.00	159120	  0.60	白酒	安徽	0.00	22.10	36	
603288	海天味业	-0.41	31.79	-0.13	31.71	31.79	121	121	0.00	          0.00	31.79	31.79	31.79	31.92	    31.62	384659	  1.36	食品	广东	0.00	31.79	61	
603306	华懋科技	-0.19	36.20	-0.07	36.19	36.20	41	41	0.00	          0.01	36.20	36.20	36.20	36.27	    32.22	148420	  0.49	汽车配件	福建	0.00	36.20	21	
603308	应流股份	0.25	19.85	0.05	19.85	19.86	29	29	0.00	          0.00	19.85	19.85	19.85	19.80	   125.49	57565	  0.15	专用机械	安徽	0.00	19.85	15	
603328	依顿电子	-0.16	31.60	-0.05	31.51	31.60	185	185	0.00	          0.02	31.60	31.60	31.60	31.65	    28.30	584600	  1.89	元器件	广东	0.00	31.60	93	
603338	浙江鼎力	0.42	52.91	0.22	52.91	52.95	16	16	0.00	          0.00	52.91	52.91	52.91	52.69	    49.19	84656	  0.37	专用机械	浙江	0.00	52.91	8	
603339	四方冷链	0.41	34.46	0.14	34.46	34.47	242	242	0.00	          0.05	34.46	34.46	34.46	34.32	    64.98	833932	  2.20	专用机械	江苏	0.00	34.46	121	
603355	莱克电气	-0.22	49.00	-0.11	48.90	49.00	40	40	0.00	          0.01	49.00	49.00	49.00	49.11	    44.03	196000	  0.82	电气设备	江苏	0.00	49.00	20	
603368	柳州医药	0.42	81.95	0.34	81.95	81.98	31	31	0.00	          0.01	81.95	81.95	81.95	81.61	    38.07	254045	  0.55	医药商业	广西	0.00	81.95	16	
603369	今世缘	-0.29	13.97	-0.04	13.97	13.98	79	79	0.00	          0.00	13.97	13.97	13.97	14.01	    20.33	110363	  0.19	白酒	江苏	0.00	13.97	40	
603508	思维列控	-0.44	66.12	-0.29	66.12	66.15	14	14	0.00	          0.00	66.12	66.12	66.12	66.41	    74.22	92568	  0.24	软件服务	河南	0.00	66.12	7	
603528	多伦科技	-0.11	69.82	-0.08	69.82	69.88	95	95	0.00	          0.02	69.82	69.82	69.82	69.90	    44.25	663290	  0.86	软件服务	江苏	0.00	69.82	48	
603567	珍宝岛	0.00	21.00	0.00	21.00	21.02	43	43	0.00	          0.00	21.00	21.00	21.00	21.00	    35.26	90300	  0.25	中成药	黑龙江	0.00	21.00	22	
603568	伟明环保	-0.20	24.49	-0.05	24.44	24.49	31	31	0.00	          0.00	24.49	24.49	24.49	24.54	    48.68	75919	  0.27	环境保护	浙江	0.00	24.49	16	
603588	高能环境	0.07	30.38	0.02	30.38	30.44	8	7	0.00	          0.00	30.38	30.38	30.38	30.36	   100.14	24152	  0.06	环境保护	北京	0.00	30.38	4	
603589	口子窖	0.03	35.90	0.01	35.90	35.95	215	215	0.00	          0.01	35.90	35.90	35.90	35.89	    22.68	771850	  0.93	白酒	安徽	0.00	35.90	108	
603599	广信股份	-0.12	16.87	-0.02	16.86	16.87	8	8	0.00	          0.00	16.87	16.87	16.87	16.89	    32.77	13496	  0.04	农药化肥	安徽	0.00	16.87	4	
603600	永艺股份	10.00	56.85	5.17	56.85	--  	2984	2984	0.00	          0.71	56.85	56.85	56.85	51.68	    47.29	16964552	 59.68	家居用品	浙江	0.00	56.85	1492	
603609	禾丰牧业	-0.38	13.10	-0.05	13.10	13.11	50	50	0.00	          0.00	13.10	13.10	13.10	13.15	    27.58	65500	  0.28	饲料	辽宁	0.00	13.10	25	
603618	杭电股份	-0.24	12.26	-0.03	12.26	12.27	26	26	0.00	          0.00	12.26	12.26	12.26	12.29	    51.96	31876	  0.12	电气设备	浙江	0.00	12.26	13	
603669	灵康药业	-0.14	29.42	-0.04	29.42	29.46	3	3	0.00	          0.00	29.42	29.42	29.42	29.46	    56.62	8826	  0.05	化学制药	西藏	0.00	29.42	2	
603686	龙马环卫	0.41	31.66	0.13	31.55	31.66	18	18	0.00	          0.00	31.66	31.66	31.66	31.53	    42.56	56988	  0.31	专用机械	福建	0.00	31.66	9	
603698	航天工程	--  	29.87	--  	29.88	30.10	0	0	--  	          0.00	--  	--  	--  	29.87	   212.73	0	  0.00	专用机械	北京	0.00	29.87	0	
603699	纽威股份	-0.18	16.90	-0.03	16.90	16.93	17	17	0.00	          0.00	16.90	16.90	16.90	16.93	    49.12	28730	  0.34	专用机械	江苏	0.00	16.90	9	
603737	三棵树	--  	71.23	--  	71.22	71.23	0	0	--  	          0.00	--  	--  	--  	71.23	   102.14	0	  0.00	染料涂料	福建	0.00	71.23	0	
603766	隆鑫通用	0.19	21.45	0.04	21.43	21.45	198	198	0.00	          0.00	21.45	21.45	21.45	21.41	    20.82	424710	  0.87	摩托车	重庆	0.00	21.45	99	
603798	康普顿	0.22	59.61	0.13	59.61	59.77	270	270	0.00	          0.11	59.61	59.61	59.61	59.48	    47.21	1609470	  4.15	石油加工	山东	0.00	59.61	135	
603806	福斯特	0.18	49.26	0.09	49.17	49.28	10	10	0.00	          0.00	49.26	49.26	49.26	49.17	    24.26	49260	  0.15	塑料	浙江	0.00	49.26	5	
603818	曲美家居	-0.45	17.54	-0.08	17.52	17.54	58	58	0.00	          0.00	17.54	17.54	17.54	17.62	    47.80	101732	  0.29	家居用品	北京	0.00	17.54	29	
603861	白云电器	-0.21	28.30	-0.06	28.20	28.30	8	8	0.00	          0.00	28.30	28.30	28.30	28.36	   126.91	22640	  0.10	电气设备	广东	0.00	28.30	4	
603866	桃李面包	0.27	43.81	0.12	43.31	43.81	28	28	0.00	          0.00	43.81	43.81	43.81	43.69	    45.49	122668	  1.22	食品	辽宁	0.00	43.81	14	
603868	飞科电器	-0.58	48.00	-0.28	47.95	48.00	79	79	0.00	          0.02	48.00	48.00	48.00	48.28	    37.32	379200	  0.81	家用电器	上海	0.00	48.00	40	
603883	老百姓	0.00	45.45	0.00	45.45	45.46	42	42	0.00	          0.00	45.45	45.45	45.45	45.45	    43.70	190890	  1.11	医药商业	湖南	0.00	45.45	21	
603885	吉祥航空	0.00	24.50	0.00	24.50	24.53	21	21	0.00	          0.00	24.50	24.50	24.50	24.50	    18.65	51450	  0.25	空运	上海	0.00	24.50	11	
603898	好莱客	0.03	36.58	0.01	36.40	36.72	1	1	0.00	          0.00	36.58	36.58	36.58	36.57	    53.52	3658	  0.01	家居用品	广东	0.00	36.58	1	
603899	晨光文具	0.00	18.05	0.00	18.00	18.05	2	2	0.00	          0.00	18.05	18.05	18.05	18.05	    31.51	3610	  0.04	文教休闲	上海	0.00	18.05	1	
603939	益丰药房	-0.03	29.44	-0.01	29.26	29.44	15	15	0.00	          0.00	29.44	29.44	29.44	29.45	    50.25	44160	  0.27	医药商业	湖南	0.00	29.44	8	
603979	金诚信	0.36	19.78	0.07	19.78	19.79	138	138	0.00	          0.01	19.78	19.78	19.78	19.71	    40.54	272964	  0.85	建筑施工	北京	0.00	19.78	69	
603989	艾华集团	--  	35.99	--  	35.84	35.90	0	0	--  	          0.00	--  	--  	--  	35.99	    40.36	0	  0.00	元器件	湖南	0.00	35.99	0	
603993	洛阳钼业	0.20	4.92	0.01	4.91	4.92	4776	4776	0.00	          0.00	4.92	4.92	4.92	4.91	   106.79	2349792	  0.85	小金属	河南	0.00	4.92	2388	
603997	继峰股份	-0.45	22.06	-0.10	22.06	22.15	17	17	0.00	          0.00	22.06	22.06	22.06	22.16	    39.24	37502	  0.11	汽车配件	浙江	0.00	22.06	9	
数据来源:通达信
