代码	名称	涨幅%%	现价	涨跌	买价	卖价	总量	现量	涨速%%	换手%%	今开	最高	最低	昨收	市盈(动)	总金额	量比	细分行业	地区	振幅%%	均价	内盘	
000150	宜华健康	0.21	28.52	0.06	28.51	28.52	98	98	0.00	          0.00	28.52	28.52	28.52	28.46	     9.91	279496	  0.71	医疗保健	广东	0.00	28.52	49	
000333	美的集团	0.12	33.94	0.04	33.93	33.94	1188	1188	0.00	          0.00	33.94	33.94	33.94	33.90	    12.77	4032072	  0.79	家用电器	广东	0.00	33.94	594	
000540	中天城投	1.04	6.77	0.07	6.77	6.78	4902	4902	0.00	          0.01	6.77	6.77	6.77	6.70	    11.62	3318932	  5.07	区域地产	贵州	0.00	6.77	2451	
000625	长安汽车	0.51	15.70	0.08	15.70	15.71	3473	3473	0.00	          0.01	15.70	15.70	15.70	15.62	     7.31	5452610	  1.99	汽车整车	重庆	0.00	15.70	1737	
000651	格力电器	0.03	28.88	0.01	28.88	28.89	2880	2879	0.00	          0.00	28.88	28.88	28.88	28.87	    11.60	8316776	  0.95	家用电器	广东	0.00	28.88	1440	
000848	承德露露	-0.09	11.24	-0.01	11.23	11.24	77	77	0.00	          0.00	11.24	11.24	11.24	11.25	    22.66	86548	  0.34	软饮料	河北	0.00	11.24	39	
000863	三湘印象	0.11	8.89	0.01	8.85	8.89	30	30	0.00	          0.00	8.89	8.89	8.89	8.88	    20.52	26670	  0.14	区域地产	上海	0.00	8.89	15	
000895	双汇发展	-0.18	21.75	-0.04	21.73	21.75	176	176	0.00	          0.00	21.75	21.75	21.75	21.79	    16.42	382800	  0.52	食品	河南	0.00	21.75	88	
000957	中通客车	-0.06	16.38	-0.01	16.35	16.38	273	273	0.00	          0.01	16.38	16.38	16.38	16.39	    16.00	447174	  0.50	汽车整车	山东	0.00	16.38	137	
000963	华东医药	0.06	83.45	0.05	83.45	83.63	30	30	0.00	          0.00	83.45	83.45	83.45	83.40	    28.04	250350	  0.17	化学制药	浙江	0.00	83.45	15	
002019	亿帆医药	0.00	16.73	0.00	16.73	16.77	84	84	0.00	          0.00	16.73	16.73	16.73	16.73	    25.74	140532	  0.14	化学制药	浙江	0.00	16.73	42	
002074	国轩高科	0.06	34.06	0.02	34.05	34.06	407	407	0.00	          0.01	34.06	34.06	34.06	34.04	    30.40	1386242	  0.73	电气设备	江苏	0.00	34.06	204	
002085	万丰奥威	0.00	19.28	0.00	19.28	19.30	35	35	0.00	          0.00	19.28	19.28	19.28	19.28	    37.18	67480	  0.19	汽车配件	浙江	0.00	19.28	18	
002108	沧州明珠	-0.13	23.30	-0.03	23.28	23.30	335	335	0.00	          0.01	23.30	23.30	23.30	23.33	    28.96	780550	  0.41	塑料	河北	0.00	23.30	168	
002110	三钢闽光	0.30	13.50	0.04	13.50	13.53	276	276	0.00	          0.01	13.50	13.50	13.50	13.46	    26.57	372600	  0.59	普钢	福建	0.00	13.50	138	
002124	天邦股份	0.68	11.80	0.08	11.79	11.80	354	354	0.00	          0.01	11.80	11.80	11.80	11.72	    16.50	417720	  1.36	饲料	浙江	0.00	11.80	177	
002143	印纪传媒	--  	38.20	--  	--  	--  	0	0	--  	          0.00	--  	--  	--  	38.20	    80.02	0	  0.00	影视音像	四川	0.00	38.20	0	
002157	正邦科技	0.00	6.28	0.00	6.27	6.28	399	399	0.00	          0.00	6.28	6.28	6.28	6.28	    11.91	250572	  0.75	饲料	江西	0.00	6.28	200	
002180	艾派克	-0.21	28.49	-0.06	28.36	28.49	6	6	0.00	          0.00	28.49	28.49	28.49	28.55	    84.07	17094	  0.05	电脑设备	广东	0.00	28.49	3	
002223	鱼跃医疗	-0.25	31.37	-0.08	31.37	31.39	52	52	0.00	          0.00	31.37	31.37	31.37	31.45	    36.40	163124	  0.47	医疗保健	江苏	0.00	31.37	26	
002234	民和股份	0.15	20.11	0.03	20.10	20.11	214	214	0.00	          0.01	20.11	20.11	20.11	20.08	    18.23	430354	  0.45	农业综合	山东	0.00	20.11	107	
002294	信立泰	-0.07	28.25	-0.02	28.23	28.25	66	66	0.00	          0.00	28.25	28.25	28.25	28.27	    21.32	186450	  0.58	化学制药	深圳	0.00	28.25	33	
002304	洋河股份	0.43	86.68	0.37	86.35	86.68	25	25	0.00	          0.00	86.68	86.68	86.68	86.31	    20.25	216700	  0.17	白酒	江苏	0.00	86.68	13	
002366	台海核电	0.04	47.76	0.02	47.76	47.89	37	37	0.00	          0.00	47.76	47.76	47.76	47.74	    43.90	176712	  0.36	专用机械	四川	0.00	47.76	19	
002407	多氟多	-0.09	31.59	-0.03	31.58	31.59	1029	1029	0.00	          0.02	31.59	31.59	31.59	31.62	    38.37	3250611	  0.54	化工原料	河南	0.00	31.59	515	
002415	海康威视	0.07	30.20	0.02	30.20	30.22	246	245	0.00	          0.00	30.20	30.20	30.20	30.18	    28.74	742890	  0.37	电器仪表	浙江	0.00	30.20	123	
002458	益生股份	1.07	32.22	0.34	32.20	32.22	583	583	0.00	          0.04	32.22	32.22	32.22	31.88	    15.96	1878426	  1.91	农业综合	山东	0.00	32.22	292	
002460	赣锋锂业	-0.77	37.41	-0.29	37.40	37.41	2617	2617	0.00	          0.05	37.41	37.41	37.41	37.70	    43.47	9790197	  0.94	小金属	江西	0.00	37.41	1309	
002466	天齐锂业	0.15	39.70	0.06	39.70	39.72	739	739	0.00	          0.01	39.70	39.70	39.70	39.64	    24.60	2933830	  0.45	小金属	四川	0.00	39.70	370	
002504	弘高创意	-0.12	8.01	-0.01	8.00	8.01	147	147	0.00	          0.00	8.01	8.01	8.01	8.02	    27.43	117747	  0.54	装修装饰	北京	0.00	8.01	74	
002508	老板电器	0.68	45.71	0.31	45.55	45.71	109	109	0.00	          0.00	45.71	45.71	45.71	45.40	    35.69	498239	  0.45	家用电器	浙江	0.00	45.71	55	
002517	恺英网络	-0.22	31.75	-0.07	31.65	31.75	27	27	0.00	          0.00	31.75	31.75	31.75	31.82	    39.56	85725	  0.47	互联网	福建	0.00	31.75	14	
002555	三七互娱	1.14	21.26	0.24	21.15	21.26	428	428	0.00	          0.01	21.26	21.26	21.26	21.02	    44.19	909928	  0.85	互联网	安徽	0.00	21.26	214	
002558	世纪游轮	0.00	80.23	0.00	80.00	80.23	29	29	0.00	          0.00	80.23	80.23	80.23	80.23	   127.43	232667	  0.33	旅游服务	重庆	0.00	80.23	15	
002595	豪迈科技	0.12	25.30	0.03	25.27	25.30	20	20	0.00	          0.00	25.30	25.30	25.30	25.27	    26.83	50600	  0.25	专用机械	山东	0.00	25.30	10	
002701	奥瑞金	0.12	8.70	0.01	8.70	8.71	187	187	0.00	          0.00	8.70	8.70	8.70	8.69	    15.02	162690	  0.29	广告包装	北京	0.00	8.70	94	
002709	天赐材料	-0.48	53.47	-0.26	53.42	53.47	272	272	0.00	          0.02	53.47	53.47	53.47	53.73	    41.16	1454384	  0.72	化工原料	广东	0.00	53.47	136	
002714	牧原股份	-0.19	26.55	-0.05	26.50	26.56	51	51	0.00	          0.00	26.55	26.55	26.55	26.60	    11.68	135405	  0.16	农业综合	河南	0.00	26.55	26	
002749	国光股份	-0.33	86.51	-0.29	86.51	86.66	23	23	0.00	          0.01	86.51	86.51	86.51	86.80	    38.49	198973	  0.49	农药化肥	四川	0.00	86.51	12	
300017	网宿科技	-6.90	49.90	-3.70	49.89	49.90	34506	34506	0.00	          0.68	49.90	49.90	49.90	53.60	    32.41	172184944	 57.61	电信运营	上海	0.00	49.90	17253	
300033	同花顺	0.37	68.50	0.25	68.50	68.52	162	162	0.00	          0.01	68.50	68.50	68.50	68.25	    30.39	1109700	  0.98	软件服务	浙江	0.00	68.50	81	
300043	星辉娱乐	0.10	9.96	0.01	9.95	9.96	62	62	0.00	          0.00	9.96	9.96	9.96	9.95	    25.04	61752	  0.20	文教休闲	广东	0.00	9.96	31	
300072	三聚环保	0.02	54.99	0.01	54.98	54.99	1857	1857	0.00	          0.02	54.99	54.99	54.99	54.98	    40.57	10211643	  3.33	环境保护	北京	0.00	54.99	929	
300113	顺网科技	-0.42	28.77	-0.12	28.77	28.80	144	144	0.00	          0.00	28.77	28.77	28.77	28.89	    37.36	414288	  0.59	互联网	浙江	0.00	28.77	72	
300121	阳谷华泰	0.30	16.99	0.05	16.98	16.99	96	96	0.00	          0.00	16.99	16.99	16.99	16.94	    31.34	163104	  0.68	化工原料	山东	0.00	16.99	48	
300136	信维通信	-0.33	33.05	-0.11	33.05	33.09	129	128	0.00	          0.00	33.05	33.05	33.05	33.16	    70.18	425320	  0.28	通信设备	深圳	0.00	33.05	64	
300208	恒顺众昇	-0.26	15.40	-0.04	15.38	15.40	65	65	0.00	          0.00	15.40	15.40	15.40	15.44	    42.22	100100	  0.40	电气设备	山东	0.00	15.40	33	
300221	银禧科技	0.05	18.74	0.01	18.74	18.75	196	195	0.00	          0.00	18.74	18.74	18.74	18.73	    61.32	366423	  0.60	塑料	广东	0.00	18.74	98	
300231	银信科技	0.11	18.05	0.02	18.04	18.05	39	39	0.00	          0.00	18.05	18.05	18.05	18.03	    52.28	70395	  0.15	软件服务	北京	0.00	18.05	20	
300252	金信诺	0.14	28.04	0.04	28.04	28.05	6	6	0.00	          0.00	28.04	28.04	28.04	28.00	    62.11	16824	  0.06	电气设备	深圳	0.00	28.04	3	
300267	尔康制药	0.29	14.00	0.04	14.00	14.05	26	26	0.00	          0.00	14.00	14.00	14.00	13.96	    29.94	36400	  0.14	化学制药	湖南	0.00	14.00	13	
300432	富临精工	-0.92	25.81	-0.24	25.81	25.98	341	341	0.00	          0.02	25.81	25.81	25.81	26.05	    61.34	880121	  0.95	汽车配件	四川	0.00	25.81	171	
300446	乐凯新材	1.82	39.80	0.71	39.79	39.80	5232	5232	0.00	          0.69	39.80	39.80	39.80	39.09	    45.26	20823360	 43.60	化工原料	河北	0.00	39.80	2616	
300450	先导智能	0.12	41.85	0.05	41.80	41.85	634	634	0.00	          0.04	41.85	41.85	41.85	41.80	    58.75	2653290	  1.09	专用机械	江苏	0.00	41.85	317	
300484	蓝海华腾	0.27	77.65	0.21	77.51	77.65	68	68	0.00	          0.03	77.65	77.65	77.65	77.44	    57.16	528020	  1.21	电气设备	深圳	0.00	77.65	34	
300497	富祥股份	0.00	66.00	0.00	65.88	66.00	18	18	0.00	          0.00	66.00	66.00	66.00	66.00	    42.11	118800	  0.28	化学制药	江西	0.00	66.00	9	
300498	温氏股份	-0.03	33.56	-0.01	33.55	33.56	105	105	0.00	          0.00	33.56	33.56	33.56	33.57	    10.10	352380	  0.28	农业综合	广东	0.00	33.56	53	
300512	中亚股份	0.00	30.70	0.00	30.70	30.75	15	15	0.00	          0.00	30.70	30.70	30.70	30.70	    51.94	46050	  0.09	专用机械	浙江	0.00	30.70	8	
300519	新光药业	-0.13	77.01	-0.10	77.01	77.02	95	95	0.00	          0.05	77.01	77.01	77.01	77.11	    54.67	731595	  2.79	中成药	浙江	0.00	77.01	48	
300522	世名科技	-0.71	85.21	-0.61	85.21	85.46	34	34	0.00	          0.02	85.21	85.21	85.21	85.82	    80.92	289714	  0.60	染料涂料	江苏	0.00	85.21	17	
300529	健帆生物	0.21	42.68	0.09	42.68	42.70	178	178	0.00	          0.04	42.68	42.68	42.68	42.59	    94.72	759704	  1.71	医疗保健	广东	0.00	42.68	89	
300533	冰川网络	0.11	118.80	0.13	118.73	118.80	128	128	0.00	          0.05	118.80	118.80	118.80	118.67	    77.26	1520640	  1.64	软件服务	深圳	0.00	118.80	64	
600053	九鼎投资	0.00	43.23	0.00	43.23	43.25	14	14	0.00	          0.00	43.23	43.23	43.23	43.23	    51.23	60522	  0.22	区域地产	江西	0.00	43.23	7	
600131	岷江水电	0.00	10.88	0.00	10.85	10.88	86	86	0.00	          0.00	10.88	10.88	10.88	10.88	    25.05	93568	  0.20	水力发电	四川	0.00	10.88	43	
600201	生物股份	0.90	34.65	0.31	34.34	34.65	101	101	0.00	          0.00	34.65	34.65	34.65	34.34	    32.85	349965	  0.62	生物制药	内蒙	0.00	34.65	51	
600236	桂冠电力	-0.16	6.34	-0.01	6.33	6.34	62	62	0.00	          0.00	6.34	6.34	6.34	6.35	    11.76	39308	  0.37	水力发电	广西	0.00	6.34	31	
600276	恒瑞医药	0.08	50.80	0.04	50.80	50.81	118	117	0.00	          0.00	50.80	50.80	50.80	50.76	    46.06	598475	  0.46	化学制药	江苏	0.00	50.80	59	
600309	万华化学	0.19	26.80	0.05	26.80	26.87	560	560	0.00	          0.00	26.80	26.80	26.80	26.75	    18.32	1500800	  0.60	化工原料	山东	0.00	26.80	280	
600338	西藏珠峰	0.50	30.10	0.15	30.01	30.10	115	115	0.00	          0.01	30.10	30.10	30.10	29.95	    30.23	346150	  1.04	铅锌	西藏	0.00	30.10	58	
600340	华夏幸福	0.11	27.36	0.03	27.36	27.39	971	971	0.00	          0.00	27.36	27.36	27.36	27.33	    13.17	2656656	  1.02	区域地产	河北	0.00	27.36	486	
600398	海澜之家	0.00	10.45	0.00	10.45	10.45	0	0	--  	          0.00	--  	--  	--  	10.45	    15.04	0	  0.73	服饰	江苏	0.00	10.45	0	
600477	杭萧钢构	-0.29	10.20	-0.03	10.17	10.20	141	141	0.00	          0.00	10.20	10.20	10.20	10.23	    27.04	143820	  0.20	钢加工	浙江	0.00	10.20	71	
600485	信威集团	--  	14.60	--  	--  	--  	0	0	--  	          0.00	--  	--  	--  	14.60	    22.52	0	  0.00	通信设备	北京	0.00	14.60	0	
600507	方大特钢	-0.39	7.64	-0.03	7.62	7.64	323	323	0.00	          0.00	7.64	7.64	7.64	7.67	    16.41	246772	  0.56	特种钢	江西	0.00	7.64	162	
600519	贵州茅台	0.00	371.55	0.00	371.00	371.55	84	84	0.00	          0.00	371.55	371.55	371.55	371.55	    28.08	3121020	  0.66	白酒	贵州	0.00	371.55	42	
600566	济川药业	0.00	30.88	0.00	30.88	30.98	6	6	0.00	          0.00	30.88	30.88	30.88	30.88	    27.73	18528	  0.07	中成药	湖北	0.00	30.88	3	
600681	百川能源	--  	16.37	--  	--  	--  	0	0	--  	          0.00	--  	--  	--  	16.37	    41.57	0	  0.00	供气供热	湖北	0.00	16.37	0	
600688	上海石化	-0.16	6.43	-0.01	6.43	6.44	451	451	0.00	          0.00	6.43	6.43	6.43	6.44	    12.61	289993	  0.35	石油加工	上海	0.00	6.43	226	
600690	青岛海尔	-0.09	11.29	-0.01	11.28	11.28	0	0	--  	          0.00	--  	--  	--  	11.29	    13.51	0	  1.04	家用电器	山东	0.00	11.29	0	
600724	宁波富达	0.17	5.99	0.01	5.98	5.99	152	152	0.00	          0.00	5.99	5.99	5.99	5.98	    14.76	91048	  0.54	区域地产	浙江	0.00	5.99	76	
600816	安信信托	-0.34	11.80	-0.04	11.79	11.80	1108	1108	0.00	          0.00	11.80	11.80	11.80	11.84	    17.73	1307440	  0.32	多元金融	上海	0.00	11.80	554	
600867	通化东宝	--  	21.39	--  	--  	--  	0	0	--  	          0.00	--  	--  	--  	21.39	    45.58	0	  0.00	生物制药	吉林	0.00	21.39	0	
600887	伊利股份	0.11	18.54	0.02	18.53	18.54	889	889	0.00	          0.00	18.54	18.54	18.54	18.52	    19.26	1648206	  0.49	乳制品	内蒙	0.00	18.54	445	
600975	新五丰	0.00	8.68	0.00	8.66	8.68	40	40	0.00	          0.00	8.68	8.68	8.68	8.68	    20.67	34720	  0.19	农业综合	湖南	0.00	8.68	20	
601012	隆基股份	0.13	14.87	0.02	14.86	14.87	1181	1181	0.00	          0.01	14.87	14.87	14.87	14.85	    19.18	1756147	  1.91	半导体	陕西	0.00	14.87	591	
601318	中国平安	0.06	35.99	0.02	35.99	36.00	2714	2714	0.00	          0.00	35.99	35.99	35.99	35.97	     8.73	9769306	  2.32	保险	深圳	0.00	35.99	1357	
601595	上海电影	-0.08	37.72	-0.03	37.66	37.72	63	63	0.00	          0.01	37.72	37.72	37.72	37.75	    59.39	237636	  0.30	影视音像	上海	0.00	37.72	32	
601633	长城汽车	0.00	12.98	0.00	12.98	12.99	387	387	0.00	          0.00	12.98	12.98	12.98	12.98	    12.33	502326	  0.56	汽车整车	河北	0.00	12.98	194	
601877	正泰电器	-0.05	20.30	-0.01	20.29	20.29	0	0	--  	          0.00	--  	--  	--  	20.30	    25.27	0	  1.00	电气设备	浙江	0.00	20.30	0	
601939	建设银行	-0.17	5.92	-0.01	5.92	5.93	2232	2232	0.00	          0.00	5.92	5.92	5.92	5.93	     5.73	1321344	  1.21	银行	北京	0.00	5.92	1116	
601966	玲珑轮胎	0.00	26.39	0.00	26.39	26.47	97	97	0.00	          0.00	26.39	26.39	26.39	26.39	    30.59	255983	  0.54	汽车配件	山东	0.00	26.39	49	
603168	莎普爱思	0.07	40.28	0.03	40.28	40.39	4	3	0.00	          0.00	40.28	40.28	40.28	40.25	    25.83	14098	  0.08	化学制药	浙江	0.00	40.28	2	
603288	海天味业	-0.41	31.79	-0.13	31.71	31.79	121	121	0.00	          0.00	31.79	31.79	31.79	31.92	    31.62	384659	  1.36	食品	广东	0.00	31.79	61	
603369	今世缘	-0.29	13.97	-0.04	13.97	13.98	79	79	0.00	          0.00	13.97	13.97	13.97	14.01	    20.33	110363	  0.19	白酒	江苏	0.00	13.97	40	
603528	多伦科技	-0.11	69.82	-0.08	69.82	69.88	95	95	0.00	          0.02	69.82	69.82	69.82	69.90	    44.25	663290	  0.86	软件服务	江苏	0.00	69.82	48	
603569	长久物流	-0.13	38.19	-0.05	38.19	38.21	24	24	0.00	          0.01	38.19	38.19	38.19	38.24	    50.18	91656	  0.28	仓储物流	北京	0.00	38.19	12	
603798	康普顿	0.22	59.61	0.13	59.61	59.77	270	270	0.00	          0.11	59.61	59.61	59.61	59.48	    47.21	1609470	  4.15	石油加工	山东	0.00	59.61	135	
603868	飞科电器	-0.58	48.00	-0.28	47.95	48.00	79	79	0.00	          0.02	48.00	48.00	48.00	48.28	    37.32	379200	  0.81	家用电器	上海	0.00	48.00	40	
603885	吉祥航空	0.00	24.50	0.00	24.50	24.53	21	21	0.00	          0.00	24.50	24.50	24.50	24.50	    18.65	51450	  0.25	空运	上海	0.00	24.50	11	
603986	兆易创新	10.00	215.35	19.58	215.35	--  	113	113	0.00	          0.05	215.35	215.35	215.35	195.77	   111.69	2433455	  0.41	半导体	北京	0.00	215.35	57	
数据来源:通达信
