代码	名称	涨幅%%	现价	涨跌	买价	卖价	总量	现量	涨速%%	换手%%	今开	最高	最低	昨收	市盈(动)	总金额	量比	细分行业	地区	振幅%%	均价	内盘	
000008	神州高铁	-0.23	8.65	-0.02	8.64	8.65	339	339	0.00	          0.00	8.65	8.65	8.65	8.67	    84.02	293235	  1.31	运输设备	北京	0.00	8.65	170	
000301	东方市场	--  	5.10	--  	--  	--  	0	0	--  	          0.00	--  	--  	--  	5.10	    31.74	0	  0.00	综合类	江苏	0.00	5.10	0	
000506	中润资源	0.68	10.43	0.07	10.42	10.43	1690	1690	0.00	          0.02	10.43	10.43	10.43	10.36	  1112.17	1762670	  2.39	区域地产	山东	0.00	10.43	845	
000520	长航凤凰	-0.12	8.05	-0.01	8.05	8.07	246	246	0.00	          0.00	8.05	8.05	8.05	8.06	--  	198030	  0.20	水运	湖北	0.00	8.05	123	
000533	万 家 乐	-0.20	10.20	-0.02	10.20	10.21	20	20	0.00	          0.00	10.20	10.20	10.20	10.22	   329.88	20400	  0.12	家用电器	广东	0.00	10.20	10	
000584	友利控股	--  	11.85	--  	--  	--  	0	0	--  	          0.00	--  	--  	--  	11.85	--  	0	  0.00	化纤	江苏	0.00	11.85	0	
000585	东北电气	0.12	8.41	0.01	8.40	8.41	97	97	0.00	          0.00	8.41	8.41	8.41	8.40	--  	81577	  0.15	电气设备	江苏	0.00	8.41	49	
000612	焦作万方	0.27	11.11	0.03	11.11	11.12	340	340	0.00	          0.00	11.11	11.11	11.11	11.08	   234.17	377740	  1.19	铝	河南	0.00	11.11	170	
000633	*ST合金	0.00	11.64	0.00	11.64	11.66	12	12	0.00	          0.00	11.64	11.64	11.64	11.64	--  	13968	  0.08	综合类	辽宁	0.00	11.64	6	
000635	英 力 特	-0.11	26.68	-0.03	26.66	26.68	250	250	0.00	          0.01	26.68	26.68	26.68	26.71	   146.97	667000	  0.74	化工原料	宁夏	0.00	26.68	125	
000678	襄阳轴承	-0.24	12.48	-0.03	12.48	12.55	50	50	0.00	          0.00	12.48	12.48	12.48	12.51	  2557.04	62712	  0.20	机械基件	湖北	0.00	12.48	25	
000679	大连友谊	0.15	13.18	0.02	13.16	13.18	32	32	0.00	          0.00	13.18	13.18	13.18	13.16	--  	42176	  0.23	百货	辽宁	0.00	13.18	16	
000690	宝新能源	0.00	9.26	0.00	9.25	9.26	780	780	0.00	          0.00	9.26	9.26	9.26	9.26	    27.17	722280	  1.61	火力发电	广东	0.00	9.26	390	
000710	*ST天仪	5.00	55.63	2.65	55.63	--  	6804	6804	0.00	          0.45	55.63	55.63	55.63	52.98	--  	37850652	 31.65	汽车配件	四川	0.00	55.63	3402	
000752	西藏发展	0.00	15.78	0.00	15.77	15.78	23	23	0.00	          0.00	15.78	15.78	15.78	15.78	   723.12	36294	  0.17	啤酒	西藏	0.00	15.78	12	
000755	山西三维	-0.24	8.19	-0.02	8.18	8.19	136	136	0.00	          0.00	8.19	8.19	8.19	8.21	--  	111384	  0.57	化工原料	山西	0.00	8.19	68	
000782	美达股份	-0.36	11.19	-0.04	11.19	11.23	193	193	0.00	          0.01	11.19	11.19	11.19	11.23	--  	215967	  0.33	化纤	广东	0.00	11.19	97	
000783	长江证券	-0.20	10.21	-0.02	10.20	10.21	410	410	0.00	          0.00	10.21	10.21	10.21	10.23	    24.28	418610	  0.58	证券	湖北	0.00	10.21	205	
000793	华闻传媒	0.09	10.86	0.01	10.86	10.88	457	457	0.00	          0.00	10.86	10.86	10.86	10.85	    23.65	496302	  0.54	出版业	海南	0.00	10.86	229	
000829	天音控股	--  	11.28	--  	--  	--  	0	0	--  	          0.00	--  	--  	--  	11.28	   132.17	0	  0.00	其他商业	江西	0.00	11.28	0	
000889	茂业通信	-0.06	17.34	-0.01	17.30	17.34	9	9	0.00	          0.00	17.34	17.34	17.34	17.35	    46.83	15606	  0.08	通信设备	河北	0.00	17.34	5	
000912	泸天化	--  	13.22	--  	--  	--  	0	0	--  	          0.00	--  	--  	--  	13.22	--  	0	  0.00	农药化肥	四川	0.00	13.22	0	
000913	*ST钱江	0.28	17.80	0.05	17.80	17.88	45	44	0.00	          0.00	17.80	17.80	17.80	17.75	   109.81	79335	  0.36	摩托车	浙江	0.00	17.80	22	
000918	嘉凯城	0.37	8.04	0.03	8.04	8.05	773	773	0.00	          0.00	8.04	8.04	8.04	8.01	--  	621492	  0.94	全国地产	浙江	0.00	8.04	387	
000935	四川双马	--  	23.06	--  	--  	--  	0	0	--  	          0.00	--  	--  	--  	23.06	   208.25	0	  0.00	水泥	四川	0.00	23.06	0	
000953	*ST河化	--  	12.01	--  	--  	--  	0	0	--  	          0.00	--  	--  	--  	12.01	--  	0	  0.00	农药化肥	广西	0.00	12.01	0	
000962	*ST东钽	-0.98	13.13	-0.13	13.11	13.13	469	469	0.00	          0.01	13.13	13.13	13.13	13.26	   199.56	615797	  1.36	小金属	宁夏	0.00	13.13	235	
002012	凯恩股份	0.00	13.89	0.00	13.89	13.95	44	44	0.00	          0.00	13.89	13.89	13.89	13.89	--  	61116	  0.14	造纸	浙江	0.00	13.89	22	
002058	威 尔 泰	--  	26.66	--  	26.26	26.80	0	0	--  	          0.00	--  	--  	--  	26.66	--  	0	  0.00	电器仪表	上海	0.00	26.66	0	
002065	东华软件	0.00	21.67	0.00	21.61	21.67	70	70	0.00	          0.00	21.67	21.67	21.67	21.67	    40.38	151690	  0.24	软件服务	北京	0.00	21.67	35	
002078	太阳纸业	0.00	7.33	0.00	7.32	7.33	128	128	0.00	          0.00	7.33	7.33	7.33	7.33	    21.21	93824	  0.12	造纸	山东	0.00	7.33	64	
002082	栋梁新材	--  	19.49	--  	--  	--  	0	0	--  	          0.00	--  	--  	--  	19.49	    61.40	0	  0.00	铝	浙江	0.00	19.49	0	
002094	青岛金王	0.00	27.87	0.00	27.87	27.90	6	6	0.00	          0.00	27.87	27.87	27.87	27.87	    68.70	16722	  0.06	日用化工	山东	0.00	27.87	3	
002098	浔兴股份	-1.32	17.25	-0.23	17.25	17.30	4188	4188	0.00	          0.14	17.25	17.25	17.25	17.48	    53.63	7224300	  5.94	服饰	福建	0.00	17.25	2094	
002122	天马股份	-0.09	11.15	-0.01	11.12	11.15	183	183	0.00	          0.00	11.15	11.15	11.15	11.16	   348.75	204045	  0.54	机械基件	浙江	0.00	11.15	92	
002168	深圳惠程	--  	16.99	--  	--  	--  	0	0	--  	          0.00	--  	--  	--  	16.99	   184.81	0	  0.00	电气设备	深圳	0.00	16.99	0	
002198	嘉应制药	0.00	14.43	0.00	14.43	14.48	20	20	0.00	          0.00	14.43	14.43	14.43	14.43	   269.02	28860	  0.17	中成药	广东	0.00	14.43	10	
002207	准油股份	0.12	16.26	0.02	16.26	16.28	46	46	0.00	          0.00	16.26	16.26	16.26	16.24	--  	74796	  0.19	石油开采	新疆	0.00	16.26	23	
002240	威华股份	-1.02	12.65	-0.13	12.65	12.66	687	687	0.00	          0.02	12.65	12.65	12.65	12.78	   265.21	869055	  1.14	家居用品	广东	0.00	12.65	344	
002286	保龄宝	0.07	14.98	0.01	14.98	15.01	8	8	0.00	          0.00	14.98	14.98	14.98	14.97	   103.44	11984	  0.07	食品	山东	0.00	14.98	4	
002313	日海通讯	0.04	22.42	0.01	22.42	22.46	27	27	0.00	          0.00	22.42	22.42	22.42	22.41	   414.04	60982	  0.12	通信设备	深圳	0.00	22.42	14	
002316	键桥通讯	--  	13.65	--  	--  	--  	0	0	--  	          0.00	--  	--  	--  	13.65	--  	0	  0.00	软件服务	深圳	0.00	13.65	0	
002319	乐通股份	0.32	21.83	0.07	21.76	21.83	31	31	0.00	          0.00	21.83	21.83	21.83	21.76	   667.86	67673	  0.30	染料涂料	广东	0.00	21.83	16	
002379	*ST鲁丰	--  	8.04	--  	--  	--  	0	0	--  	          0.00	--  	--  	--  	8.04	   745.89	0	  0.00	铝	山东	0.00	8.04	0	
002402	和而泰	0.36	11.10	0.04	11.09	11.10	5420	5420	0.00	          0.09	11.10	11.10	11.10	11.06	    72.25	6016200	  7.02	元器件	深圳	0.00	11.10	2710	
002408	齐翔腾达	0.00	10.33	0.00	10.30	10.33	395	395	0.00	          0.00	10.33	10.33	10.33	10.33	    54.38	408035	  0.54	化工原料	山东	0.00	10.33	198	
002442	龙星化工	-0.36	13.65	-0.05	13.59	13.65	91	91	0.00	          0.00	13.65	13.65	13.65	13.70	   334.66	124215	  1.12	化工原料	河北	0.00	13.65	46	
002451	摩恩电气	0.00	17.88	0.00	17.88	17.90	16	16	0.00	          0.00	17.88	17.88	17.88	17.88	   912.21	28608	  0.09	电气设备	上海	0.00	17.88	8	
002453	天马精化	0.20	10.19	0.02	10.18	10.19	9	9	0.00	          0.00	10.19	10.19	10.19	10.17	   378.96	9171	  0.03	化工原料	江苏	0.00	10.19	5	
002476	宝莫股份	0.00	9.14	0.00	9.14	9.15	108	108	0.00	          0.00	9.14	9.14	9.14	9.14	   221.04	98712	  0.31	化工原料	山东	0.00	9.14	54	
002485	希努尔	0.10	19.93	0.02	19.93	20.00	13	13	0.00	          0.00	19.93	19.93	19.93	19.91	   394.13	25909	  0.14	服饰	山东	0.00	19.93	7	
002486	嘉麟杰	--  	8.64	--  	--  	--  	0	0	--  	          0.00	--  	--  	--  	8.64	--  	0	  0.00	服饰	上海	0.00	8.64	0	
002499	科林环保	0.46	28.40	0.13	28.27	28.40	200	200	0.00	          0.01	28.40	28.40	28.40	28.27	   278.16	568000	  1.61	环境保护	江苏	0.00	28.40	100	
002512	达华智能	0.13	15.80	0.02	15.80	15.81	170	170	0.00	          0.00	15.80	15.80	15.80	15.78	   207.60	268600	  0.50	元器件	广东	0.00	15.80	85	
002538	司尔特	0.00	9.89	0.00	9.89	9.90	276	276	0.00	          0.00	9.89	9.89	9.89	9.89	    25.83	272964	  0.61	农药化肥	安徽	0.00	9.89	138	
002576	通达动力	--  	24.67	--  	--  	--  	0	0	--  	          0.00	--  	--  	--  	24.67	   972.54	0	  0.00	电气设备	江苏	0.00	24.67	0	
002606	大连电瓷	--  	41.84	--  	--  	--  	0	0	--  	          0.00	--  	--  	--  	41.84	    97.70	0	  0.00	电气设备	辽宁	0.00	41.84	0	
002621	三垒股份	-0.26	27.00	-0.07	27.00	27.19	31	31	0.00	          0.00	27.00	27.00	27.00	27.07	   216.40	83700	  1.00	专用机械	辽宁	0.00	27.00	16	
002629	仁智股份	-0.19	10.35	-0.02	10.34	10.35	130	130	0.00	          0.00	10.35	10.35	10.35	10.37	--  	134550	  0.47	石油开采	浙江	0.00	10.35	65	
002672	东江环保	0.00	18.24	0.00	18.24	18.26	144	144	0.00	          0.00	18.24	18.24	18.24	18.24	    31.90	262656	  0.61	环境保护	广东	0.00	18.24	72	
002676	顺威股份	0.00	28.44	0.00	28.23	28.44	10	10	0.00	          0.00	28.44	28.44	28.44	28.44	   306.91	28440	  0.17	塑料	广东	0.00	28.44	5	
002691	冀凯股份	0.25	24.16	0.06	24.10	24.16	48	48	0.00	          0.00	24.16	24.16	24.16	24.10	   399.46	115968	  0.41	专用机械	河北	0.00	24.16	24	
002692	睿康股份	0.00	11.27	0.00	11.27	11.36	20	20	0.00	          0.00	11.27	11.27	11.27	11.27	    69.74	22540	  0.17	电气设备	江苏	0.00	11.27	10	
002697	红旗连锁	-0.13	7.91	-0.01	7.91	7.92	103	103	0.00	          0.00	7.91	7.91	7.91	7.92	    59.83	81473	  0.17	超市连锁	四川	0.00	7.91	52	
300029	天龙光电	-0.14	13.78	-0.02	13.78	13.80	141	141	0.00	          0.01	13.78	13.78	13.78	13.80	--  	194298	  1.29	专用机械	江苏	0.00	13.78	71	
300069	金利华电	-2.17	38.30	-0.85	38.08	38.30	138	138	0.00	          0.02	38.30	38.30	38.30	39.15	   152.63	528540	  3.45	电气设备	浙江	0.00	38.30	69	
300102	乾照光电	0.24	8.23	0.02	8.21	8.23	331	331	0.00	          0.01	8.23	8.23	8.23	8.21	   119.85	272413	  0.55	半导体	福建	0.00	8.23	166	
300103	达刚路机	0.00	22.19	0.00	22.10	22.19	245	245	0.00	          0.02	22.19	22.19	22.19	22.19	   171.33	543655	  1.10	工程机械	陕西	0.00	22.19	123	
300104	乐视网	0.03	31.72	0.01	31.71	31.72	985	985	0.00	          0.01	31.72	31.72	31.72	31.71	    95.63	3124420	  1.02	互联网	北京	0.00	31.72	493	
300132	青松股份	-0.29	10.33	-0.03	10.31	10.33	42	42	0.00	          0.00	10.33	10.33	10.33	10.36	   133.22	43386	  0.36	化工原料	福建	0.00	10.33	21	
300149	量子高科	--  	19.42	--  	--  	--  	0	0	--  	          0.00	--  	--  	--  	19.42	   126.15	0	  0.00	食品	广东	0.00	19.42	0	
300189	神农基因	0.00	5.07	0.00	5.06	5.07	134	134	0.00	          0.00	5.07	5.07	5.07	5.07	--  	67938	  0.28	种植业	海南	0.00	5.07	67	
300193	佳士科技	-0.09	10.59	-0.01	10.56	10.59	154	154	0.00	          0.00	10.59	10.59	10.59	10.60	    49.23	163086	  0.36	专用机械	深圳	0.00	10.59	77	
300197	铁汉生态	0.59	11.93	0.07	11.91	11.93	172	172	0.00	          0.00	11.93	11.93	11.93	11.86	    47.14	205196	  0.41	环境保护	深圳	0.00	11.93	86	
300225	金力泰	--  	12.78	--  	12.79	12.84	0	0	--  	          0.00	--  	--  	--  	12.78	    90.69	0	  0.00	染料涂料	上海	0.00	12.78	0	
300268	万福生科	--  	35.30	--  	--  	--  	0	0	--  	          0.00	--  	--  	--  	35.30	--  	0	  0.00	农业综合	湖南	0.00	35.30	0	
300357	我武生物	0.00	37.15	0.00	37.15	37.18	15	15	0.00	          0.00	37.15	37.15	37.15	37.15	    43.89	55725	  0.20	生物制药	浙江	0.00	37.15	8	
600069	银鸽投资	-1.11	11.59	-0.13	11.58	11.59	772	772	0.00	          0.01	11.59	11.59	11.59	11.72	--  	894748	  0.36	造纸	河南	0.00	11.59	386	
600107	美尔雅	-0.19	16.08	-0.03	16.03	16.08	189	189	0.00	          0.01	16.08	16.08	16.08	16.11	--  	303912	  1.34	服饰	湖北	0.00	16.08	95	
600114	东睦股份	0.00	17.92	0.00	17.89	17.92	358	358	0.00	          0.01	17.92	17.92	17.92	17.92	    52.48	641536	  2.36	机械基件	浙江	0.00	17.92	179	
600158	中体产业	0.20	19.93	0.04	19.92	19.93	466	466	0.00	          0.01	19.93	19.93	19.93	19.89	   616.05	928738	  0.53	文教休闲	天津	0.00	19.93	233	
600192	长城电工	0.20	9.94	0.02	9.96	9.96	0	0	--  	          0.00	--  	--  	--  	9.94	   196.77	0	  0.06	电气设备	甘肃	0.00	9.94	0	
600202	哈空调	-0.15	13.03	-0.02	13.02	13.03	153	153	0.00	          0.00	13.03	13.03	13.03	13.05	--  	199359	  0.35	电气设备	黑龙江	0.00	13.03	77	
600215	长春经开	0.08	12.50	0.01	12.49	12.50	1028	1028	0.00	          0.02	12.50	12.50	12.50	12.49	   288.81	1285000	  1.01	园区开发	吉林	0.00	12.50	514	
600222	太龙药业	-0.37	8.10	-0.03	8.07	8.07	0	0	--  	          0.00	--  	--  	--  	8.10	  1620.58	0	  0.46	中成药	河南	0.00	8.10	0	
600228	*ST昌九	-0.28	14.22	-0.04	14.22	14.23	10488	10487	0.00	          0.43	14.22	14.22	14.22	14.26	--  	14913339	 32.77	化工原料	江西	0.00	14.22	5244	
600238	海南椰岛	-0.17	11.74	-0.02	11.72	11.72	0	0	--  	          0.00	--  	--  	--  	11.74	--  	0	  0.08	红黄药酒	海南	0.00	11.74	0	
600246	万通地产	0.00	5.84	0.00	5.84	5.84	0	0	--  	          0.00	--  	--  	--  	5.84	    42.38	0	  0.42	区域地产	北京	0.00	5.84	0	
600252	中恒集团	-0.22	4.62	-0.01	4.61	4.62	578	578	0.00	          0.00	4.62	4.62	4.62	4.63	    27.78	267036	  0.68	中成药	广西	0.00	4.62	289	
600265	ST景谷	--  	34.34	--  	34.30	34.63	0	0	--  	          0.00	--  	--  	--  	34.34	   132.23	0	  0.00	林业	云南	0.00	34.34	0	
600303	曙光股份	-0.29	10.29	-0.03	10.28	10.29	42	42	0.00	          0.00	10.29	10.29	10.29	10.32	   150.75	43218	  0.11	汽车整车	辽宁	0.00	10.29	21	
600321	国栋建设	0.00	5.92	0.00	5.90	5.92	317	317	0.00	          0.00	5.92	5.92	5.92	5.92	--  	187664	  0.50	其他建材	四川	0.00	5.92	159	
600387	海越股份	--  	17.94	--  	--  	--  	0	0	--  	          0.00	--  	--  	--  	17.94	--  	0	  0.00	石油贸易	浙江	0.00	17.94	0	
600421	仰帆控股	0.00	19.50	0.00	19.50	19.54	30	30	0.00	          0.00	19.50	19.50	19.50	19.50	--  	58500	  0.21	机械基件	湖北	0.00	19.50	15	
600506	香梨股份	-0.78	24.03	-0.19	24.03	24.05	256	256	0.00	          0.02	24.03	24.03	24.03	24.22	--  	615168	  1.51	种植业	新疆	0.00	24.03	128	
600532	宏达矿业	0.13	15.02	0.02	15.02	15.05	7	7	0.00	          0.00	15.02	15.02	15.02	15.00	--  	10514	  0.05	普钢	上海	0.00	15.02	4	
600537	亿晶光电	0.14	7.33	0.01	7.32	7.33	269	269	0.00	          0.00	7.33	7.33	7.33	7.32	    16.75	197177	  0.54	半导体	浙江	0.00	7.33	135	
600545	新疆城建	0.76	11.95	0.09	11.93	11.95	584	584	0.00	          0.01	11.95	11.95	11.95	11.86	--  	697880	  1.17	建筑施工	新疆	0.00	11.95	292	
600576	万家文化	-0.70	15.51	-0.11	15.51	15.54	425	425	0.00	          0.01	15.51	15.51	15.51	15.62	   106.22	659175	  0.39	影视音像	浙江	0.00	15.51	213	
600636	三爱富	--  	13.86	--  	--  	--  	0	0	--  	          0.00	--  	--  	--  	13.86	--  	0	  0.00	化工原料	上海	0.00	13.86	0	
600678	四川金顶	0.00	14.34	0.00	14.31	14.34	304	304	0.00	          0.01	14.34	14.34	14.34	14.34	--  	435936	  0.75	水泥	四川	0.00	14.34	152	
600732	*ST新梅	--  	0.00	--  	--  	--  	0	0	--  	          0.00	--  	--  	--  	--  	--  	0	  0.00	区域地产	上海	--  	0.00	0	
600745	中茵股份	0.00	20.00	0.00	20.00	20.05	88	88	0.00	          0.00	20.00	20.00	20.00	20.00	   286.24	176020	  0.45	通信设备	湖北	0.00	20.00	44	
600767	运盛医疗	-1.64	13.80	-0.23	13.80	13.82	291	291	0.00	          0.01	13.80	13.80	13.80	14.03	--  	401580	  0.97	医疗保健	上海	0.00	13.80	146	
600806	*ST昆机	-0.23	8.52	-0.02	8.51	8.52	136	136	0.00	          0.00	8.52	8.52	8.52	8.54	--  	115872	  0.41	机床制造	云南	0.00	8.52	68	
600812	华北制药	0.00	6.22	0.00	6.20	6.22	109	109	0.00	          0.00	6.22	6.22	6.22	6.22	   117.48	67798	  0.62	化学制药	河北	0.00	6.22	55	
600817	*ST宏盛	-0.48	18.60	-0.09	18.60	18.98	226	226	0.00	          0.01	18.60	18.60	18.60	18.69	--  	420360	  3.28	多元金融	陕西	0.00	18.60	113	
600822	上海物贸	0.06	17.62	0.01	17.62	17.65	22	22	0.00	          0.00	17.62	17.62	17.62	17.61	   395.03	38764	  0.10	商贸代理	上海	0.00	17.62	11	
600843	上工申贝	-0.24	16.92	-0.04	16.88	16.88	0	0	--  	          0.00	--  	--  	--  	16.92	    44.26	0	  0.47	纺织机械	上海	0.00	16.92	0	
600890	中房股份	--  	11.27	--  	--  	--  	0	0	--  	          0.00	--  	--  	--  	11.27	--  	0	  0.00	区域地产	北京	0.00	11.27	0	
600917	重庆燃气	-0.39	12.80	-0.05	12.80	12.85	28	28	0.00	          0.00	12.80	12.80	12.80	12.85	    52.73	35840	  0.18	供气供热	重庆	0.00	12.80	14	
601028	玉龙股份	0.00	10.33	0.00	10.33	10.35	50	50	0.00	          0.00	10.33	10.33	10.33	10.33	--  	51650	  0.28	钢加工	江苏	0.00	10.33	25	
601188	龙江交通	0.00	5.82	0.00	5.82	5.83	194	194	0.00	          0.00	5.82	5.82	5.82	5.82	    22.08	112908	  0.91	路桥	黑龙江	0.00	5.82	97	
601678	滨化股份	0.28	7.16	0.02	7.18	7.18	0	0	--  	          0.00	--  	--  	--  	7.16	    23.71	0	  5.39	化工原料	山东	0.00	7.16	0	
603399	新华龙	--  	11.21	--  	--  	--  	0	0	--  	          0.00	--  	--  	--  	11.21	--  	0	  0.00	小金属	辽宁	0.00	11.21	0	
数据来源:通达信
