代码	名称	涨幅%%	现价	涨跌	买价	卖价	总量	现量	涨速%%	换手%%	今开	最高	最低	昨收	市盈(动)	总金额	量比	细分行业	地区	振幅%%	均价	内盘	
000006	深振业Ａ	0.00	8.76	0.00	8.75	8.76	532	532	0.00	          0.00	8.76	8.76	8.76	8.76	    77.47	466032	  0.86	区域地产	深圳	0.00	8.76	266	
000027	深圳能源	-0.28	7.00	-0.02	6.99	7.00	279	279	0.00	          0.00	7.00	7.00	7.00	7.02	    15.56	195300	  0.92	火力发电	深圳	0.00	7.00	140	
000028	国药一致	0.30	70.54	0.21	70.51	70.54	11	11	0.00	          0.00	70.54	70.54	70.54	70.33	    31.34	77594	  0.23	医药商业	深圳	0.00	70.54	6	
000030	富奥股份	0.11	8.84	0.01	8.84	8.85	433	433	0.00	          0.00	8.84	8.84	8.84	8.83	    16.52	382772	  1.62	汽车配件	吉林	0.00	8.84	217	
000031	中粮地产	0.36	8.37	0.03	8.36	8.37	405	405	0.00	          0.00	8.37	8.37	8.37	8.34	   148.40	338985	  1.00	全国地产	深圳	0.00	8.37	203	
000039	中集集团	0.18	16.37	0.03	16.34	16.37	66	66	0.00	          0.00	16.37	16.37	16.37	16.34	--  	108042	  0.18	轻工机械	深圳	0.00	16.37	33	
000046	泛海控股	0.21	9.37	0.02	9.35	9.37	73	73	0.00	          0.00	9.37	9.37	9.37	9.35	    19.83	68401	  0.46	全国地产	北京	0.00	9.37	37	
000049	德赛电池	1.58	52.00	0.81	52.00	52.01	2076	2076	0.00	          0.10	52.00	52.00	52.00	51.19	    41.80	10796500	 11.66	电气设备	深圳	0.00	52.00	1038	
000060	中金岭南	-0.52	11.48	-0.06	11.47	11.48	666	666	0.00	          0.00	11.48	11.48	11.48	11.54	   116.26	764568	  0.71	铅锌	深圳	0.00	11.48	333	
000063	中兴通讯	--  	15.28	--  	--  	--  	0	0	--  	          0.00	--  	--  	--  	15.28	    16.65	0	  0.00	通信设备	深圳	0.00	15.28	0	
000069	华侨城Ａ	0.26	7.62	0.02	7.62	7.63	1071	1071	0.00	          0.00	7.62	7.62	7.62	7.60	    16.08	816102	  0.91	旅游景点	深圳	0.00	7.62	536	
000088	盐 田 港	-0.27	7.44	-0.02	7.43	7.45	129	129	0.00	          0.00	7.44	7.44	7.44	7.46	    40.19	95976	  0.28	港口	深圳	0.00	7.44	65	
000090	天健集团	0.11	9.31	0.01	9.31	9.34	34	33	0.00	          0.00	9.31	9.31	9.31	9.30	    37.77	31468	  0.13	建筑施工	深圳	0.00	9.31	17	
000099	中信海直	-0.32	12.60	-0.04	12.59	12.60	328	328	0.00	          0.01	12.60	12.60	12.60	12.64	    75.51	413280	  0.72	空运	深圳	0.00	12.60	164	
000156	华数传媒	0.45	17.80	0.08	17.80	17.81	1097	1096	0.00	          0.01	17.80	17.80	17.80	17.72	    41.74	1952553	  9.88	影视音像	浙江	0.00	17.80	548	
000157	中联重科	-0.21	4.84	-0.01	4.83	4.84	814	814	0.00	          0.00	4.84	4.84	4.84	4.85	--  	393976	  0.40	工程机械	湖南	0.00	4.84	407	
000333	美的集团	0.12	33.94	0.04	33.93	33.94	1188	1188	0.00	          0.00	33.94	33.94	33.94	33.90	    12.77	4032072	  0.79	家用电器	广东	0.00	33.94	594	
000338	潍柴动力	0.97	11.40	0.11	11.40	11.41	6788	6787	0.00	          0.03	11.40	11.40	11.40	11.29	    22.73	7738195	  7.01	汽车配件	山东	0.00	11.40	3394	
000400	许继电气	-0.06	17.64	-0.01	17.64	17.65	211	211	0.00	          0.00	17.64	17.64	17.64	17.65	    54.53	372557	  1.48	电气设备	河南	0.00	17.64	106	
000402	金 融 街	0.27	11.20	0.03	11.20	11.21	610	609	0.00	          0.00	11.20	11.20	11.20	11.17	    31.23	683088	  1.11	全国地产	北京	0.00	11.20	305	
000422	湖北宜化	-0.14	7.04	-0.01	7.03	7.04	81	81	0.00	          0.00	7.04	7.04	7.04	7.05	   258.04	57024	  0.14	农药化肥	湖北	0.00	7.04	41	
000423	东阿阿胶	0.08	59.60	0.05	59.58	59.60	376	376	0.00	          0.01	59.60	59.60	59.60	59.55	    21.04	2240960	  0.90	中成药	山东	0.00	59.60	188	
000511	*ST烯碳	3.25	6.68	0.21	6.66	6.68	23376	23376	0.00	          0.20	6.68	6.68	6.68	6.47	--  	15615168	  7.94	矿物制品	辽宁	0.00	6.68	11688	
000513	丽珠集团	0.18	54.83	0.10	54.83	54.90	36	36	0.00	          0.00	54.83	54.83	54.83	54.73	    28.47	197388	  0.48	中成药	广东	0.00	54.83	18	
000525	红 太 阳	0.31	19.38	0.06	19.38	19.40	74	74	0.00	          0.00	19.38	19.38	19.38	19.32	   217.17	143412	  0.27	农药化肥	江苏	0.00	19.38	37	
000528	柳 工	0.00	9.10	0.00	9.08	9.10	426	426	0.00	          0.00	9.10	9.10	9.10	9.10	  1221.14	387660	  0.45	工程机械	广西	0.00	9.10	213	
000538	云南白药	0.01	77.24	0.01	77.24	77.25	100	100	0.00	          0.00	77.24	77.24	77.24	77.23	    25.56	772400	  0.78	中成药	云南	0.00	77.24	50	
000539	粤电力Ａ	-0.18	5.52	-0.01	5.51	5.52	69	69	0.00	          0.00	5.52	5.52	5.52	5.53	    14.72	38088	  0.24	火力发电	广东	0.00	5.52	35	
000540	中天城投	1.04	6.77	0.07	6.77	6.78	4902	4902	0.00	          0.01	6.77	6.77	6.77	6.70	    11.62	3318932	  5.07	区域地产	贵州	0.00	6.77	2451	
000543	皖能电力	0.00	7.15	0.00	7.15	7.16	678	678	0.00	          0.00	7.15	7.15	7.15	7.15	    12.43	484770	  1.63	火力发电	安徽	0.00	7.15	339	
000550	江铃汽车	-0.14	28.14	-0.04	28.06	28.15	4	4	0.00	          0.00	28.14	28.14	28.14	28.18	    16.66	11256	  0.04	汽车整车	江西	0.00	28.14	2	
000552	靖远煤电	0.00	4.00	0.00	3.99	4.00	1352	1352	0.00	          0.01	4.00	4.00	4.00	4.00	    57.20	540800	  1.95	煤炭开采	甘肃	0.00	4.00	676	
000563	陕国投Ａ	-0.15	6.62	-0.01	6.61	6.62	1020	1020	0.00	          0.00	6.62	6.62	6.62	6.63	    39.71	675240	  0.39	多元金融	陕西	0.00	6.62	510	
000568	泸州老窖	0.20	40.71	0.08	40.71	40.75	177	177	0.00	          0.00	40.71	40.71	40.71	40.63	    28.42	720567	  0.45	白酒	四川	0.00	40.71	89	
000572	海马汽车	0.00	6.14	0.00	6.13	6.14	355	355	0.00	          0.00	6.14	6.14	6.14	6.14	    36.24	217970	  0.22	汽车整车	海南	0.00	6.14	178	
000581	威孚高科	0.17	23.76	0.04	23.73	23.76	72	72	0.00	          0.00	23.76	23.76	23.76	23.72	    13.73	171072	  0.33	汽车配件	江苏	0.00	23.76	36	
000592	平潭发展	0.16	6.42	0.01	6.41	6.42	131	131	0.00	          0.00	6.42	6.42	6.42	6.41	   436.59	84102	  0.24	林业	福建	0.00	6.42	66	
000600	建投能源	0.00	9.36	0.00	9.35	9.36	101	101	0.00	          0.00	9.36	9.36	9.36	9.36	     7.66	94536	  0.27	火力发电	河北	0.00	9.36	51	
000612	焦作万方	0.27	11.11	0.03	11.11	11.12	340	340	0.00	          0.00	11.11	11.11	11.11	11.08	   234.17	377740	  1.19	铝	河南	0.00	11.11	170	
000616	海航投资	0.00	5.08	0.00	5.07	5.08	93	93	0.00	          0.00	5.08	5.08	5.08	5.08	--  	47244	  0.30	全国地产	辽宁	0.00	5.08	47	
000623	吉林敖东	0.17	29.43	0.05	29.43	29.44	47	47	0.00	          0.00	29.43	29.43	29.43	29.38	    15.40	138321	  0.20	中成药	吉林	0.00	29.43	24	
000625	长安汽车	0.51	15.70	0.08	15.70	15.71	3473	3473	0.00	          0.01	15.70	15.70	15.70	15.62	     7.31	5452610	  1.99	汽车整车	重庆	0.00	15.70	1737	
000629	*ST钒钛	0.00	2.55	0.00	2.55	2.56	4843	4842	0.00	          0.01	2.55	2.55	2.55	2.55	--  	1234838	  3.14	普钢	四川	0.00	2.55	2421	
000631	顺发恒业	-0.40	4.92	-0.02	4.92	4.94	121	121	0.00	          0.00	4.92	4.92	4.92	4.94	    31.96	59532	  0.41	区域地产	吉林	0.00	4.92	61	
000651	格力电器	0.03	28.88	0.01	28.88	28.89	2880	2879	0.00	          0.00	28.88	28.88	28.88	28.87	    11.60	8316776	  0.95	家用电器	广东	0.00	28.88	1440	
000652	泰达股份	-0.17	6.00	-0.01	6.00	6.01	122	122	0.00	          0.00	6.00	6.00	6.00	6.01	    93.10	73200	  0.10	批发业	天津	0.00	6.00	61	
000656	金科股份	0.00	5.82	0.00	5.82	5.83	707	707	0.00	          0.00	5.82	5.82	5.82	5.82	    23.13	411474	  0.65	区域地产	重庆	0.00	5.82	354	
000661	长春高新	0.00	112.18	0.00	112.18	112.58	43	42	0.00	          0.00	112.18	112.18	112.18	112.18	    39.36	481701	  0.48	生物制药	吉林	0.00	112.18	21	
000667	美好置业	-0.53	3.75	-0.02	3.75	3.76	1746	1746	0.00	          0.01	3.75	3.75	3.75	3.77	    14.44	654750	  2.48	全国地产	云南	0.00	3.75	873	
000669	金鸿能源	0.46	17.50	0.08	17.40	17.50	51	51	0.00	          0.00	17.50	17.50	17.50	17.42	    36.59	89250	  0.50	供气供热	吉林	0.00	17.50	26	
000680	山推股份	-0.30	6.57	-0.02	6.57	6.58	712	712	0.00	          0.01	6.57	6.57	6.57	6.59	--  	467784	  0.40	工程机械	山东	0.00	6.57	356	
000690	宝新能源	0.00	9.26	0.00	9.25	9.26	780	780	0.00	          0.00	9.26	9.26	9.26	9.26	    27.17	722280	  1.61	火力发电	广东	0.00	9.26	390	
000719	大地传媒	0.00	12.75	0.00	12.72	12.75	34	34	0.00	          0.00	12.75	12.75	12.75	12.75	    21.38	43350	  0.10	出版业	河南	0.00	12.75	17	
000726	鲁 泰Ａ	0.08	12.64	0.01	12.61	12.64	65	65	0.00	          0.00	12.64	12.64	12.64	12.63	    15.05	82160	  0.21	纺织	山东	0.00	12.64	33	
000728	国元证券	0.10	20.13	0.02	20.12	20.13	385	385	0.00	          0.00	20.13	20.13	20.13	20.11	    31.10	775005	  0.50	证券	安徽	0.00	20.13	193	
000729	燕京啤酒	0.00	7.45	0.00	7.45	7.47	22	22	0.00	          0.00	7.45	7.45	7.45	7.45	    25.47	16390	  0.10	啤酒	北京	0.00	7.45	11	
000758	中色股份	-0.12	8.54	-0.01	8.53	8.54	718	718	0.00	          0.00	8.54	8.54	8.54	8.55	    61.86	613172	  0.69	铅锌	北京	0.00	8.54	359	
000762	西藏矿业	-0.11	18.02	-0.02	18.00	18.02	247	247	0.00	          0.01	18.02	18.02	18.02	18.04	   546.10	445094	  0.50	小金属	西藏	0.00	18.02	124	
000768	中航飞机	-0.21	24.00	-0.05	24.00	24.01	1620	1620	0.00	          0.01	24.00	24.00	24.00	24.05	   422.10	3888000	  1.44	航空	陕西	0.00	24.00	810	
000776	广发证券	-0.29	17.36	-0.05	17.36	17.37	797	797	0.00	          0.00	17.36	17.36	17.36	17.41	    16.04	1383592	  1.13	证券	广东	0.00	17.36	399	
000777	中核科技	0.05	21.84	0.01	21.84	21.85	40	39	0.00	          0.00	21.84	21.84	21.84	21.83	   133.06	87098	  0.15	机械基件	江苏	0.00	21.84	20	
000780	平庄能源	-0.68	5.81	-0.04	5.81	5.82	472	472	0.00	          0.00	5.81	5.81	5.81	5.85	--  	274232	  1.14	煤炭开采	内蒙	0.00	5.81	236	
000783	长江证券	-0.20	10.21	-0.02	10.20	10.21	410	410	0.00	          0.00	10.21	10.21	10.21	10.23	    24.28	418610	  0.58	证券	湖北	0.00	10.21	205	
000788	北大医药	--  	13.48	--  	13.48	13.50	0	0	--  	          0.00	--  	--  	--  	13.48	   402.35	0	  0.00	化学制药	重庆	0.00	13.48	0	
000816	智慧农业	0.15	6.67	0.01	6.66	6.67	132	132	0.00	          0.00	6.67	6.67	6.67	6.66	   861.20	88044	  0.26	机械基件	江苏	0.00	6.67	66	
000823	超声电子	-0.42	14.36	-0.06	14.35	14.36	1076	1076	0.00	          0.02	14.36	14.36	14.36	14.42	    51.52	1545136	  1.66	元器件	广东	0.00	14.36	538	
000825	太钢不锈	0.00	4.93	0.00	4.93	4.94	2015	2015	0.00	          0.00	4.93	4.93	4.93	4.93	    25.01	993395	  0.88	特种钢	山西	0.00	4.93	1008	
000829	天音控股	--  	11.28	--  	--  	--  	0	0	--  	          0.00	--  	--  	--  	11.28	   132.17	0	  0.00	其他商业	江西	0.00	11.28	0	
000830	鲁西化工	-0.33	6.11	-0.02	6.11	6.12	342	342	0.00	          0.00	6.11	6.11	6.11	6.13	    37.40	208962	  0.24	农药化肥	山东	0.00	6.11	171	
000848	承德露露	-0.09	11.24	-0.01	11.23	11.24	77	77	0.00	          0.00	11.24	11.24	11.24	11.25	    22.66	86548	  0.34	软饮料	河北	0.00	11.24	39	
000852	石化机械	-0.57	12.27	-0.07	12.27	12.30	77	77	0.00	          0.00	12.27	12.27	12.27	12.34	--  	94479	  0.30	化工机械	湖北	0.00	12.27	39	
000858	五 粮 液	-0.05	41.63	-0.02	41.62	41.63	750	750	0.00	          0.00	41.63	41.63	41.63	41.65	    23.23	3122250	  0.84	白酒	四川	0.00	41.63	375	
000869	张 裕Ａ	-0.19	37.00	-0.07	37.00	37.03	17	17	0.00	          0.00	37.00	37.00	37.00	37.07	    23.06	62900	  0.18	红黄药酒	山东	0.00	37.00	9	
000876	新 希 望	0.00	8.08	0.00	8.08	8.09	278	278	0.00	          0.00	8.08	8.08	8.08	8.08	    12.09	224624	  0.47	饲料	四川	0.00	8.08	139	
000877	天山股份	-0.35	14.20	-0.05	14.20	14.21	6956	6956	0.00	          0.08	14.20	14.20	14.20	14.25	  2165.78	9877520	  1.43	水泥	新疆	0.00	14.20	3478	
000883	湖北能源	0.00	4.78	0.00	4.77	4.78	242	242	0.00	          0.00	4.78	4.78	4.78	4.78	    12.75	115676	  0.54	火力发电	湖北	0.00	4.78	121	
000895	双汇发展	-0.18	21.75	-0.04	21.73	21.75	176	176	0.00	          0.00	21.75	21.75	21.75	21.79	    16.42	382800	  0.52	食品	河南	0.00	21.75	88	
000897	津滨发展	-0.61	4.90	-0.03	4.90	4.92	252	252	0.00	          0.00	4.90	4.90	4.90	4.93	   113.93	123480	  0.31	区域地产	天津	0.00	4.90	126	
000898	鞍钢股份	0.00	5.86	0.00	5.86	5.87	649	649	0.00	          0.00	5.86	5.86	5.86	5.86	    32.55	380314	  0.71	普钢	辽宁	0.00	5.86	325	
000900	现代投资	0.12	8.66	0.01	8.66	8.67	119	119	0.00	          0.00	8.66	8.66	8.66	8.65	    12.15	103054	  0.37	路桥	湖南	0.00	8.66	60	
000919	金陵药业	0.00	13.75	0.00	13.72	13.77	1	1	0.00	          0.00	13.75	13.75	13.75	13.75	    33.89	1375	  0.01	化学制药	江苏	0.00	13.75	1	
000921	海信科龙	0.72	13.92	0.10	13.92	13.95	1295	1294	0.00	          0.01	13.92	13.92	13.92	13.82	    16.48	1802445	  2.22	家用电器	广东	0.00	13.92	647	
000930	中粮生化	0.00	13.36	0.00	13.36	13.37	771	771	0.00	          0.01	13.36	13.36	13.36	13.36	    91.20	1030056	  0.44	农业综合	安徽	0.00	13.36	386	
000931	中 关 村	-0.31	9.65	-0.03	9.65	9.68	130	130	0.00	          0.00	9.65	9.65	9.65	9.68	   965.81	125450	  0.25	区域地产	北京	0.00	9.65	65	
000939	凯迪生态	-0.50	12.03	-0.06	12.03	12.08	526	526	0.00	          0.00	12.03	12.03	12.03	12.09	   104.87	632778	  1.00	新型电力	湖北	0.00	12.03	263	
000951	中国重汽	--  	15.35	--  	15.33	15.35	0	0	--  	          0.00	--  	--  	--  	15.35	    34.11	0	  0.00	汽车整车	山东	0.00	15.35	0	
000961	中南建设	-0.20	9.80	-0.02	9.78	9.80	2135	2135	0.00	          0.01	9.80	9.80	9.80	9.82	    55.86	2092300	  0.81	建筑施工	江苏	0.00	9.80	1068	
000962	*ST东钽	-0.98	13.13	-0.13	13.11	13.13	469	469	0.00	          0.01	13.13	13.13	13.13	13.26	   199.56	615797	  1.36	小金属	宁夏	0.00	13.13	235	
000975	银泰资源	0.25	15.80	0.04	15.78	15.80	463	463	0.00	          0.01	15.80	15.80	15.80	15.76	    77.81	731540	  1.55	铅锌	内蒙	0.00	15.80	232	
000988	华工科技	0.06	16.03	0.01	16.03	16.05	387	387	0.00	          0.00	16.03	16.03	16.03	16.02	    63.91	620361	  0.74	电器仪表	湖北	0.00	16.03	194	
000997	新 大 陆	-0.05	19.16	-0.01	19.15	19.16	277	277	0.00	          0.00	19.16	19.16	19.16	19.17	    37.55	530732	  0.51	软件服务	福建	0.00	19.16	139	
000999	华润三九	0.15	26.01	0.04	25.98	26.01	46	46	0.00	          0.00	26.01	26.01	26.01	25.97	    21.26	119646	  0.28	中成药	深圳	0.00	26.01	23	
002012	凯恩股份	0.00	13.89	0.00	13.89	13.95	44	44	0.00	          0.00	13.89	13.89	13.89	13.89	--  	61116	  0.14	造纸	浙江	0.00	13.89	22	
002022	科华生物	0.19	20.79	0.04	20.75	20.79	10	10	0.00	          0.00	20.79	20.79	20.79	20.75	    39.14	20790	  0.07	医疗保健	上海	0.00	20.79	5	
002028	思源电气	-0.31	16.30	-0.05	16.25	16.30	292	292	0.00	          0.01	16.30	16.30	16.30	16.35	    39.03	475960	  0.58	电气设备	上海	0.00	16.30	146	
002029	七 匹 狼	0.19	10.33	0.02	10.30	10.33	143	143	0.00	          0.00	10.33	10.33	10.33	10.31	    34.67	147719	  0.93	服饰	福建	0.00	10.33	72	
002030	达安基因	-0.69	22.90	-0.16	22.88	22.90	678	678	0.00	          0.01	22.90	22.90	22.90	23.06	   146.74	1552620	  0.99	生物制药	广东	0.00	22.90	339	
002038	双鹭药业	0.18	27.54	0.05	27.41	27.54	23	23	0.00	          0.00	27.54	27.54	27.54	27.49	    39.62	63342	  0.32	生物制药	北京	0.00	27.54	12	
002041	登海种业	0.06	16.96	0.01	16.96	16.97	67	67	0.00	          0.00	16.96	16.96	16.96	16.95	    47.07	113632	  0.24	种植业	山东	0.00	16.96	34	
002048	宁波华翔	-0.17	23.76	-0.04	23.73	23.76	62	62	0.00	          0.00	23.76	23.76	23.76	23.80	    20.60	147312	  0.20	汽车配件	浙江	0.00	23.76	31	
002064	华峰氨纶	0.00	5.65	0.00	5.65	5.66	34	34	0.00	          0.00	5.65	5.65	5.65	5.65	--  	19210	  0.05	化纤	浙江	0.00	5.65	17	
002066	瑞泰科技	0.06	17.47	0.01	17.46	17.47	134	134	0.00	          0.01	17.47	17.47	17.47	17.46	   110.45	234098	  0.54	其他建材	北京	0.00	17.47	67	
002073	软控股份	0.09	10.66	0.01	10.63	10.66	145	145	0.00	          0.00	10.66	10.66	10.66	10.65	--  	154570	  0.77	软件服务	山东	0.00	10.66	73	
002081	金 螳 螂	0.09	11.38	0.01	11.38	11.39	1662	1662	0.00	          0.01	11.38	11.38	11.38	11.37	    16.54	1891652	  1.87	装修装饰	江苏	0.00	11.38	831	
002092	中泰化学	-0.23	12.88	-0.03	12.88	12.89	248	248	0.00	          0.00	12.88	12.88	12.88	12.91	    29.09	319424	  0.33	化工原料	新疆	0.00	12.88	124	
002122	天马股份	-0.09	11.15	-0.01	11.12	11.15	183	183	0.00	          0.00	11.15	11.15	11.15	11.16	   348.75	204045	  0.54	机械基件	浙江	0.00	11.15	92	
002128	露天煤业	0.11	8.93	0.01	8.92	8.93	247	247	0.00	          0.00	8.93	8.93	8.93	8.92	    22.00	220571	  0.59	煤炭开采	内蒙	0.00	8.93	124	
002146	荣盛发展	0.11	9.20	0.01	9.19	9.20	200	200	0.00	          0.00	9.20	9.20	9.20	9.19	    13.80	184000	  0.23	全国地产	河北	0.00	9.20	100	
002153	石基信息	0.00	23.05	0.00	23.04	23.05	1	1	0.00	          0.00	23.05	23.05	23.05	23.05	    69.70	2305	  0.01	软件服务	北京	0.00	23.05	1	
002166	莱茵生物	0.78	12.97	0.10	12.97	12.98	728	728	0.00	          0.02	12.97	12.97	12.97	12.87	    99.50	944216	  1.01	中成药	广西	0.00	12.97	364	
002168	深圳惠程	--  	16.99	--  	--  	--  	0	0	--  	          0.00	--  	--  	--  	16.99	   184.81	0	  0.00	电气设备	深圳	0.00	16.99	0	
002189	利达光电	-0.09	22.83	-0.02	22.83	22.84	44	44	0.00	          0.00	22.83	22.83	22.83	22.85	   251.66	100452	  0.32	元器件	河南	0.00	22.83	22	
002192	融捷股份	-0.56	24.95	-0.14	24.95	25.00	142	142	0.00	          0.01	24.95	24.95	24.95	25.09	  4706.77	354290	  0.43	专用机械	广东	0.00	24.95	71	
002204	大连重工	-0.42	4.73	-0.02	4.72	4.73	596	596	0.00	          0.00	4.73	4.73	4.73	4.75	   119.87	281908	  1.04	专用机械	辽宁	0.00	4.73	298	
002205	国统股份	-0.48	30.80	-0.15	30.80	30.82	3	3	0.00	          0.00	30.80	30.80	30.80	30.95	--  	9240	  0.03	其他建材	新疆	0.00	30.80	2	
002236	大华股份	-0.55	16.31	-0.09	16.30	16.31	2426	2426	0.00	          0.01	16.31	16.31	16.31	16.40	    33.16	3956806	  1.56	电器仪表	浙江	0.00	16.31	1213	
002242	九阳股份	-0.11	18.90	-0.02	18.88	18.90	290	290	0.00	          0.00	18.90	18.90	18.90	18.92	    19.92	548100	  0.98	家用电器	山东	0.00	18.90	145	
002251	步 步 高	0.00	14.59	0.00	14.53	14.59	109	109	0.00	          0.00	14.59	14.59	14.59	14.59	    54.33	159031	  0.45	超市连锁	湖南	0.00	14.59	55	
002253	川大智胜	-0.17	30.20	-0.05	30.15	30.20	607	607	0.00	          0.03	30.20	30.20	30.20	30.25	   247.17	1833140	  0.89	软件服务	四川	0.00	30.20	304	
002266	浙富控股	0.00	5.64	0.00	5.63	5.64	156	156	0.00	          0.00	5.64	5.64	5.64	5.64	   165.90	87984	  0.44	电气设备	浙江	0.00	5.64	78	
002269	美邦服饰	-0.21	4.85	-0.01	4.84	4.85	258	258	0.00	          0.00	4.85	4.85	4.85	4.86	--  	125130	  0.45	服饰	上海	0.00	4.85	129	
002273	水晶光电	0.49	22.38	0.11	22.38	22.39	322	322	0.00	          0.01	22.38	22.38	22.38	22.27	    65.58	720636	  0.41	元器件	浙江	0.00	22.38	161	
002277	友阿股份	-0.12	16.28	-0.02	16.28	16.29	340	340	0.00	          0.01	16.28	16.28	16.28	16.30	    38.54	553520	  0.42	百货	湖南	0.00	16.28	170	
002294	信立泰	-0.07	28.25	-0.02	28.23	28.25	66	66	0.00	          0.00	28.25	28.25	28.25	28.27	    21.32	186450	  0.58	化学制药	深圳	0.00	28.25	33	
002351	漫步者	0.00	13.88	0.00	13.86	13.88	490	490	0.00	          0.02	13.88	13.88	13.88	13.88	    97.17	680120	  0.39	电脑设备	深圳	0.00	13.88	245	
002352	顺丰控股	0.00	60.89	0.00	60.89	60.99	658	658	0.00	          0.05	60.89	60.89	60.89	60.89	    60.94	4006562	  0.85	仓储物流	安徽	0.00	60.89	329	
002365	永安药业	--  	22.26	--  	22.32	22.33	0	0	--  	          0.00	--  	--  	--  	22.26	    64.89	0	  0.00	化学制药	湖北	0.00	22.26	0	
002375	亚厦股份	-0.27	11.12	-0.03	11.12	11.15	168	168	0.00	          0.00	11.12	11.12	11.12	11.15	    41.80	186816	  0.59	装修装饰	浙江	0.00	11.12	84	
002396	星网锐捷	0.35	20.35	0.07	20.35	20.39	120	120	0.00	          0.00	20.35	20.35	20.35	20.28	    46.72	244200	  0.26	通信设备	福建	0.00	20.35	60	
002405	四维图新	4.50	20.90	0.90	20.90	20.91	10518	10518	0.00	          0.10	20.90	20.90	20.90	20.00	   166.03	21982788	 10.36	软件服务	北京	0.00	20.90	5259	
002440	闰土股份	0.06	16.98	0.01	16.98	17.03	29	29	0.00	          0.00	16.98	16.98	16.98	16.97	    22.17	49242	  0.13	染料涂料	浙江	0.00	16.98	15	
002450	康得新	-0.31	19.33	-0.06	19.33	19.34	541	541	0.00	          0.00	19.33	19.33	19.33	19.39	    36.12	1045753	  0.36	化工原料	江苏	0.00	19.33	271	
002463	沪电股份	-0.21	4.86	-0.01	4.85	4.86	78	78	0.00	          0.00	4.86	4.86	4.86	4.87	    94.30	37908	  0.12	元器件	江苏	0.00	4.86	39	
002466	天齐锂业	0.15	39.70	0.06	39.70	39.72	739	739	0.00	          0.01	39.70	39.70	39.70	39.64	    24.60	2933830	  0.45	小金属	四川	0.00	39.70	370	
002475	立讯精密	0.39	23.27	0.09	23.25	23.27	42	42	0.00	          0.00	23.27	23.27	23.27	23.18	    54.36	97734	  0.13	元器件	深圳	0.00	23.27	21	
002482	广田集团	0.54	9.35	0.05	9.32	9.35	166	166	0.00	          0.00	9.35	9.35	9.35	9.30	    36.50	155210	  0.40	装修装饰	深圳	0.00	9.35	83	
002588	史丹利	-0.19	10.66	-0.02	10.65	10.66	22	22	0.00	          0.00	10.66	10.66	10.66	10.68	    20.14	23452	  0.10	农药化肥	山东	0.00	10.66	11	
002601	龙蟒佰利	0.19	15.70	0.03	15.70	15.72	593	593	0.00	          0.01	15.70	15.70	15.70	15.67	   200.27	931010	  0.73	化工原料	河南	0.00	15.70	297	
002608	*ST舜船	-0.36	13.66	-0.05	13.66	13.69	355	355	0.00	          0.01	13.66	13.66	13.66	13.71	--  	484930	  0.50	船舶	江苏	0.00	13.66	178	
002617	露笑科技	1.21	15.90	0.19	15.71	15.90	188	188	0.00	          0.00	15.90	15.90	15.90	15.71	   180.41	298920	  1.54	电气设备	浙江	0.00	15.90	94	
002634	棒杰股份	-3.81	11.10	-0.44	11.09	11.10	9402	9402	0.00	          0.37	11.10	11.10	11.10	11.54	   130.67	10436220	  7.61	服饰	浙江	0.00	11.10	4701	
002637	赞宇科技	0.28	14.25	0.04	14.22	14.25	10	10	0.00	          0.00	14.25	14.25	14.25	14.21	    58.97	14250	  0.06	日用化工	浙江	0.00	14.25	5	
002646	青青稞酒	-0.10	20.27	-0.02	20.27	20.29	15	15	0.00	          0.00	20.27	20.27	20.27	20.29	    35.22	30405	  0.09	白酒	青海	0.00	20.27	8	
002661	克明面业	0.19	15.83	0.03	15.80	15.83	126	126	0.00	          0.00	15.83	15.83	15.83	15.80	    42.08	199458	  1.58	食品	湖南	0.00	15.83	63	
002665	首航节能	0.00	8.58	0.00	8.52	8.58	167	167	0.00	          0.00	8.58	8.58	8.58	8.58	   119.82	143286	  0.87	电气设备	北京	0.00	8.58	84	
002682	龙洲股份	0.14	14.03	0.02	13.92	14.03	32	32	0.00	          0.00	14.03	14.03	14.03	14.01	    96.36	44896	  0.24	公路	福建	0.00	14.03	16	
002692	睿康股份	0.00	11.27	0.00	11.27	11.36	20	20	0.00	          0.00	11.27	11.27	11.27	11.27	    69.74	22540	  0.17	电气设备	江苏	0.00	11.27	10	
002706	良信电器	--  	26.60	--  	26.60	26.96	0	0	--  	          0.00	--  	--  	--  	26.60	    39.27	0	  0.00	电气设备	上海	0.00	26.60	0	
002709	天赐材料	-0.48	53.47	-0.26	53.42	53.47	272	272	0.00	          0.02	53.47	53.47	53.47	53.73	    41.16	1454384	  0.72	化工原料	广东	0.00	53.47	136	
002736	国信证券	0.00	15.07	0.00	15.07	15.08	96	96	0.00	          0.00	15.07	15.07	15.07	15.07	    25.02	144672	  0.38	证券	深圳	0.00	15.07	48	
300018	中元股份	0.17	11.50	0.02	11.48	11.50	57	57	0.00	          0.00	11.50	11.50	11.50	11.48	    72.97	65550	  0.35	电气设备	湖北	0.00	11.50	29	
300024	机器人	-0.67	22.40	-0.15	22.40	22.44	821	821	0.00	          0.01	22.40	22.40	22.40	22.55	    85.08	1839622	  0.50	专用机械	辽宁	0.00	22.40	411	
300030	阳普医疗	0.30	13.55	0.04	13.48	13.55	111	111	0.00	          0.00	13.55	13.55	13.55	13.51	   145.86	150405	  0.40	医疗保健	广东	0.00	13.55	56	
300033	同花顺	0.37	68.50	0.25	68.50	68.52	162	162	0.00	          0.01	68.50	68.50	68.50	68.25	    30.39	1109700	  0.98	软件服务	浙江	0.00	68.50	81	
300034	钢研高纳	0.09	22.02	0.02	22.00	22.02	213	213	0.00	          0.01	22.02	22.02	22.02	22.00	   102.00	469026	  0.96	小金属	北京	0.00	22.02	107	
300039	上海凯宝	-0.10	10.50	-0.01	10.50	10.51	196	196	0.00	          0.00	10.50	10.50	10.50	10.51	    30.82	205800	  0.79	中成药	上海	0.00	10.50	98	
300059	东方财富	0.00	16.00	0.00	16.00	16.01	605	605	0.00	          0.00	16.00	16.00	16.00	16.00	    79.76	968000	  0.47	互联网	上海	0.00	16.00	303	
300072	三聚环保	0.02	54.99	0.01	54.98	54.99	1857	1857	0.00	          0.02	54.99	54.99	54.99	54.98	    40.57	10211643	  3.33	环境保护	北京	0.00	54.99	929	
300115	长盈精密	-0.21	29.15	-0.06	29.00	29.15	65	65	0.00	          0.00	29.15	29.15	29.15	29.21	    40.34	189475	  0.29	元器件	深圳	0.00	29.15	33	
300120	经纬电材	--  	15.39	--  	15.39	15.43	0	0	--  	          0.00	--  	--  	--  	15.39	   269.00	0	  0.00	电气设备	天津	0.00	15.39	0	
300124	汇川技术	-0.52	23.00	-0.12	22.97	23.00	354	354	0.00	          0.00	23.00	23.00	23.00	23.12	    41.71	814200	  0.80	电器仪表	深圳	0.00	23.00	177	
300125	易世达	--  	27.63	--  	27.50	27.74	0	0	--  	          0.00	--  	--  	--  	27.63	--  	0	  0.00	电气设备	辽宁	0.00	27.63	0	
300140	中环装备	0.00	16.42	0.00	16.32	16.42	68	68	0.00	          0.00	16.42	16.42	16.42	16.42	--  	111656	  0.62	电气设备	陕西	0.00	16.42	34	
300178	腾邦国际	0.49	16.50	0.08	16.40	16.50	28	28	0.00	          0.00	16.50	16.50	16.50	16.42	    55.67	46200	  0.18	旅游服务	深圳	0.00	16.50	14	
300185	通裕重工	0.00	3.05	0.00	3.04	3.05	720	720	0.00	          0.00	3.05	3.05	3.05	3.05	    64.26	219600	  0.63	工程机械	山东	0.00	3.05	360	
300187	永清环保	-0.24	12.64	-0.03	12.64	12.67	50	50	0.00	          0.00	12.64	12.64	12.64	12.67	    78.01	63200	  0.27	环境保护	湖南	0.00	12.64	25	
300211	亿通科技	--  	12.01	--  	12.01	12.07	0	0	--  	          0.00	--  	--  	--  	12.01	   325.69	0	  0.00	通信设备	江苏	0.00	12.01	0	
300216	千山药机	-0.57	31.15	-0.18	31.14	31.15	90	90	0.00	          0.00	31.15	31.15	31.15	31.33	   447.86	280350	  0.58	医疗保健	湖南	0.00	31.15	45	
300240	飞力达	-0.45	11.06	-0.05	11.05	11.06	42	42	0.00	          0.00	11.06	11.06	11.06	11.11	    49.00	46452	  0.12	仓储物流	江苏	0.00	11.06	21	
300246	宝莱特	-0.03	34.47	-0.01	34.46	34.47	6	6	0.00	          0.00	34.47	34.47	34.47	34.48	    73.87	20682	  0.11	医疗保健	广东	0.00	34.47	3	
300250	初灵信息	0.00	26.74	0.00	26.71	26.74	92	92	0.00	          0.01	26.74	26.74	26.74	26.74	    62.03	246008	  0.51	通信设备	浙江	0.00	26.74	46	
300253	卫宁健康	0.26	19.25	0.05	19.24	19.25	147	147	0.00	          0.00	19.25	19.25	19.25	19.20	    26.43	282975	  0.47	软件服务	上海	0.00	19.25	74	
300264	佳创视讯	0.00	11.00	0.00	11.00	11.04	12	12	0.00	          0.00	11.00	11.00	11.00	11.00	   333.04	13200	  0.06	通信设备	深圳	0.00	11.00	6	
300267	尔康制药	0.29	14.00	0.04	14.00	14.05	26	26	0.00	          0.00	14.00	14.00	14.00	13.96	    29.94	36400	  0.14	化学制药	湖南	0.00	14.00	13	
300277	海联讯	-0.09	11.65	-0.01	11.65	11.70	33	33	0.00	          0.00	11.65	11.65	11.65	11.66	--  	38445	  0.28	软件服务	深圳	0.00	11.65	17	
300305	裕兴股份	0.58	12.21	0.07	12.16	12.21	163	163	0.00	          0.01	12.21	12.21	12.21	12.14	    49.15	199023	  1.60	塑料	江苏	0.00	12.21	82	
300321	同大股份	0.12	34.06	0.04	34.01	34.06	56	56	0.00	          0.01	34.06	34.06	34.06	34.02	    97.99	190736	  1.22	塑料	山东	0.00	34.06	28	
300333	兆日科技	0.13	15.55	0.02	15.50	15.55	212	212	0.00	          0.01	15.55	15.55	15.55	15.53	   180.20	329660	  1.25	元器件	深圳	0.00	15.55	106	
300341	麦迪电气	--  	10.75	--  	10.70	10.75	0	0	--  	          0.00	--  	--  	--  	10.75	    58.48	0	  0.00	电气设备	福建	0.00	10.75	0	
300368	汇金股份	0.33	18.50	0.06	18.48	18.50	257	257	0.00	          0.01	18.50	18.50	18.50	18.44	  1225.59	475450	  1.21	专用机械	河北	0.00	18.50	129	
300386	飞天诚信	0.04	23.50	0.01	23.49	23.50	110	110	0.00	          0.01	23.50	23.50	23.50	23.49	    82.15	258500	  0.36	软件服务	北京	0.00	23.50	55	
300416	苏试试验	0.61	34.46	0.21	34.28	34.46	32	32	0.00	          0.01	34.46	34.46	34.46	34.25	    80.19	110272	  0.64	电器仪表	江苏	0.00	34.46	16	
300451	创业软件	0.70	35.81	0.25	35.76	35.81	33	33	0.00	          0.00	35.81	35.81	35.81	35.56	   319.19	118173	  0.48	软件服务	浙江	0.00	35.81	17	
600004	白云机场	-0.37	16.14	-0.06	16.12	16.14	1486	1486	0.00	          0.01	16.14	16.14	16.14	16.20	    13.17	2398404	  3.28	机场	广东	0.00	16.14	743	
600006	东风汽车	-0.14	7.12	-0.01	7.12	7.13	101	101	0.00	          0.00	7.12	7.12	7.12	7.13	    47.01	71912	  0.18	汽车整车	湖北	0.00	7.12	51	
600008	首创股份	0.23	4.38	0.01	4.37	4.38	1745	1745	0.00	          0.00	4.38	4.38	4.38	4.37	    40.33	764310	  0.58	环境保护	北京	0.00	4.38	873	
600009	上海机场	0.00	28.35	0.00	28.35	28.39	215	214	0.00	          0.00	28.35	28.35	28.35	28.35	    19.47	609327	  0.91	机场	上海	0.00	28.35	107	
600021	上海电力	-0.48	12.53	-0.06	12.51	12.53	304	304	0.00	          0.00	12.53	12.53	12.53	12.59	    24.58	380912	  0.76	火力发电	上海	0.00	12.53	152	
600026	中远海能	0.00	7.08	0.00	7.08	7.09	407	407	0.00	          0.00	7.08	7.08	7.08	7.08	     9.63	288156	  0.61	水运	上海	0.00	7.08	204	
600027	华电国际	0.00	5.09	0.00	5.08	5.09	628	628	0.00	          0.00	5.09	5.09	5.09	5.09	    10.13	319652	  0.62	火力发电	山东	0.00	5.09	314	
600029	南方航空	0.26	7.79	0.02	7.79	7.80	1895	1895	0.00	          0.00	7.79	7.79	7.79	7.77	     8.91	1476205	  0.76	空运	广东	0.00	7.79	948	
600031	三一重工	-0.39	7.63	-0.03	7.62	7.63	1142	1142	0.00	          0.00	7.63	7.63	7.63	7.66	   251.01	871346	  0.45	工程机械	湖南	0.00	7.63	571	
600037	歌华有线	0.07	15.25	0.01	15.24	15.25	319	319	0.00	          0.00	15.25	15.25	15.25	15.24	    26.76	486475	  1.11	影视音像	北京	0.00	15.25	160	
600039	四川路桥	0.00	4.83	0.00	4.82	4.83	1536	1536	0.00	          0.01	4.83	4.83	4.83	4.83	    19.02	741888	  1.53	建筑施工	四川	0.00	4.83	768	
600058	五矿发展	0.33	15.37	0.05	15.33	15.37	387	387	0.00	          0.00	15.37	15.37	15.37	15.32	   413.45	594819	  1.14	商贸代理	北京	0.00	15.37	194	
600059	古越龙山	0.00	10.70	0.00	10.70	10.72	52	52	0.00	          0.00	10.70	10.70	10.70	10.70	    67.67	55640	  0.15	红黄药酒	浙江	0.00	10.70	26	
600060	海信电器	-2.61	19.02	-0.51	19.02	19.20	15677	15677	0.00	          0.12	19.02	19.02	19.02	19.53	    14.15	29818568	 29.52	家用电器	山东	0.00	19.02	7839	
600062	华润双鹤	0.00	22.71	0.00	22.71	22.77	57	57	0.00	          0.00	22.71	22.71	22.71	22.71	    23.04	129447	  0.26	化学制药	北京	0.00	22.71	29	
600064	南京高科	0.06	17.29	0.01	17.29	17.30	13	13	0.00	          0.00	17.29	17.29	17.29	17.28	    11.04	22477	  0.06	园区开发	江苏	0.00	17.29	7	
600068	葛洲坝	0.00	10.98	0.00	10.98	10.99	1234	1233	0.00	          0.00	10.98	10.98	10.98	10.98	    16.91	1354383	  0.53	建筑施工	湖北	0.00	10.98	617	
600079	人福医药	0.39	20.50	0.08	20.50	20.54	301	301	0.00	          0.00	20.50	20.50	20.50	20.42	    31.74	617050	  0.89	化学制药	湖北	0.00	20.50	151	
600085	同仁堂	0.00	31.62	0.00	31.62	31.62	0	0	--  	          0.00	--  	--  	--  	31.62	    42.90	0	  0.47	中成药	北京	0.00	31.62	0	
600086	东方金钰	-0.74	10.79	-0.08	10.78	10.79	1845	1845	0.00	          0.02	10.79	10.79	10.79	10.87	    49.52	1990755	  3.47	服饰	湖北	0.00	10.79	923	
600089	特变电工	0.28	10.56	0.03	10.56	10.57	549	549	0.00	          0.00	10.56	10.56	10.56	10.53	    14.52	579744	  0.38	电气设备	新疆	0.00	10.56	275	
600109	国金证券	-0.08	13.15	-0.01	13.15	13.16	247	246	0.00	          0.00	13.15	13.15	13.15	13.16	    29.42	324581	  0.34	证券	四川	0.00	13.15	123	
600111	北方稀土	0.70	12.91	0.09	12.90	12.91	2573	2573	0.00	          0.01	12.91	12.91	12.91	12.82	  1024.45	3321743	  3.81	小金属	内蒙	0.00	12.91	1287	
600112	天成控股	0.37	10.88	0.04	10.85	10.88	594	594	0.00	          0.01	10.88	10.88	10.88	10.84	   757.15	646272	  0.83	电气设备	贵州	0.00	10.88	297	
600120	浙江东方	-0.07	30.45	-0.02	30.44	30.45	927	927	0.00	          0.02	30.45	30.45	30.45	30.47	    24.37	2822715	  1.67	商贸代理	浙江	0.00	30.45	464	
600125	铁龙物流	-0.21	9.72	-0.02	9.71	9.72	265	265	0.00	          0.00	9.72	9.72	9.72	9.74	    49.34	257580	  0.33	铁路	辽宁	0.00	9.72	133	
600132	重庆啤酒	0.09	21.63	0.02	21.63	21.68	76	76	0.00	          0.00	21.63	21.63	21.63	21.61	    29.79	164388	  0.36	啤酒	重庆	0.00	21.63	38	
600138	中青旅	-0.09	21.86	-0.02	21.84	21.86	47	47	0.00	          0.00	21.86	21.86	21.86	21.88	    27.05	102742	  0.12	旅游服务	北京	0.00	21.86	24	
600141	兴发集团	-0.14	14.20	-0.02	14.17	14.20	96	96	0.00	          0.00	14.20	14.20	14.20	14.22	    69.43	136320	  0.28	化工原料	湖北	0.00	14.20	48	
600143	金发科技	--  	7.74	--  	--  	--  	0	0	--  	          0.00	--  	--  	--  	7.74	    25.57	0	  0.00	塑料	广东	0.00	7.74	0	
600150	中国船舶	0.18	27.97	0.05	27.95	27.97	587	587	0.00	          0.00	27.97	27.97	27.97	27.92	--  	1641839	  0.77	船舶	上海	0.00	27.97	294	
600158	中体产业	0.20	19.93	0.04	19.92	19.93	466	466	0.00	          0.01	19.93	19.93	19.93	19.89	   616.05	928738	  0.53	文教休闲	天津	0.00	19.93	233	
600166	福田汽车	0.30	3.35	0.01	3.34	3.35	1406	1406	0.00	          0.00	3.35	3.35	3.35	3.34	    72.21	471010	  0.77	汽车整车	北京	0.00	3.35	703	
600169	太原重工	0.00	4.42	0.00	4.42	4.44	175	175	0.00	          0.00	4.42	4.42	4.42	4.42	--  	77350	  0.19	工程机械	山西	0.00	4.42	88	
600170	上海建工	0.00	4.92	0.00	4.91	4.92	459	459	0.00	          0.00	4.92	4.92	4.92	4.92	    16.67	225828	  0.41	建筑施工	上海	0.00	4.92	230	
600171	上海贝岭	0.21	14.01	0.03	14.00	14.01	445	445	0.00	          0.01	14.01	14.01	14.01	13.98	   181.43	623445	  1.62	半导体	上海	0.00	14.01	223	
600175	美都能源	-0.20	4.94	-0.01	4.94	4.95	569	569	0.00	          0.00	4.94	4.94	4.94	4.95	   162.23	281086	  1.98	综合类	浙江	0.00	4.94	285	
600176	中国巨石	0.00	10.24	0.00	10.24	10.25	387	387	0.00	          0.00	10.24	10.24	10.24	10.24	    16.36	396288	  0.37	玻璃	浙江	0.00	10.24	194	
600177	雅戈尔	0.14	13.98	0.02	13.97	13.98	267	267	0.00	          0.00	13.98	13.98	13.98	13.96	     8.11	373266	  0.95	服饰	浙江	0.00	13.98	134	
600185	格力地产	-0.17	5.98	-0.01	5.97	5.98	702	702	0.00	          0.00	5.98	5.98	5.98	5.99	    25.30	419796	  2.13	区域地产	广东	0.00	5.98	351	
600195	中牧股份	0.05	20.91	0.01	20.90	20.91	43	43	0.00	          0.00	20.91	20.91	20.91	20.90	    31.40	89913	  0.41	饲料	北京	0.00	20.91	22	
600196	复星医药	0.08	26.01	0.02	26.01	26.07	105	105	0.00	          0.00	26.01	26.01	26.01	25.99	    21.64	273729	  0.32	化学制药	上海	0.00	26.01	53	
600198	大唐电信	-0.24	16.90	-0.04	16.90	16.91	391	391	0.00	          0.00	16.90	16.90	16.90	16.94	--  	660790	  0.55	通信设备	北京	0.00	16.90	196	
600199	金种子酒	0.20	10.09	0.02	10.09	10.10	1343	1343	0.00	          0.02	10.09	10.09	10.09	10.07	   419.30	1355087	  1.99	白酒	安徽	0.00	10.09	672	
600200	江苏吴中	0.48	16.70	0.08	16.78	16.78	0	0	--  	          0.00	--  	--  	--  	16.70	   149.91	0	  0.90	综合类	江苏	0.00	16.70	0	
600201	生物股份	0.90	34.65	0.31	34.34	34.65	101	101	0.00	          0.00	34.65	34.65	34.65	34.34	    32.85	349965	  0.62	生物制药	内蒙	0.00	34.65	51	
600208	新湖中宝	--  	5.14	--  	--  	--  	0	0	--  	          0.00	--  	--  	--  	5.14	    47.74	0	  0.00	全国地产	浙江	0.00	5.14	0	
600219	南山铝业	-0.29	3.38	-0.01	3.37	3.38	989	989	0.00	          0.00	3.38	3.38	3.38	3.39	    50.81	334282	  0.44	铝	山东	0.00	3.38	495	
600220	江苏阳光	0.00	4.31	0.00	4.30	4.31	145	145	0.00	          0.00	4.31	4.31	4.31	4.31	    43.99	62495	  0.34	纺织	江苏	0.00	4.31	73	
600251	冠农股份	-0.12	8.62	-0.01	8.61	8.62	215	215	0.00	          0.00	8.62	8.62	8.62	8.63	   416.12	185330	  0.32	农业综合	新疆	0.00	8.62	108	
600252	中恒集团	-0.22	4.62	-0.01	4.61	4.62	578	578	0.00	          0.00	4.62	4.62	4.62	4.63	    27.78	267036	  0.68	中成药	广西	0.00	4.62	289	
600256	广汇能源	-0.22	4.57	-0.01	4.57	4.58	724	724	0.00	          0.00	4.57	4.57	4.57	4.58	   108.78	330868	  0.80	石油开采	新疆	0.00	4.57	362	
600259	广晟有色	0.24	46.80	0.11	46.91	46.91	0	0	--  	          0.00	--  	--  	--  	46.80	--  	0	  1.31	小金属	海南	0.00	46.80	0	
600261	阳光照明	-0.13	7.57	-0.01	7.56	7.56	0	0	--  	          0.00	--  	--  	--  	7.57	    23.24	0	  0.21	家用电器	浙江	0.00	7.57	0	
600271	航天信息	--  	20.60	--  	--  	--  	0	0	--  	          0.00	--  	--  	--  	20.60	    30.49	0	  0.00	电脑设备	北京	0.00	20.60	0	
600276	恒瑞医药	0.08	50.80	0.04	50.80	50.81	118	117	0.00	          0.00	50.80	50.80	50.80	50.76	    46.06	598475	  0.46	化学制药	江苏	0.00	50.80	59	
600289	亿阳信通	0.08	13.33	0.01	13.33	13.35	48	48	0.00	          0.00	13.33	13.33	13.33	13.32	   318.32	63984	  0.17	软件服务	黑龙江	0.00	13.33	24	
600298	安琪酵母	-0.10	20.87	-0.02	20.86	20.87	153	153	0.00	          0.00	20.87	20.87	20.87	20.89	    33.70	319311	  0.41	食品	湖北	0.00	20.87	77	
600300	维维股份	0.29	6.87	0.02	6.87	6.88	20	20	0.00	          0.00	6.87	6.87	6.87	6.85	    89.35	13740	  0.04	软饮料	江苏	0.00	6.87	10	
600309	万华化学	0.19	26.80	0.05	26.80	26.87	560	560	0.00	          0.00	26.80	26.80	26.80	26.75	    18.32	1500800	  0.60	化工原料	山东	0.00	26.80	280	
600317	营口港	0.00	3.51	0.00	3.50	3.51	311	311	0.00	          0.00	3.51	3.51	3.51	3.51	    48.24	109161	  0.35	港口	辽宁	0.00	3.51	156	
600320	振华重工	0.37	5.44	0.02	5.43	5.44	580	580	0.00	          0.00	5.44	5.44	5.44	5.42	   115.14	315520	  1.12	工程机械	上海	0.00	5.44	290	
600325	华发股份	0.36	13.77	0.05	13.77	13.78	1843	1843	0.00	          0.02	13.77	13.77	13.77	13.72	    31.80	2537811	  3.94	区域地产	广东	0.00	13.77	922	
600332	白云山	0.00	28.21	0.00	28.21	28.22	400	400	0.00	          0.00	28.21	28.21	28.21	28.21	    32.56	1128400	  0.87	中成药	广东	0.00	28.21	200	
600335	国机汽车	0.78	14.19	0.11	14.18	14.19	49	49	0.00	          0.00	14.19	14.19	14.19	14.08	    20.48	69531	  0.18	汽车配件	天津	0.00	14.19	25	
600337	美克家居	-0.95	14.58	-0.14	14.57	14.58	7532	7532	0.00	          0.12	14.58	14.58	14.58	14.72	    32.31	10981656	  9.96	家居用品	新疆	0.00	14.58	3766	
600340	华夏幸福	0.11	27.36	0.03	27.36	27.39	971	971	0.00	          0.00	27.36	27.36	27.36	27.33	    13.17	2656656	  1.02	区域地产	河北	0.00	27.36	486	
600348	阳泉煤业	-0.29	6.92	-0.02	6.91	6.92	271	271	0.00	          0.00	6.92	6.92	6.92	6.94	    98.30	187532	  0.22	煤炭开采	山西	0.00	6.92	136	
600352	浙江龙盛	-0.10	9.58	-0.01	9.58	9.59	269	269	0.00	          0.00	9.58	9.58	9.58	9.59	    16.43	257702	  0.45	染料涂料	浙江	0.00	9.58	135	
600362	江西铜业	0.32	18.99	0.06	18.98	18.99	5163	5163	0.00	          0.02	18.99	18.99	18.99	18.93	    49.90	9804537	  3.84	铜	江西	0.00	18.99	2582	
600369	西南证券	-0.29	6.89	-0.02	6.87	6.87	0	0	--  	          0.00	--  	--  	--  	6.89	    27.61	0	  0.52	证券	重庆	0.00	6.89	0	
600373	中文传媒	0.18	21.64	0.04	21.68	21.68	0	0	--  	          0.00	--  	--  	--  	21.64	    22.62	0	  1.26	出版业	江西	0.00	21.64	0	
600376	首开股份	-0.23	12.87	-0.03	12.84	12.84	0	0	--  	          0.00	--  	--  	--  	12.87	    20.66	0	  0.40	区域地产	北京	0.00	12.87	0	
600387	海越股份	--  	17.94	--  	--  	--  	0	0	--  	          0.00	--  	--  	--  	17.94	--  	0	  0.00	石油贸易	浙江	0.00	17.94	0	
600389	江山股份	--  	18.91	--  	18.92	18.99	0	0	--  	          0.00	--  	--  	--  	18.91	   520.93	0	  0.00	农药化肥	江苏	0.00	18.91	0	
600406	国电南瑞	--  	16.63	--  	--  	--  	0	0	--  	          0.00	--  	--  	--  	16.63	    39.46	0	  0.00	软件服务	江苏	0.00	16.63	0	
600409	三友化工	0.11	9.43	0.01	9.43	9.44	339	339	0.00	          0.00	9.43	9.43	9.43	9.42	    22.95	319677	  0.32	化工原料	河北	0.00	9.43	170	
600410	华胜天成	0.00	10.40	0.00	10.40	10.40	0	0	--  	          0.00	--  	--  	--  	10.40	   341.85	0	  0.97	软件服务	北京	0.00	10.40	0	
600415	小商品城	0.00	7.56	0.00	7.56	7.56	0	0	--  	          0.00	--  	--  	--  	7.56	    37.15	0	  0.57	商品城	浙江	0.00	7.56	0	
600416	湘电股份	-0.35	17.17	-0.06	17.16	17.17	181	181	0.00	          0.00	17.17	17.17	17.17	17.23	   124.92	310777	  0.31	电气设备	湖南	0.00	17.17	91	
600422	昆药集团	0.00	12.94	0.00	12.94	12.95	102	102	0.00	          0.00	12.94	12.94	12.94	12.94	    23.17	131988	  0.41	中成药	云南	0.00	12.94	51	
600425	青松建化	-0.16	6.09	-0.01	6.08	6.09	1354	1354	0.00	          0.01	6.09	6.09	6.09	6.10	--  	824586	  0.65	水泥	新疆	0.00	6.09	677	
600426	华鲁恒升	-0.52	13.35	-0.07	13.35	13.36	117	117	0.00	          0.00	13.35	13.35	13.35	13.42	    19.36	156195	  0.20	农药化肥	山东	0.00	13.35	59	
600428	中远海特	-0.14	6.95	-0.01	6.94	6.94	0	0	--  	          0.00	--  	--  	--  	6.95	   337.12	0	  0.37	水运	广东	0.00	6.95	0	
600429	三元股份	0.24	8.26	0.02	8.25	8.26	60	60	0.00	          0.00	8.26	8.26	8.26	8.24	    54.20	49560	  0.27	乳制品	北京	0.00	8.26	30	
600435	北方导航	-0.18	16.25	-0.03	16.24	16.25	1141	1141	0.00	          0.01	16.25	16.25	16.25	16.28	  4752.84	1854125	  0.43	专用机械	北京	0.00	16.25	571	
600436	片仔癀	-0.37	48.32	-0.18	48.32	48.50	80	80	0.00	          0.00	48.32	48.32	48.32	48.50	    45.45	386560	  0.58	中成药	福建	0.00	48.32	40	
600456	宝钛股份	-0.13	23.35	-0.03	23.35	23.36	2552	2552	0.00	          0.06	23.35	23.35	23.35	23.38	--  	5959574	  3.60	小金属	陕西	0.00	23.35	1276	
600468	百利电气	--  	12.47	--  	12.47	12.49	0	0	--  	          0.00	--  	--  	--  	12.47	   129.63	0	  0.00	电气设备	天津	0.00	12.47	0	
600481	双良节能	--  	8.35	--  	--  	--  	0	0	--  	          0.00	--  	--  	--  	8.35	    77.51	0	  0.00	环境保护	江苏	0.00	8.35	0	
600489	中金黄金	-0.33	12.07	-0.04	12.06	12.07	1362	1362	0.00	          0.00	12.07	12.07	12.07	12.11	    76.48	1643934	  1.23	黄金	北京	0.00	12.07	681	
600507	方大特钢	-0.39	7.64	-0.03	7.62	7.64	323	323	0.00	          0.00	7.64	7.64	7.64	7.67	    16.41	246772	  0.56	特种钢	江西	0.00	7.64	162	
600509	天富能源	0.12	8.03	0.01	8.04	8.04	0	0	--  	          0.00	--  	--  	--  	8.03	    19.94	0	  1.49	火力发电	新疆	0.00	8.03	0	
600511	国药股份	0.06	33.47	0.02	33.45	33.47	18	18	0.00	          0.00	33.47	33.47	33.47	33.45	    27.61	60246	  0.12	医药商业	北京	0.00	33.47	9	
600518	康美药业	-0.46	17.41	-0.08	17.41	17.48	103	103	0.00	          0.00	17.41	17.41	17.41	17.49	    24.92	179323	  0.25	中成药	广东	0.00	17.41	52	
600519	贵州茅台	0.00	371.55	0.00	371.00	371.55	84	84	0.00	          0.00	371.55	371.55	371.55	371.55	    28.08	3121020	  0.66	白酒	贵州	0.00	371.55	42	
600522	中天科技	-0.17	11.44	-0.02	11.44	11.45	2791	2790	0.00	          0.01	11.44	11.44	11.44	11.46	    22.98	3192893	  1.78	通信设备	江苏	0.00	11.44	1395	
600528	中铁工业	-0.13	15.29	-0.02	15.27	15.27	0	0	--  	          0.00	--  	--  	--  	15.29	   183.81	0	  0.35	建筑施工	四川	0.00	15.29	0	
600535	天士力	0.05	39.21	0.02	39.23	39.23	0	0	--  	          0.00	--  	--  	--  	39.21	    31.68	0	  0.91	中成药	天津	0.00	39.21	0	
600537	亿晶光电	0.14	7.33	0.01	7.32	7.33	269	269	0.00	          0.00	7.33	7.33	7.33	7.32	    16.75	197177	  0.54	半导体	浙江	0.00	7.33	135	
600546	*ST山煤	0.00	5.12	0.00	5.12	5.13	128	128	0.00	          0.00	5.12	5.12	5.12	5.12	--  	65536	  0.20	煤炭开采	山西	0.00	5.12	64	
600557	康缘药业	0.06	17.93	0.01	17.94	17.94	0	0	--  	          0.00	--  	--  	--  	17.93	    28.29	0	  0.02	中成药	江苏	0.00	17.93	0	
600563	法拉电子	0.00	38.81	0.00	38.81	38.83	39	39	0.00	          0.00	38.81	38.81	38.81	38.81	    23.91	151359	  0.24	元器件	福建	0.00	38.81	20	
600570	恒生电子	0.20	45.00	0.09	44.91	45.00	157	157	0.00	          0.00	45.00	45.00	45.00	44.91	   101.54	706500	  0.42	软件服务	浙江	0.00	45.00	79	
600572	康恩贝	0.14	6.95	0.01	6.95	6.96	469	468	0.00	          0.00	6.95	6.95	6.95	6.94	    29.07	325608	  2.17	中成药	浙江	0.00	6.95	234	
600578	京能电力	0.23	4.31	0.01	4.30	4.31	411	411	0.00	          0.00	4.31	4.31	4.31	4.30	    17.49	177141	  1.37	火力发电	北京	0.00	4.31	206	
600583	海油工程	-0.65	7.66	-0.05	7.66	7.68	1470	1470	0.00	          0.00	7.66	7.66	7.66	7.71	    22.72	1126020	  1.14	石油开采	天津	0.00	7.66	735	
600584	长电科技	-0.51	19.38	-0.10	19.38	19.40	620	620	0.00	          0.01	19.38	19.38	19.38	19.48	   252.15	1201560	  0.88	半导体	江苏	0.00	19.38	310	
600585	海螺水泥	0.10	20.43	0.02	20.43	20.44	231	231	0.00	          0.00	20.43	20.43	20.43	20.41	    13.60	471933	  0.47	水泥	安徽	0.00	20.43	116	
600586	金晶科技	0.21	4.73	0.01	4.72	4.73	475	475	0.00	          0.00	4.73	4.73	4.73	4.72	   121.59	224675	  0.78	玻璃	山东	0.00	4.73	238	
600587	新华医疗	-0.12	24.60	-0.03	24.59	24.60	50	50	0.00	          0.00	24.60	24.60	24.60	24.63	    51.14	123000	  0.57	医疗保健	山东	0.00	24.60	25	
600588	用友网络	0.05	19.28	0.01	19.27	19.28	103	103	0.00	          0.00	19.28	19.28	19.28	19.27	--  	198584	  0.38	软件服务	北京	0.00	19.28	52	
600594	益佰制药	-0.11	18.28	-0.02	18.25	18.28	76	76	0.00	          0.00	18.28	18.28	18.28	18.30	    37.42	138928	  0.10	中成药	贵州	0.00	18.28	38	
600596	新安股份	-0.20	10.08	-0.02	10.08	10.09	100	100	0.00	          0.00	10.08	10.08	10.08	10.10	--  	100800	  0.13	农药化肥	浙江	0.00	10.08	50	
600597	光明乳业	0.15	13.08	0.02	13.10	13.10	0	0	--  	          0.00	--  	--  	--  	13.08	    28.37	0	  0.25	乳制品	上海	0.00	13.08	0	
600600	青岛啤酒	-0.09	33.41	-0.03	33.40	33.41	26	26	0.00	          0.00	33.41	33.41	33.41	33.44	    18.40	86866	  0.39	啤酒	山东	0.00	33.41	13	
600601	方正科技	0.00	4.59	0.00	4.58	4.59	120	120	0.00	          0.00	4.59	4.59	4.59	4.59	--  	55080	  0.10	电脑设备	上海	0.00	4.59	60	
600614	鹏起科技	0.62	13.05	0.08	13.03	13.05	406	406	0.00	          0.00	13.05	13.05	13.05	12.97	    87.68	529830	  0.39	综合类	上海	0.00	13.05	203	
600636	三爱富	--  	13.86	--  	--  	--  	0	0	--  	          0.00	--  	--  	--  	13.86	--  	0	  0.00	化工原料	上海	0.00	13.86	0	
600637	东方明珠	-0.04	22.98	-0.01	22.98	22.99	76	76	0.00	          0.00	22.98	22.98	22.98	22.99	    23.60	174648	  0.30	影视音像	上海	0.00	22.98	38	
600640	号百控股	-0.75	19.73	-0.15	19.73	19.87	50	50	0.00	          0.00	19.73	19.73	19.73	19.88	   474.03	98650	  0.18	酒店餐饮	上海	0.00	19.73	25	
600642	申能股份	-0.16	6.23	-0.01	6.23	6.24	45	45	0.00	          0.00	6.23	6.23	6.23	6.24	    11.67	28066	  0.10	火力发电	上海	0.00	6.23	23	
600651	飞乐音响	0.10	10.30	0.01	10.30	10.32	60	60	0.00	          0.00	10.30	10.30	10.30	10.29	    69.66	61800	  0.15	电器仪表	上海	0.00	10.30	30	
600655	豫园商城	--  	11.42	--  	--  	--  	0	0	--  	          0.00	--  	--  	--  	11.42	    29.09	0	  0.00	百货	上海	0.00	11.42	0	
600657	信达地产	--  	5.88	--  	--  	--  	0	0	--  	          0.00	--  	--  	--  	5.88	    39.02	0	  0.00	全国地产	北京	0.00	5.88	0	
600660	福耀玻璃	-0.10	20.60	-0.02	20.59	20.60	337	337	0.00	          0.00	20.60	20.60	20.60	20.62	    16.44	694220	  0.47	汽车配件	福建	0.00	20.60	169	
600664	哈药股份	0.00	8.51	0.00	8.51	8.52	87	87	0.00	          0.00	8.51	8.51	8.51	8.51	    27.44	74037	  0.14	化学制药	黑龙江	0.00	8.51	44	
600673	东阳光科	--  	7.29	--  	--  	--  	0	0	--  	          0.00	--  	--  	--  	7.29	   191.04	0	  0.00	铝	广东	0.00	7.29	0	
600674	川投能源	0.23	8.84	0.02	8.84	8.85	1342	1342	0.00	          0.00	8.84	8.84	8.84	8.82	    10.42	1186425	  2.83	水力发电	四川	0.00	8.84	671	
600675	中华企业	0.54	7.50	0.04	7.50	7.52	503	503	0.00	          0.00	7.50	7.50	7.50	7.46	    21.36	377250	  0.64	区域地产	上海	0.00	7.50	252	
600685	中船防务	-0.60	33.48	-0.20	33.28	33.28	0	0	--  	          0.00	--  	--  	--  	33.48	  5374.25	0	  0.59	船舶	广东	0.00	33.48	0	
600690	青岛海尔	-0.09	11.29	-0.01	11.28	11.28	0	0	--  	          0.00	--  	--  	--  	11.29	    13.51	0	  1.04	家用电器	山东	0.00	11.29	0	
600694	大商股份	-0.24	41.81	-0.10	41.81	41.82	69	69	0.00	          0.00	41.81	41.81	41.81	41.91	    14.21	288489	  0.78	百货	辽宁	0.00	41.81	35	
600703	三安光电	0.13	15.71	0.02	15.69	15.71	113	113	0.00	          0.00	15.71	15.71	15.71	15.69	    32.13	177523	  0.17	半导体	湖北	0.00	15.71	57	
600705	中航资本	-0.31	6.49	-0.02	6.48	6.49	2957	2957	0.00	          0.00	6.49	6.49	6.49	6.51	    25.07	1919093	  0.95	多元金融	黑龙江	0.00	6.49	1479	
600717	天津港	-0.36	11.10	-0.04	11.09	11.10	820	820	0.00	          0.00	11.10	11.10	11.10	11.14	    13.93	910200	  2.04	港口	天津	0.00	11.10	410	
600720	祁连山	-0.10	9.92	-0.01	9.91	9.91	0	0	--  	          0.00	--  	--  	--  	9.92	    28.34	0	  0.23	水泥	甘肃	0.00	9.92	0	
600737	中粮糖业	-0.09	11.52	-0.01	11.51	11.52	258	258	0.00	          0.00	11.52	11.52	11.52	11.53	    53.36	297216	  0.31	食品	新疆	0.00	11.52	129	
600741	华域汽车	0.12	16.60	0.02	16.60	16.61	396	396	0.00	          0.00	16.60	16.60	16.60	16.58	     8.79	657360	  0.74	汽车配件	上海	0.00	16.60	198	
600743	华远地产	0.22	4.62	0.01	4.62	4.63	143	143	0.00	          0.00	4.62	4.62	4.62	4.61	    23.20	66066	  0.45	区域地产	北京	0.00	4.62	72	
600747	大连控股	--  	5.20	--  	--  	--  	0	0	--  	          0.00	--  	--  	--  	5.20	--  	0	  0.00	多元金融	辽宁	0.00	5.20	0	
600750	江中药业	0.74	35.49	0.26	35.49	35.50	496	496	0.00	          0.02	35.49	35.49	35.49	35.23	    31.25	1760304	  1.78	中成药	江西	0.00	35.49	248	
600755	厦门国贸	0.00	8.64	0.00	8.64	8.64	0	0	--  	          0.00	--  	--  	--  	8.64	    13.76	0	  0.26	商贸代理	福建	0.00	8.64	0	
600759	洲际油气	-0.12	8.08	-0.01	8.07	8.07	0	0	--  	          0.00	--  	--  	--  	8.08	  1562.96	0	  0.46	石油开采	海南	0.00	8.08	0	
600761	安徽合力	-0.41	14.45	-0.06	14.41	14.45	174	174	0.00	          0.00	14.45	14.45	14.45	14.51	    22.04	251430	  0.41	工程机械	安徽	0.00	14.45	87	
600770	综艺股份	-0.51	9.84	-0.05	9.84	9.88	162	162	0.00	          0.00	9.84	9.84	9.84	9.89	   234.53	159408	  0.44	综合类	江苏	0.00	9.84	81	
600776	东方通信	-0.24	8.46	-0.02	8.44	8.44	0	0	--  	          0.00	--  	--  	--  	8.46	   118.35	0	  0.40	通信设备	浙江	0.00	8.46	0	
600780	通宝能源	--  	5.86	--  	5.85	5.88	0	0	--  	          0.00	--  	--  	--  	5.86	    45.44	0	  0.00	火力发电	山西	0.00	5.86	0	
600787	中储股份	0.00	9.20	0.00	9.19	9.20	150	150	0.00	          0.00	9.20	9.20	9.20	9.20	    35.26	138000	  0.23	仓储物流	天津	0.00	9.20	75	
600801	华新水泥	0.96	9.46	0.09	9.46	9.47	1531	1531	0.00	          0.02	9.46	9.46	9.46	9.37	    66.07	1448326	  2.08	水泥	湖北	0.00	9.46	766	
600805	悦达投资	0.12	8.59	0.01	8.58	8.59	99	99	0.00	          0.00	8.59	8.59	8.59	8.58	    61.72	85041	  0.34	综合类	江苏	0.00	8.59	50	
600808	马钢股份	0.59	3.39	0.02	3.39	3.40	5890	5890	0.00	          0.01	3.39	3.39	3.39	3.37	    25.78	1996710	  2.58	普钢	安徽	0.00	3.39	2945	
600809	山西汾酒	-0.16	31.41	-0.05	31.41	31.46	267	267	0.00	          0.00	31.41	31.41	31.41	31.46	    45.21	838647	  0.62	白酒	山西	0.00	31.41	134	
600811	东方集团	0.00	7.22	0.00	7.20	7.22	214	214	0.00	          0.00	7.22	7.22	7.22	7.22	    30.52	154508	  0.64	综合类	黑龙江	0.00	7.22	107	
600812	华北制药	0.00	6.22	0.00	6.20	6.22	109	109	0.00	          0.00	6.22	6.22	6.22	6.22	   117.48	67798	  0.62	化学制药	河北	0.00	6.22	55	
600816	安信信托	-0.34	11.80	-0.04	11.79	11.80	1108	1108	0.00	          0.00	11.80	11.80	11.80	11.84	    17.73	1307440	  0.32	多元金融	上海	0.00	11.80	554	
600823	世茂股份	0.00	7.38	0.00	7.37	7.38	811	811	0.00	          0.00	7.38	7.38	7.38	7.38	    10.50	598518	  1.69	全国地产	上海	0.00	7.38	406	
600825	新华传媒	0.00	8.87	0.00	8.87	8.92	14	14	0.00	          0.00	8.87	8.87	8.87	8.87	   190.34	12418	  0.08	出版业	上海	0.00	8.87	7	
600826	兰生股份	0.11	27.11	0.03	27.10	27.11	18	18	0.00	          0.00	27.11	27.11	27.11	27.08	    13.57	48798	  0.13	商贸代理	上海	0.00	27.11	9	
600831	广电网络	-0.46	13.08	-0.06	13.08	13.10	184	184	0.00	          0.00	13.08	13.08	13.08	13.14	    48.29	240672	  0.74	影视音像	陕西	0.00	13.08	92	
600839	四川长虹	0.00	4.36	0.00	4.36	4.36	0	0	--  	          0.00	--  	--  	--  	4.36	    28.93	0	  0.74	家用电器	四川	0.00	4.36	0	
600859	王府井	--  	16.28	--  	--  	--  	0	0	--  	          0.00	--  	--  	--  	16.28	    21.61	0	  0.00	百货	北京	0.00	16.28	0	
600863	内蒙华电	-0.31	3.23	-0.01	3.22	3.22	0	0	--  	          0.00	--  	--  	--  	3.23	    25.80	0	  0.94	火力发电	内蒙	0.00	3.23	0	
600864	哈投股份	0.00	10.70	0.00	10.63	10.70	314	314	0.00	          0.01	10.70	10.70	10.70	10.70	    45.51	335980	  0.69	火力发电	黑龙江	0.00	10.70	157	
600875	东方电气	--  	10.79	--  	--  	--  	0	0	--  	          0.00	--  	--  	--  	10.79	--  	0	  0.00	电气设备	四川	0.00	10.79	0	
600880	博瑞传播	-0.58	8.52	-0.05	8.52	8.53	267	267	0.00	          0.00	8.52	8.52	8.52	8.57	   154.90	227484	  0.32	广告包装	四川	0.00	8.52	134	
600881	亚泰集团	0.34	5.92	0.02	5.90	5.92	314	314	0.00	          0.00	5.92	5.92	5.92	5.90	    98.59	185888	  0.59	水泥	吉林	0.00	5.92	157	
600884	杉杉股份	-0.53	14.91	-0.08	14.91	14.92	322	322	0.00	          0.00	14.91	14.91	14.91	14.99	    46.85	480102	  0.38	服饰	浙江	0.00	14.91	161	
600887	伊利股份	0.11	18.54	0.02	18.53	18.54	889	889	0.00	          0.00	18.54	18.54	18.54	18.52	    19.26	1648206	  0.49	乳制品	内蒙	0.00	18.54	445	
600895	张江高科	0.06	18.04	0.01	18.03	18.04	196	196	0.00	          0.00	18.04	18.04	18.04	18.03	    54.02	353584	  0.62	园区开发	上海	0.00	18.04	98	
600958	东方证券	0.07	15.27	0.01	15.26	15.27	361	361	0.00	          0.00	15.27	15.27	15.27	15.26	    37.95	551247	  0.92	证券	上海	0.00	15.27	181	
600983	惠而浦	0.00	10.96	0.00	10.96	10.99	24	24	0.00	          0.00	10.96	10.96	10.96	10.96	    25.27	26304	  0.14	家用电器	安徽	0.00	10.96	12	
600997	开滦股份	-0.28	7.02	-0.02	7.01	7.02	35	35	0.00	          0.00	7.02	7.02	7.02	7.04	    41.01	24570	  0.11	煤炭开采	河北	0.00	7.02	18	
600999	招商证券	-0.12	16.68	-0.02	16.67	16.68	95	95	0.00	          0.00	16.68	16.68	16.68	16.70	    21.07	158460	  0.28	证券	深圳	0.00	16.68	48	
601000	唐山港	0.22	4.60	0.01	4.59	4.60	755	755	0.00	          0.00	4.60	4.60	4.60	4.59	    16.36	347300	  0.62	港口	河北	0.00	4.60	378	
601001	大同煤业	0.16	6.33	0.01	6.34	6.34	0	0	--  	          0.00	--  	--  	--  	6.33	    30.83	0	  1.08	煤炭开采	山西	0.00	6.33	0	
601005	重庆钢铁	--  	2.52	--  	--  	--  	0	0	--  	          0.00	--  	--  	--  	2.52	--  	0	  0.00	普钢	重庆	0.00	2.52	0	
601009	南京银行	0.00	11.79	0.00	11.78	11.79	389	389	0.00	          0.00	11.79	11.79	11.79	11.79	     8.43	458631	  0.35	银行	江苏	0.00	11.79	195	
601098	中南传媒	0.00	17.20	0.00	17.20	17.20	0	0	--  	          0.00	--  	--  	--  	17.20	    19.68	0	  0.37	出版业	湖南	0.00	17.20	0	
601099	太平洋	0.00	5.09	0.00	5.08	5.09	1310	1310	0.00	          0.00	5.09	5.09	5.09	5.09	    51.96	666790	  0.58	证券	云南	0.00	5.09	655	
601101	昊华能源	0.14	7.18	0.01	7.17	7.18	306	306	0.00	          0.00	7.18	7.18	7.18	7.17	--  	219708	  1.44	煤炭开采	北京	0.00	7.18	153	
601106	中国一重	-0.46	4.29	-0.02	4.28	4.29	1549	1549	0.00	          0.00	4.29	4.29	4.29	4.31	--  	664521	  1.05	工程机械	黑龙江	0.00	4.29	775	
601117	中国化学	0.13	7.87	0.01	7.87	7.88	1065	1065	0.00	          0.00	7.87	7.87	7.87	7.86	    20.18	838155	  0.87	建筑施工	北京	0.00	7.87	533	
601126	四方股份	0.19	10.52	0.02	10.50	10.52	384	384	0.00	          0.00	10.52	10.52	10.52	10.50	    42.72	403968	  1.03	电气设备	北京	0.00	10.52	192	
601158	重庆水务	0.00	8.15	0.00	8.15	8.18	12	12	0.00	          0.00	8.15	8.15	8.15	8.15	    23.33	9780	  0.03	水务	重庆	0.00	8.15	6	
601179	中国西电	-0.51	5.90	-0.03	5.90	5.92	273	273	0.00	          0.00	5.90	5.90	5.90	5.93	    30.05	161070	  0.64	电气设备	陕西	0.00	5.90	137	
601208	东材科技	0.38	8.01	0.03	8.00	8.01	614	614	0.00	          0.01	8.01	8.01	8.01	7.98	    93.97	491814	  1.35	化工原料	四川	0.00	8.01	307	
601216	君正集团	-0.75	5.26	-0.04	5.25	5.26	3270	3270	0.00	          0.00	5.26	5.26	5.26	5.30	    33.59	1720020	  0.57	化工原料	内蒙	0.00	5.26	1635	
601226	华电重工	-0.13	7.92	-0.01	7.90	7.92	234	234	0.00	          0.01	7.92	7.92	7.92	7.93	   423.25	185328	  1.26	专用机械	北京	0.00	7.92	117	
601231	环旭电子	1.01	10.98	0.11	10.98	10.99	838	838	0.00	          0.00	10.98	10.98	10.98	10.87	    33.74	920475	  3.73	元器件	上海	0.00	10.98	419	
601311	骆驼股份	0.18	17.04	0.03	17.04	17.05	24	24	0.00	          0.00	17.04	17.04	17.04	17.01	    33.45	40896	  0.08	电气设备	湖北	0.00	17.04	12	
601333	广深铁路	0.00	5.43	0.00	5.43	5.44	978	978	0.00	          0.00	5.43	5.43	5.43	5.43	    26.48	531059	  0.66	铁路	深圳	0.00	5.43	489	
601336	新华保险	-0.23	43.79	-0.10	43.78	43.79	61	61	0.00	          0.00	43.79	43.79	43.79	43.89	    21.41	267119	  0.27	保险	北京	0.00	43.79	31	
601369	陕鼓动力	-0.14	7.17	-0.01	7.17	7.18	179	179	0.00	          0.00	7.17	7.17	7.17	7.18	    42.36	128343	  0.94	机械基件	陕西	0.00	7.17	90	
601377	兴业证券	-0.13	7.83	-0.01	7.82	7.83	981	981	0.00	          0.00	7.83	7.83	7.83	7.84	    19.23	768123	  0.92	证券	福建	0.00	7.83	491	
601555	东吴证券	0.08	13.06	0.01	13.05	13.06	613	613	0.00	          0.00	13.06	13.06	13.06	13.05	    23.51	800578	  0.88	证券	江苏	0.00	13.06	307	
601601	中国太保	-0.07	27.79	-0.02	27.78	27.79	220	220	0.00	          0.00	27.79	27.79	27.79	27.81	    21.39	611380	  0.39	保险	上海	0.00	27.79	110	
601607	上海医药	0.32	21.64	0.07	21.60	21.64	79	79	0.00	          0.00	21.64	21.64	21.64	21.57	    17.76	170956	  0.28	医药商业	上海	0.00	21.64	40	
601666	平煤股份	0.00	5.72	0.00	5.71	5.72	1361	1361	0.00	          0.01	5.72	5.72	5.72	5.72	   104.64	778492	  1.88	煤炭开采	河南	0.00	5.72	681	
601678	滨化股份	0.28	7.16	0.02	7.18	7.18	0	0	--  	          0.00	--  	--  	--  	7.16	    23.71	0	  5.39	化工原料	山东	0.00	7.16	0	
601688	华泰证券	-0.06	17.86	-0.01	17.85	17.86	391	391	0.00	          0.00	17.86	17.86	17.86	17.87	    19.95	698326	  0.42	证券	江苏	0.00	17.86	196	
601699	潞安环能	-0.11	8.90	-0.01	8.88	8.90	1257	1257	0.00	          0.00	8.90	8.90	8.90	8.91	   221.19	1118730	  1.11	煤炭开采	山西	0.00	8.90	629	
601718	际华集团	-0.11	8.82	-0.01	8.82	8.83	80	80	0.00	          0.00	8.82	8.82	8.82	8.83	    33.16	70560	  0.08	服饰	北京	0.00	8.82	40	
601788	光大证券	-0.06	15.83	-0.01	15.82	15.82	0	0	--  	          0.00	--  	--  	--  	15.83	    22.94	0	  0.13	证券	上海	0.00	15.83	0	
601808	中海油服	0.15	12.98	0.02	12.95	12.98	69	69	0.00	          0.00	12.98	12.98	12.98	12.96	--  	89562	  0.40	石油开采	天津	0.00	12.98	35	
601888	中国国旅	0.02	49.91	0.01	49.91	50.00	158	157	0.00	          0.00	49.91	49.91	49.91	49.90	    25.02	787430	  0.95	旅游服务	北京	0.00	49.91	79	
601901	方正证券	-0.35	8.51	-0.03	8.51	8.52	400	400	0.00	          0.00	8.51	8.51	8.51	8.54	    19.71	340400	  0.20	证券	湖南	0.00	8.51	200	
601908	京运通	0.00	6.74	0.00	6.73	6.74	2746	2746	0.00	          0.01	6.74	6.74	6.74	6.74	    33.56	1850804	  8.72	半导体	北京	0.00	6.74	1373	
601929	吉视传媒	-0.24	4.19	-0.01	4.19	4.20	70	70	0.00	          0.00	4.19	4.19	4.19	4.20	    41.65	29330	  0.13	影视音像	吉林	0.00	4.19	35	
601958	金钼股份	0.00	8.11	0.00	8.10	8.11	72	72	0.00	          0.00	8.11	8.11	8.11	8.11	--  	58392	  0.15	小金属	陕西	0.00	8.11	36	
601965	中国汽研	0.09	11.16	0.01	11.15	11.16	163	163	0.00	          0.00	11.16	11.16	11.16	11.15	    40.08	181908	  0.68	汽车服务	重庆	0.00	11.16	82	
601969	海南矿业	0.32	12.44	0.04	12.44	12.45	409	409	0.00	          0.00	12.44	12.44	12.44	12.40	--  	508796	  2.80	普钢	海南	0.00	12.44	205	
601992	金隅股份	0.00	4.76	0.00	4.75	4.76	1461	1461	0.00	          0.00	4.76	4.76	4.76	4.76	    16.79	695436	  0.63	水泥	北京	0.00	4.76	731	
603005	晶方科技	0.09	32.15	0.03	32.15	32.17	10	10	0.00	          0.00	32.15	32.15	32.15	32.12	   180.63	32150	  0.09	半导体	江苏	0.00	32.15	5	
603188	亚邦股份	0.32	18.57	0.06	18.56	18.57	148	148	0.00	          0.00	18.57	18.57	18.57	18.51	    15.86	274836	  0.91	染料涂料	江苏	0.00	18.57	74	
603555	贵人鸟	--  	30.76	--  	--  	--  	0	0	--  	          0.00	--  	--  	--  	30.76	    81.44	0	  0.00	服饰	福建	0.00	30.76	0	
603699	纽威股份	-0.18	16.90	-0.03	16.90	16.93	17	17	0.00	          0.00	16.90	16.90	16.90	16.93	    49.12	28730	  0.34	专用机械	江苏	0.00	16.90	9	
数据来源:通达信
