代码	名称	涨幅%%	现价	涨跌	买价	卖价	总量	现量	涨速%%	换手%%	今开	最高	最低	昨收	市盈(动)	总金额	量比	细分行业	地区	振幅%%	均价	内盘	
000049	德赛电池	2.23	52.33	1.14	52.29	52.30	8561	188	0.63	          0.42	52.00	52.35	51.80	51.19	    42.07	44532880	 48.10	电气设备	深圳	1.07	52.02	2783	
000096	广聚能源	-0.12	16.91	-0.02	16.91	16.93	123	2	-0.23	          0.00	16.95	17.00	16.91	16.93	    63.94	208501	  0.62	石油贸易	深圳	0.53	16.95	94	
000333	美的集团	-0.27	33.81	-0.09	33.80	33.81	4239	58	-0.38	          0.01	33.94	33.94	33.80	33.90	    12.72	14373930	  2.81	家用电器	广东	0.41	33.91	1770	
000418	小天鹅Ａ	-0.15	38.75	-0.06	38.76	38.77	409	2	0.00	          0.01	38.75	38.77	38.71	38.81	    20.86	1585115	  2.90	家用电器	江苏	0.15	38.76	214	
000521	美菱电器	0.41	7.33	0.03	7.32	7.33	3168	89	-0.40	          0.05	7.36	7.36	7.30	7.30	    34.74	2327895	  8.52	家用电器	安徽	0.82	7.35	1337	
000568	泸州老窖	0.17	40.70	0.07	40.69	40.70	974	1	-0.02	          0.01	40.71	40.86	40.70	40.63	    28.42	3967925	  2.48	白酒	四川	0.39	40.74	438	
000711	京蓝科技	2.70	30.08	0.79	30.08	30.10	8021	33	-0.72	          0.50	30.30	30.60	30.08	29.29	--  	24314956	 35.33	软件服务	黑龙江	1.78	30.31	4899	
000717	*ST韶钢	0.00	6.20	0.00	6.20	6.21	775	20	-0.32	          0.00	6.22	6.22	6.20	6.20	   147.90	481613	  1.24	钢加工	广东	0.32	6.21	475	
000812	陕西金叶	1.39	13.10	0.18	13.09	13.10	4541	11	0.07	          0.10	13.09	13.10	13.03	12.92	   204.11	5941556	  4.84	广告包装	陕西	0.54	13.08	1323	
000820	神雾节能	-0.24	38.01	-0.09	38.03	38.20	383	80	0.05	          0.02	37.99	38.20	37.96	38.10	   120.81	1455713	  1.62	环境保护	辽宁	0.63	38.01	229	
000823	超声电子	-0.62	14.33	-0.09	14.32	14.33	4093	102	-0.20	          0.08	14.36	14.38	14.30	14.42	    51.41	5872325	  6.32	元器件	广东	0.55	14.35	3053	
000828	东莞控股	0.37	13.54	0.05	13.50	13.53	490	46	0.37	          0.00	13.49	13.55	13.49	13.49	    16.85	661962	  1.21	路桥	广东	0.44	13.51	181	
000859	国风塑业	-0.14	6.99	-0.01	6.99	7.00	13608	300	0.43	          0.18	6.96	7.02	6.95	7.00	   281.56	9487776	  3.47	塑料	安徽	1.00	6.97	6414	
000910	大亚圣象	-0.04	22.57	-0.01	22.53	22.60	534	9	-0.26	          0.01	22.63	22.63	22.51	22.58	    31.86	1208458	  2.83	家居用品	江苏	0.53	22.61	386	
000921	海信科龙	0.58	13.90	0.08	13.84	13.89	4625	82	-0.14	          0.05	13.92	13.94	13.80	13.82	    16.45	6428575	  7.93	家用电器	广东	1.01	13.90	3827	
000927	一汽夏利	1.06	7.66	0.08	7.64	7.66	1962	36	1.18	          0.01	7.57	7.73	7.57	7.58	--  	1497311	  1.51	汽车整车	天津	2.11	7.63	381	
000963	华东医药	0.26	83.62	0.22	83.62	83.63	137	19	0.20	          0.00	83.45	83.63	83.45	83.40	    28.10	1144259	  0.77	化学制药	浙江	0.22	83.52	40	
000968	*ST煤气	0.61	13.16	0.08	13.10	13.16	626	13	1.23	          0.02	13.00	13.20	13.00	13.08	--  	819708	  1.79	煤炭开采	山西	1.53	13.09	208	
002008	大族激光	-0.38	26.18	-0.10	26.18	26.20	1541	16	-0.49	          0.02	26.31	26.32	26.10	26.28	    33.08	4049547	  2.24	电器仪表	深圳	0.84	26.28	1091	
002028	思源电气	-0.06	16.34	-0.01	16.30	16.35	697	10	0.24	          0.01	16.30	16.34	16.18	16.35	    39.13	1134397	  1.38	电气设备	上海	0.98	16.28	226	
002035	华帝股份	-0.55	32.57	-0.18	32.49	32.57	769	2	-1.00	          0.02	32.90	32.99	32.30	32.75	    44.14	2513238	  7.26	家用电器	广东	2.11	32.68	579	
002042	华孚色纺	0.08	12.93	0.01	12.93	12.96	4414	22	-0.38	          0.05	12.98	12.98	12.92	12.92	    20.14	5724180	  2.32	纺织	安徽	0.46	12.97	1878	
002109	*ST兴化	0.22	9.01	0.02	9.00	9.01	1275	34	0.00	          0.06	9.01	9.04	9.00	8.99	   225.22	1149001	  3.43	化工原料	陕西	0.44	9.01	876	
002164	宁波东力	-4.81	13.05	-0.66	13.05	13.20	104006	657	-4.81	          2.51	13.71	13.71	13.00	13.71	   861.92	141691968	 60.33	电气设备	浙江	5.18	13.62	62924	
002230	科大讯飞	-0.81	34.31	-0.28	34.31	34.33	9547	327	-0.26	          0.08	34.40	34.44	34.26	34.59	   121.26	32828724	  3.23	软件服务	安徽	0.52	34.39	5707	
002236	大华股份	-0.98	16.24	-0.16	16.24	16.25	7616	59	-0.42	          0.04	16.31	16.32	16.23	16.40	    33.02	12398297	  4.90	电器仪表	浙江	0.55	16.28	5427	
002241	歌尔股份	0.55	32.80	0.18	32.79	32.80	1721	20	-0.12	          0.01	32.84	32.84	32.70	32.62	    36.24	5648022	  4.08	元器件	山东	0.43	32.82	1036	
002244	滨江集团	-0.65	7.59	-0.05	7.58	7.59	3865	1	0.00	          0.02	7.59	7.59	7.58	7.64	    17.43	2932768	  3.08	区域地产	浙江	0.13	7.59	2841	
002271	东方雨虹	-0.74	26.65	-0.20	26.63	26.65	291	4	-0.37	          0.01	26.75	26.80	26.60	26.85	    24.48	776911	  1.17	其他建材	北京	0.74	26.68	249	
002304	洋河股份	0.10	86.40	0.09	86.41	86.63	199	1	-0.32	          0.00	86.68	86.68	86.00	86.31	    20.18	1720690	  1.37	白酒	江苏	0.79	86.47	184	
002349	精华制药	0.80	13.91	0.11	13.90	13.91	27814	314	-0.71	          0.47	14.01	14.19	13.90	13.80	    70.85	39042408	 36.89	中成药	江苏	2.10	14.04	15375	
002372	伟星新材	-0.16	18.92	-0.03	18.82	18.92	264	264	0.00	          0.00	18.92	18.92	18.92	18.95	    21.88	499488	  1.08	其他建材	浙江	0.00	18.92	132	
002399	海普瑞	0.40	22.59	0.09	22.56	22.59	47	47	0.00	          0.00	22.59	22.59	22.59	22.50	    69.55	106173	  0.19	化学制药	深圳	0.00	22.59	24	
002415	海康威视	0.07	30.20	0.02	30.20	30.22	246	245	0.00	          0.00	30.20	30.20	30.20	30.18	    28.74	742890	  0.37	电器仪表	浙江	0.00	30.20	123	
002434	万里扬	2.13	17.75	0.37	17.75	17.78	141	141	0.00	          0.00	17.75	17.75	17.75	17.38	    81.87	250275	  0.69	汽车配件	浙江	0.00	17.75	71	
002455	百川股份	-0.34	14.78	-0.05	14.71	14.78	12	12	0.00	          0.00	14.78	14.78	14.78	14.83	    85.00	17736	  0.04	化工原料	江苏	0.00	14.78	6	
002475	立讯精密	0.39	23.27	0.09	23.25	23.27	42	42	0.00	          0.00	23.27	23.27	23.27	23.18	    54.36	97734	  0.13	元器件	深圳	0.00	23.27	21	
002508	老板电器	0.68	45.71	0.31	45.55	45.71	109	109	0.00	          0.00	45.71	45.71	45.71	45.40	    35.69	498239	  0.45	家用电器	浙江	0.00	45.71	55	
002543	万和电气	0.00	21.18	0.00	21.18	21.20	145	145	0.00	          0.00	21.18	21.18	21.18	21.18	    23.80	307110	  0.49	家用电器	广东	0.00	21.18	73	
002572	索菲亚	0.02	64.40	0.01	64.40	64.50	2	2	0.00	          0.00	64.40	64.40	64.40	64.39	    54.63	12880	  0.03	家居用品	广东	0.00	64.40	1	
002635	安洁科技	-0.17	40.49	-0.07	40.40	40.49	445	5	0.22	          0.02	40.40	40.58	40.36	40.56	    44.22	1801322	  2.04	电脑设备	江苏	0.54	40.46	251	
002662	京威股份	0.05	19.32	0.01	19.32	19.34	1360	1360	0.00	          0.02	19.32	19.32	19.32	19.31	    22.80	2627520	  2.91	汽车配件	北京	0.00	19.32	680	
002705	新宝股份	-0.42	18.92	-0.08	18.92	18.99	245	245	0.00	          0.01	18.92	18.92	18.92	19.00	    24.94	463540	  1.28	家用电器	广东	0.00	18.92	123	
002742	三圣股份	-1.48	24.56	-0.37	24.56	24.65	1148	1148	0.00	          0.16	24.56	24.56	24.56	24.93	    44.99	2819488	  1.81	其他建材	重庆	0.00	24.56	574	
002807	江阴银行	-1.20	20.65	-0.25	20.62	20.65	1667	101	-0.72	          0.08	20.80	20.80	20.55	20.90	    53.65	3452545	  0.77	银行	江苏	1.20	20.71	1118	
002829	星网宇达	-0.77	89.65	-0.70	89.63	89.65	569	2	-0.38	          0.30	90.00	90.00	89.50	90.35	    92.92	5114527	  3.92	通信设备	北京	0.55	89.89	310	
002830	名雕股份	-0.89	72.35	-0.65	72.30	72.36	1341	13	-0.06	          0.80	72.40	72.41	71.67	73.00	   207.88	9674665	  8.71	装修装饰	深圳	1.01	72.15	778	
002836	新宏泽	-2.65	59.93	-1.63	59.93	59.98	7303	72	0.43	          3.65	59.67	60.26	59.65	61.56	    95.30	43646368	 28.20	广告包装	广东	0.99	59.76	4177	
300124	汇川技术	-0.52	23.00	-0.12	22.97	23.00	354	354	0.00	          0.00	23.00	23.00	23.00	23.12	    41.71	814200	  0.80	电器仪表	深圳	0.00	23.00	177	
300136	信维通信	-0.33	33.05	-0.11	33.05	33.09	129	128	0.00	          0.00	33.05	33.05	33.05	33.16	    70.18	425320	  0.28	通信设备	深圳	0.00	33.05	64	
300175	朗源股份	-0.96	16.52	-0.16	16.51	16.52	3344	3344	0.00	          0.07	16.52	16.52	16.52	16.68	   186.66	5524288	  2.29	食品	山东	0.00	16.52	1672	
300180	华峰超纤	0.00	28.33	0.00	28.23	28.33	10	10	0.00	          0.00	28.33	28.33	28.33	28.33	   135.81	28330	  0.06	化纤	上海	0.00	28.33	5	
300258	精锻科技	-0.48	16.72	-0.08	16.72	16.74	154	154	0.00	          0.00	16.72	16.72	16.72	16.80	    37.14	257488	  0.66	汽车配件	江苏	0.00	16.72	77	
300275	梅安森	0.10	29.39	0.03	29.32	29.39	25	25	0.00	          0.00	29.39	29.39	29.39	29.36	--  	73475	  0.14	软件服务	重庆	0.00	29.39	13	
300304	云意电气	-0.76	18.31	-0.14	18.31	18.34	36167	449	0.10	          0.49	18.29	18.34	18.23	18.45	   143.41	66112464	  6.04	汽车配件	江苏	0.60	18.28	24335	
300308	中际装备	1.46	36.20	0.52	36.15	36.20	1316	1316	0.00	          0.06	36.20	36.20	36.20	35.68	  1413.32	4763920	  6.33	工程机械	山东	0.00	36.20	658	
300376	易事特	-0.20	53.80	-0.11	53.80	53.81	1106	1106	0.00	          0.06	53.80	53.80	53.80	53.91	    65.70	5950280	  1.29	电气设备	广东	0.00	53.80	553	
300398	飞凯材料	0.14	90.27	0.13	90.27	90.47	88	88	0.00	          0.02	90.27	90.27	90.27	90.14	   138.49	794376	  0.53	染料涂料	上海	0.00	90.27	44	
300422	博世科	-0.96	49.33	-0.48	49.30	49.50	1603	10	0.00	          0.23	49.33	49.51	49.25	49.81	   112.03	7908363	  3.17	环境保护	广西	0.52	49.33	1143	
300585	奥联电子	1.64	49.57	0.80	49.57	49.60	193	193	0.00	          0.10	49.57	49.57	49.57	48.77	    80.70	956701	  2.19	汽车配件	江苏	0.00	49.57	97	
300586	美联新材	0.30	43.85	0.13	43.85	43.88	276	276	0.00	          0.12	43.85	43.85	43.85	43.72	    88.97	1210260	  1.25	化工原料	广东	0.00	43.85	138	
600004	白云机场	-0.37	16.14	-0.06	16.12	16.14	1486	1486	0.00	          0.01	16.14	16.14	16.14	16.20	    13.17	2398404	  3.28	机场	广东	0.00	16.14	743	
600031	三一重工	-0.39	7.63	-0.03	7.62	7.63	1142	1142	0.00	          0.00	7.63	7.63	7.63	7.66	   251.01	871346	  0.45	工程机械	湖南	0.00	7.63	571	
600095	哈高科	-0.97	14.35	-0.14	14.30	14.35	1794	1794	0.00	          0.05	14.35	14.35	14.35	14.49	--  	2574390	  1.95	区域地产	黑龙江	0.00	14.35	897	
600132	重庆啤酒	0.09	21.63	0.02	21.63	21.68	76	76	0.00	          0.00	21.63	21.63	21.63	21.61	    29.79	164388	  0.36	啤酒	重庆	0.00	21.63	38	
600167	联美控股	-0.35	22.82	-0.08	22.74	22.74	0	0	--  	          0.00	--  	--  	--  	22.82	    22.21	0	  0.54	供气供热	辽宁	0.00	22.82	0	
600260	凯乐科技	-0.39	20.48	-0.08	20.40	20.40	0	0	--  	          0.00	--  	--  	--  	20.48	    90.72	0	  0.55	通信设备	湖北	0.00	20.48	0	
600276	恒瑞医药	0.08	50.80	0.04	50.80	50.81	118	117	0.00	          0.00	50.80	50.80	50.80	50.76	    46.06	598475	  0.46	化学制药	江苏	0.00	50.80	59	
600298	安琪酵母	-0.10	20.87	-0.02	20.86	20.87	153	153	0.00	          0.00	20.87	20.87	20.87	20.89	    33.70	319311	  0.41	食品	湖北	0.00	20.87	77	
600332	白云山	0.00	28.21	0.00	28.21	28.22	400	400	0.00	          0.00	28.21	28.21	28.21	28.21	    32.56	1128400	  0.87	中成药	广东	0.00	28.21	200	
600519	贵州茅台	0.00	371.55	0.00	371.00	371.55	84	84	0.00	          0.00	371.55	371.55	371.55	371.55	    28.08	3121020	  0.66	白酒	贵州	0.00	371.55	42	
600525	长园集团	-1.48	15.96	-0.24	15.95	15.96	907	907	0.00	          0.01	15.96	15.96	15.96	16.20	    34.80	1447572	  1.77	电气设备	深圳	0.00	15.96	454	
600592	龙溪股份	-0.86	17.28	-0.15	17.28	17.38	455	455	0.00	          0.01	17.28	17.28	17.28	17.43	--  	786240	  0.53	机械基件	福建	0.00	17.28	228	
600622	嘉宝集团	0.11	18.20	0.02	18.20	18.22	51	51	0.00	          0.00	18.20	18.20	18.20	18.18	    54.06	92820	  0.16	区域地产	上海	0.00	18.20	26	
600660	福耀玻璃	-0.10	20.60	-0.02	20.59	20.60	337	337	0.00	          0.00	20.60	20.60	20.60	20.62	    16.44	694220	  0.47	汽车配件	福建	0.00	20.60	169	
600686	金龙汽车	-0.76	15.61	-0.12	15.61	15.73	114	114	0.00	          0.00	15.61	15.61	15.61	15.73	--  	177954	  0.81	汽车整车	福建	0.00	15.61	57	
600690	青岛海尔	-0.09	11.29	-0.01	11.28	11.28	0	0	--  	          0.00	--  	--  	--  	11.29	    13.51	0	  1.04	家用电器	山东	0.00	11.29	0	
600693	东百集团	-0.57	12.26	-0.07	12.26	12.33	45	44	0.00	          0.00	12.26	12.26	12.26	12.33	  1019.39	54949	  0.20	百货	福建	0.00	12.26	22	
600701	工大高新	-0.60	16.54	-0.10	16.54	16.56	3238	3238	0.00	          0.06	16.54	16.54	16.54	16.64	   223.49	5355999	  2.09	综合类	黑龙江	0.00	16.54	1619	
600703	三安光电	0.13	15.71	0.02	15.69	15.71	113	113	0.00	          0.00	15.71	15.71	15.71	15.69	    32.13	177523	  0.17	半导体	湖北	0.00	15.71	57	
600742	一汽富维	-0.25	19.85	-0.05	19.77	19.85	128	128	0.00	          0.00	19.85	19.85	19.85	19.90	    18.45	254080	  0.39	汽车配件	吉林	0.00	19.85	64	
600760	中航黑豹	0.92	34.00	0.31	34.00	34.05	8548	300	1.43	          0.25	33.52	34.00	33.52	33.69	   324.75	28730050	  9.39	汽车整车	山东	1.42	33.61	4071	
601155	新城控股	-0.12	16.27	-0.02	16.27	16.28	622	622	0.00	          0.01	16.27	16.27	16.27	16.29	    12.17	1011994	  0.66	区域地产	江苏	0.00	16.27	311	
601398	工商银行	0.00	4.73	0.00	4.73	4.74	17538	1456	0.21	          0.00	4.72	4.74	4.72	4.73	     5.68	8293422	  5.30	银行	北京	0.42	4.73	2450	
601588	北辰实业	0.78	5.16	0.04	5.15	5.16	680	680	0.00	          0.00	5.16	5.16	5.16	5.12	    30.70	350880	  0.74	区域地产	北京	0.00	5.16	340	
601717	郑煤机	0.00	8.90	0.00	8.89	8.90	520	520	0.00	          0.00	8.90	8.90	8.90	8.90	    84.44	462800	  0.58	工程机械	河南	0.00	8.90	260	
603022	新通联	3.24	31.25	0.98	31.25	31.28	1738	1737	0.00	          0.27	31.25	31.25	31.25	30.27	   160.49	5429688	  4.04	广告包装	上海	0.00	31.25	869	
603035	常熟汽饰	-0.04	28.45	-0.01	28.40	28.45	368	368	0.00	          0.05	28.45	28.45	28.45	28.46	    37.59	1046960	  0.62	汽车配件	江苏	0.00	28.45	184	
603058	永吉股份	-0.14	29.21	-0.04	29.10	29.21	179	179	0.00	          0.04	29.21	29.21	29.21	29.25	   137.30	522859	  0.60	广告包装	贵州	0.00	29.21	90	
603186	华正新材	1.17	50.35	0.58	50.00	50.48	928	54	0.76	          0.29	49.97	50.50	49.79	49.77	    71.77	4644032	  6.19	元器件	浙江	1.43	50.04	307	
603239	浙江仙通	0.26	84.55	0.22	84.55	84.89	41	41	0.00	          0.02	84.55	84.55	84.55	84.33	    71.48	346655	  0.89	汽车配件	浙江	0.00	84.55	21	
603266	天龙股份	-1.26	45.60	-0.58	45.45	45.60	688	17	-0.10	          0.28	45.65	45.65	45.49	46.18	    55.71	3135870	  4.59	塑料	浙江	0.35	45.58	412	
603323	吴江银行	-0.16	18.93	-0.03	18.92	18.93	615	615	0.00	          0.06	18.93	18.93	18.93	18.96	    28.11	1164195	  0.46	银行	江苏	0.00	18.93	308	
603389	亚振家居	-2.15	30.00	-0.66	30.00	30.01	1739	1739	0.00	          0.32	30.00	30.00	30.00	30.66	   117.92	5217000	  1.99	家居用品	江苏	0.00	30.00	870	
603444	吉比特	2.64	368.00	9.47	367.85	368.00	1027	29	0.27	          0.58	367.00	368.50	366.99	358.53	    42.56	37732012	  9.17	互联网	福建	0.42	367.40	310	
603577	汇金通	-1.57	48.90	-0.78	48.88	48.90	496	496	0.00	          0.17	48.90	48.90	48.90	49.68	    92.82	2425440	  0.96	钢加工	山东	0.00	48.90	248	
603579	荣泰健康	-0.70	140.01	-0.98	140.01	140.15	176	176	0.00	          0.10	140.01	140.01	140.01	140.99	    47.43	2464176	  1.21	医疗保健	上海	0.00	140.01	88	
603689	皖天然气	-0.44	22.65	-0.10	22.65	22.68	759	759	0.00	          0.09	22.65	22.65	22.65	22.75	    81.88	1719135	  0.52	供气供热	安徽	0.00	22.65	380	
603800	道森股份	-0.99	43.83	-0.44	43.82	43.83	2020	48	-0.15	          0.30	43.90	43.98	43.80	44.27	--  	8860781	  3.87	专用机械	江苏	0.41	43.87	1079	
603986	兆易创新	10.00	215.35	19.58	215.35	--  	113	113	0.00	          0.05	215.35	215.35	215.35	195.77	   111.69	2433455	  0.41	半导体	北京	0.00	215.35	57	
603997	继峰股份	-0.45	22.06	-0.10	22.06	22.15	17	17	0.00	          0.00	22.06	22.06	22.06	22.16	    39.24	37502	  0.11	汽车配件	浙江	0.00	22.06	9	
数据来源:通达信
