代码	名称	涨幅%%	现价	涨跌	买价	卖价	总量	现量	涨速%%	换手%%	今开	最高	最低	昨收	市盈(动)	总金额	量比	细分行业	地区	振幅%%	均价	内盘	
000885	同力水泥	0.04	26.79	0.01	26.79	26.80	605	605	0.00	          0.01	26.79	26.79	26.79	26.78	  4653.36	1620795	  0.59	水泥	河南	0.00	26.79	303	
002055	得润电子	6.21	25.50	1.49	25.50	25.53	12417	12417	0.00	          0.31	25.50	25.50	25.50	24.01	   112.63	31663988	 29.71	元器件	深圳	0.00	25.50	6209	
002307	北新路桥	-0.08	12.52	-0.01	12.52	12.53	296	296	0.00	          0.01	12.52	12.52	12.52	12.53	   199.77	370592	  0.33	建筑施工	新疆	0.00	12.52	148	
002577	雷柏科技	-0.63	32.98	-0.21	32.95	32.98	519	519	0.00	          0.02	32.98	32.98	32.98	33.19	   393.05	1711662	  0.93	电脑设备	深圳	0.00	32.98	260	
002787	华源控股	0.00	37.94	0.00	37.94	37.95	76	76	0.00	          0.01	37.94	37.94	37.94	37.94	    44.85	288344	  0.88	广告包装	江苏	0.00	37.94	38	
002800	天顺股份	0.40	62.00	0.25	61.80	62.00	32	32	0.00	          0.02	62.00	62.00	62.00	61.75	   139.92	198400	  0.97	仓储物流	新疆	0.00	62.00	16	
002802	洪汇新材	-1.21	51.31	-0.63	51.31	51.83	202	202	0.00	          0.07	51.31	51.31	51.31	51.94	   105.50	1036462	  2.08	化工原料	江苏	0.00	51.31	101	
002810	山东赫达	-0.63	47.53	-0.30	47.53	47.79	23	23	0.00	          0.01	47.53	47.53	47.53	47.83	    91.72	109319	  0.30	化工原料	山东	0.00	47.53	12	
002812	创新股份	--  	55.50	--  	--  	--  	0	0	--  	          0.00	--  	--  	--  	55.50	    50.46	0	  0.00	广告包装	云南	0.00	55.50	0	
002813	路畅科技	--  	47.96	--  	--  	--  	0	0	--  	          0.00	--  	--  	--  	47.96	   111.97	0	  0.00	汽车配件	深圳	0.00	47.96	0	
002815	崇达技术	-0.07	44.77	-0.03	44.66	44.77	75	75	0.00	          0.01	44.77	44.77	44.77	44.80	    48.85	335775	  0.37	半导体	深圳	0.00	44.77	38	
002818	富森美	-0.09	54.90	-0.05	54.76	54.90	78	78	0.00	          0.02	54.90	54.90	54.90	54.95	    41.93	428220	  0.54	房产服务	四川	0.00	54.90	39	
300023	宝德股份	--  	17.69	--  	17.70	17.74	0	0	--  	          0.00	--  	--  	--  	17.69	    88.97	0	  0.00	专用机械	陕西	0.00	17.69	0	
300047	天源迪科	0.73	16.53	0.12	16.51	16.53	463	463	0.00	          0.02	16.53	16.53	16.53	16.41	   184.20	765339	  1.43	软件服务	深圳	0.00	16.53	232	
300127	银河磁体	0.11	19.03	0.02	19.03	19.06	129	129	0.00	          0.01	19.03	19.03	19.03	19.01	    55.08	245487	  0.88	元器件	四川	0.00	19.03	65	
300333	兆日科技	0.13	15.55	0.02	15.50	15.55	212	212	0.00	          0.01	15.55	15.55	15.55	15.53	   180.20	329660	  1.25	元器件	深圳	0.00	15.55	106	
300359	全通教育	--  	20.12	--  	--  	--  	0	0	--  	          0.00	--  	--  	--  	20.12	   226.85	0	  0.00	文教休闲	广东	0.00	20.12	0	
300379	东方通	-0.01	70.39	-0.01	70.38	70.39	156	156	0.00	          0.02	70.39	70.39	70.39	70.40	   162.25	1098084	  0.58	软件服务	北京	0.00	70.39	78	
300380	安硕信息	0.93	34.80	0.32	34.66	34.80	247	247	0.00	          0.04	34.80	34.80	34.80	34.48	   535.98	859560	  3.13	软件服务	上海	0.00	34.80	124	
300391	康跃科技	--  	21.84	--  	21.95	21.99	0	0	--  	          0.00	--  	--  	--  	21.84	   862.40	0	  0.00	机械基件	山东	0.00	21.84	0	
300402	宝色股份	-0.72	27.40	-0.20	27.38	27.40	235	235	0.00	          0.04	27.40	27.40	27.40	27.60	--  	643900	  0.60	专用机械	江苏	0.00	27.40	118	
300465	高伟达	-0.13	15.22	-0.02	15.22	15.24	230	230	0.00	          0.01	15.22	15.22	15.22	15.24	   438.55	350060	  0.46	软件服务	北京	0.00	15.22	115	
300486	东杰智能	--  	22.63	--  	--  	--  	0	0	--  	          0.00	--  	--  	--  	22.63	--  	0	  0.00	专用机械	山西	0.00	22.63	0	
300493	润欣科技	-0.60	48.40	-0.29	48.36	48.40	54	54	0.00	          0.01	48.40	48.40	48.40	48.69	   117.78	261360	  0.44	通信设备	上海	0.00	48.40	27	
300499	高澜股份	-0.42	37.66	-0.16	37.66	37.82	108	108	0.00	          0.02	37.66	37.66	37.66	37.82	   147.06	406728	  1.14	专用机械	广东	0.00	37.66	54	
300503	昊志机电	0.38	63.00	0.24	63.00	63.20	28	28	0.00	          0.01	63.00	63.00	63.00	62.76	    89.05	176400	  0.37	机械基件	广东	0.00	63.00	14	
300505	川金诺	0.03	62.84	0.02	62.84	63.20	89	89	0.00	          0.04	62.84	62.84	62.84	62.82	   100.45	559276	  0.67	化工原料	云南	0.00	62.84	45	
300509	新美星	1.06	53.40	0.56	53.01	53.40	122	122	0.00	          0.06	53.40	53.40	53.40	52.84	    84.01	651480	  2.98	专用机械	江苏	0.00	53.40	61	
300520	科大国创	-2.33	84.00	-2.00	83.90	84.00	895	895	0.00	          0.39	84.00	84.00	84.00	86.00	   317.76	7518000	  5.42	软件服务	安徽	0.00	84.00	448	
300528	幸福蓝海	-0.62	30.55	-0.19	30.54	30.55	345	345	0.00	          0.04	30.55	30.55	30.55	30.74	    97.25	1053975	  2.45	影视音像	江苏	0.00	30.55	173	
300530	达志科技	-0.14	62.15	-0.09	62.11	62.15	43	43	0.00	          0.02	62.15	62.15	62.15	62.24	    96.92	267245	  1.00	化工原料	广东	0.00	62.15	22	
300532	今天国际	-0.40	64.44	-0.26	64.44	64.48	49	49	0.00	          0.02	64.44	64.44	64.44	64.70	   109.34	315756	  0.77	软件服务	深圳	0.00	64.44	25	
300534	陇神戎发	10.01	65.19	5.93	65.19	--  	2341	2341	0.00	          1.08	65.19	65.19	65.19	59.26	   112.80	15260979	 41.07	中成药	甘肃	0.00	65.19	1171	
300541	先进数通	-0.19	48.19	-0.09	48.02	48.19	110	110	0.00	          0.04	48.19	48.19	48.19	48.28	   182.33	530090	  0.87	软件服务	北京	0.00	48.19	55	
300542	新晨科技	-1.05	49.13	-0.52	49.13	49.64	121	121	0.00	          0.05	49.13	49.13	49.13	49.65	   343.06	594473	  1.57	软件服务	北京	0.00	49.13	61	
300543	朗科智能	-0.66	113.00	-0.75	112.61	113.00	148	148	0.00	          0.10	113.00	113.00	113.00	113.75	    82.91	1672400	  2.00	电气设备	深圳	0.00	113.00	74	
300548	博创科技	0.39	77.00	0.30	77.00	77.01	101	101	0.00	          0.05	77.00	77.00	77.00	76.70	    92.06	777700	  1.29	元器件	浙江	0.00	77.00	51	
300549	优德精密	-0.68	70.47	-0.48	70.30	70.47	63	63	0.00	          0.04	70.47	70.47	70.47	70.95	   106.86	443961	  0.78	专用机械	江苏	0.00	70.47	32	
300550	和仁科技	-0.76	65.02	-0.50	65.02	65.19	38	38	0.00	          0.02	65.02	65.02	65.02	65.52	   110.99	247076	  0.75	软件服务	浙江	0.00	65.02	19	
300551	古鳌科技	0.03	62.72	0.02	62.72	62.74	77	77	0.00	          0.04	62.72	62.72	62.72	62.70	   223.54	482944	  1.13	专用机械	上海	0.00	62.72	39	
300552	万集科技	-0.98	55.60	-0.55	55.59	55.60	71	71	0.00	          0.03	55.60	55.60	55.60	56.15	    79.49	394760	  0.51	软件服务	北京	0.00	55.60	36	
300560	中富通	-0.96	60.99	-0.59	60.80	60.99	162	162	0.00	          0.09	60.99	60.99	60.99	61.58	   110.55	988038	  2.28	通信设备	福建	0.00	60.99	81	
300561	汇金科技	0.00	78.08	0.00	77.60	78.08	44	44	0.00	          0.02	78.08	78.08	78.08	78.08	    83.17	343552	  0.35	软件服务	广东	0.00	78.08	22	
600183	生益科技	0.15	13.62	0.02	13.62	13.64	517	517	0.00	          0.00	13.62	13.62	13.62	13.60	    29.44	704154	  0.69	元器件	广东	0.00	13.62	259	
600233	圆通速递	0.04	24.55	0.01	24.54	24.55	358	358	0.00	          0.01	24.55	24.55	24.55	24.54	    53.23	878890	  0.71	仓储物流	辽宁	0.00	24.55	179	
600248	延长化建	-0.40	7.52	-0.03	7.51	7.52	263	263	0.00	          0.00	7.52	7.52	7.52	7.55	    41.06	197776	  1.17	建筑施工	陕西	0.00	7.52	132	
600259	广晟有色	0.24	46.80	0.11	46.91	46.91	0	0	--  	          0.00	--  	--  	--  	46.80	--  	0	  1.31	小金属	海南	0.00	46.80	0	
600330	天通股份	-0.19	10.73	-0.02	10.73	10.75	110	110	0.00	          0.00	10.73	10.73	10.73	10.75	    61.56	118030	  0.25	元器件	浙江	0.00	10.73	55	
600333	长春燃气	0.12	8.45	0.01	8.44	8.45	130	130	0.00	          0.00	8.45	8.45	8.45	8.44	   118.40	109850	  0.21	供气供热	吉林	0.00	8.45	65	
600428	中远海特	-0.14	6.95	-0.01	6.94	6.94	0	0	--  	          0.00	--  	--  	--  	6.95	   337.12	0	  0.37	水运	广东	0.00	6.95	0	
600523	贵航股份	0.04	24.92	0.01	24.88	24.92	89	89	0.00	          0.00	24.92	24.92	24.92	24.91	    52.50	221788	  0.25	汽车配件	贵州	0.00	24.92	45	
600528	中铁工业	-0.13	15.29	-0.02	15.27	15.27	0	0	--  	          0.00	--  	--  	--  	15.29	   183.81	0	  0.35	建筑施工	四川	0.00	15.29	0	
600571	信雅达	0.15	19.79	0.03	19.76	19.79	131	131	0.00	          0.00	19.79	19.79	19.79	19.76	    76.01	259249	  0.56	软件服务	浙江	0.00	19.79	66	
600616	金枫酒业	0.00	12.75	0.00	12.75	12.75	0	0	--  	          0.00	--  	--  	--  	12.75	    89.36	0	  0.29	红黄药酒	上海	0.00	12.75	0	
600698	湖南天雁	-0.65	12.18	-0.08	12.18	12.19	825	825	0.00	          0.02	12.18	12.18	12.18	12.26	  1126.06	1004850	  0.46	汽车配件	湖南	0.00	12.18	413	
600738	兰州民百	-0.20	9.83	-0.02	9.81	9.81	0	0	--  	          0.00	--  	--  	--  	9.83	    58.07	0	  0.14	百货	甘肃	0.00	9.83	0	
600774	汉商集团	-0.04	23.60	-0.01	23.57	23.60	195	195	0.00	          0.01	23.60	23.60	23.60	23.61	   449.48	460200	  0.63	百货	湖北	0.00	23.60	98	
600784	鲁银投资	-0.74	9.37	-0.07	9.35	9.37	380	380	0.00	          0.01	9.37	9.37	9.37	9.44	   127.62	356060	  0.57	普钢	山东	0.00	9.37	190	
600792	云煤能源	-0.35	5.63	-0.02	5.62	5.63	50	50	0.00	          0.00	5.63	5.63	5.63	5.65	--  	28150	  0.22	焦炭加工	云南	0.00	5.63	25	
600802	福建水泥	-0.56	12.40	-0.07	12.40	12.41	412	412	0.00	          0.01	12.40	12.40	12.40	12.47	--  	510880	  0.32	水泥	福建	0.00	12.40	206	
600810	神马股份	-0.10	10.40	-0.01	10.38	10.40	444	444	0.00	          0.01	10.40	10.40	10.40	10.41	    46.30	461760	  0.78	化纤	河南	0.00	10.40	222	
600818	中路股份	0.33	30.50	0.10	30.50	30.51	190	190	0.00	          0.01	30.50	30.50	30.50	30.40	    92.55	579500	  0.78	文教休闲	上海	0.00	30.50	95	
600858	银座股份	-0.67	10.32	-0.07	10.32	10.35	286	286	0.00	          0.01	10.32	10.32	10.32	10.39	   111.66	295152	  0.86	百货	山东	0.00	10.32	143	
600908	无锡银行	0.00	13.92	0.00	13.91	13.92	588	588	0.00	          0.03	13.92	13.92	13.92	13.92	    27.63	818496	  0.47	银行	江苏	0.00	13.92	294	
600917	重庆燃气	-0.39	12.80	-0.05	12.80	12.85	28	28	0.00	          0.00	12.80	12.80	12.80	12.85	    52.73	35840	  0.18	供气供热	重庆	0.00	12.80	14	
600984	建设机械	-0.30	10.01	-0.03	10.01	10.03	610	610	0.00	          0.01	10.01	10.01	10.01	10.04	    67.83	610610	  0.63	工程机械	陕西	0.00	10.01	305	
601008	连云港	-0.35	5.77	-0.02	5.76	5.77	349	349	0.00	          0.00	5.77	5.77	5.77	5.79	   600.52	201373	  0.64	港口	江苏	0.00	5.77	175	
601020	华钰矿业	-0.17	35.35	-0.06	35.33	35.35	46	46	0.00	          0.01	35.35	35.35	35.35	35.41	   131.69	162610	  0.22	铅锌	西藏	0.00	35.35	23	
601128	常熟银行	-0.47	12.81	-0.06	12.81	12.82	569	569	0.00	          0.03	12.81	12.81	12.81	12.87	    27.55	728889	  0.32	银行	江苏	0.00	12.81	285	
601188	龙江交通	0.00	5.82	0.00	5.82	5.83	194	194	0.00	          0.00	5.82	5.82	5.82	5.82	    22.08	112908	  0.91	路桥	黑龙江	0.00	5.82	97	
601608	中信重工	0.00	5.55	0.00	5.55	5.56	366	365	0.00	          0.00	5.55	5.55	5.55	5.55	--  	202853	  0.36	专用机械	河南	0.00	5.55	183	
601611	中国核建	0.18	17.15	0.03	17.13	17.15	718	718	0.00	          0.01	17.15	17.15	17.15	17.12	    67.12	1231370	  0.90	建筑施工	北京	0.00	17.15	359	
601777	力帆股份	-0.43	9.25	-0.04	9.25	9.26	99	99	0.00	          0.00	9.25	9.25	9.25	9.29	    46.78	91575	  0.15	摩托车	重庆	0.00	9.25	50	
601965	中国汽研	0.09	11.16	0.01	11.15	11.16	163	163	0.00	          0.00	11.16	11.16	11.16	11.15	    40.08	181908	  0.68	汽车服务	重庆	0.00	11.16	82	
601996	丰林集团	0.00	12.25	0.00	12.23	12.25	839	839	0.00	          0.02	12.25	12.25	12.25	12.25	    60.82	1027775	  0.53	林业	广西	0.00	12.25	420	
601999	出版传媒	0.00	11.30	0.00	11.30	11.32	15	15	0.00	          0.00	11.30	11.30	11.30	11.30	    55.80	16950	  0.08	出版业	辽宁	0.00	11.30	8	
603009	北特科技	-0.60	63.21	-0.38	63.20	63.25	190	190	0.00	          0.05	63.21	63.21	63.21	63.59	   148.83	1200990	  0.76	汽车配件	上海	0.00	63.21	95	
603016	新宏泰	-0.08	38.50	-0.03	38.50	38.51	36	36	0.00	          0.01	38.50	38.50	38.50	38.53	    87.40	138600	  0.35	电气设备	江苏	0.00	38.50	18	
603026	石大胜华	-0.10	38.80	-0.04	38.80	38.81	68	68	0.00	          0.00	38.80	38.80	38.80	38.84	    43.32	263840	  0.31	化工原料	山东	0.00	38.80	34	
603028	赛福天	-0.89	24.40	-0.22	24.35	24.40	143	143	0.00	          0.03	24.40	24.40	24.40	24.62	   137.39	348920	  0.85	钢加工	江苏	0.00	24.40	72	
603029	天鹅股份	-0.71	52.00	-0.37	51.81	52.08	165	165	0.00	          0.07	52.00	52.00	52.00	52.37	   204.73	858000	  0.54	专用机械	山东	0.00	52.00	83	
603031	安德利	-0.75	55.47	-0.42	55.47	55.87	35	35	0.00	          0.02	55.47	55.47	55.47	55.89	   107.06	194145	  0.44	百货	安徽	0.00	55.47	18	
603067	振华股份	-0.31	28.98	-0.09	28.98	29.00	65	65	0.00	          0.01	28.98	28.98	28.98	29.07	    65.32	188370	  0.21	化工原料	湖北	0.00	28.98	33	
603090	宏盛股份	-0.82	47.40	-0.39	47.39	47.40	410	410	0.00	          0.16	47.40	47.40	47.40	47.79	   122.58	1943400	  2.73	专用机械	江苏	0.00	47.40	205	
603160	汇顶科技	1.14	107.87	1.22	107.10	107.87	217	217	0.00	          0.05	107.87	107.87	107.87	106.65	    59.78	2340779	  2.21	元器件	深圳	0.00	107.87	109	
603203	快克股份	-0.05	63.60	-0.03	63.60	63.61	296	296	0.00	          0.13	63.60	63.60	63.60	63.63	    63.71	1882560	  4.23	专用机械	江苏	0.00	63.60	148	
603299	井神股份	0.00	14.15	0.00	14.14	14.15	73	73	0.00	          0.00	14.15	14.15	14.15	14.15	  1193.83	103295	  0.24	化工原料	江苏	0.00	14.15	37	
603313	梦百合	0.05	37.45	0.02	37.45	37.48	119	119	0.00	          0.02	37.45	37.45	37.45	37.43	    47.51	445655	  0.56	家居用品	江苏	0.00	37.45	60	
603322	超讯通信	0.15	91.14	0.14	91.14	91.20	68	68	0.00	          0.03	91.14	91.14	91.14	91.00	   337.28	619752	  0.27	通信设备	广东	0.00	91.14	34	
603339	四方冷链	0.41	34.46	0.14	34.46	34.47	242	242	0.00	          0.05	34.46	34.46	34.46	34.32	    64.98	833932	  2.20	专用机械	江苏	0.00	34.46	121	
603569	长久物流	-0.13	38.19	-0.05	38.19	38.21	24	24	0.00	          0.01	38.19	38.19	38.19	38.24	    50.18	91656	  0.28	仓储物流	北京	0.00	38.19	12	
603598	引力传媒	--  	21.22	--  	--  	--  	0	0	--  	          0.00	--  	--  	--  	21.22	   151.63	0	  0.00	影视音像	北京	0.00	21.22	0	
603663	三祥新材	0.48	35.60	0.17	35.53	35.60	155	155	0.00	          0.05	35.60	35.60	35.60	35.43	   113.24	551800	  1.36	矿物制品	福建	0.00	35.60	78	
603667	五洲新春	0.31	38.40	0.12	38.33	38.40	514	514	0.00	          0.10	38.40	38.40	38.40	38.28	    86.52	1973760	  0.99	机械基件	浙江	0.00	38.40	257	
603701	德宏股份	0.00	56.00	0.00	56.00	56.10	101	101	0.00	          0.05	56.00	56.00	56.00	56.00	    62.91	567280	  1.72	汽车配件	浙江	0.00	56.00	51	
603726	朗迪集团	-0.18	50.90	-0.09	50.80	50.90	43	43	0.00	          0.02	50.90	50.90	50.90	50.99	    72.67	218870	  0.41	机械基件	浙江	0.00	50.90	22	
603822	嘉澳环保	-0.21	58.20	-0.12	58.11	58.20	151	151	0.00	          0.08	58.20	58.20	58.20	58.32	    99.54	878820	  1.23	环境保护	浙江	0.00	58.20	76	
603918	金桥信息	0.00	33.53	0.00	33.51	33.53	13	13	0.00	          0.00	33.53	33.53	33.53	33.53	  1052.30	43589	  0.08	软件服务	上海	0.00	33.53	7	
603958	哈森股份	-0.48	29.12	-0.14	29.12	29.14	90	90	0.00	          0.02	29.12	29.12	29.12	29.26	    85.38	262080	  0.63	服饰	江苏	0.00	29.12	45	
603977	国泰集团	0.24	28.91	0.07	28.91	28.92	464	464	0.00	          0.08	28.91	28.91	28.91	28.84	    56.31	1341424	  1.22	化工原料	江西	0.00	28.91	232	
数据来源:通达信
