09:30,1806.15,  17599	0	
09:31,1802.01,  19093	0	
09:32,1798.89,   2540	0	
09:33,1798.17,   3451	0		
09:34,1799.24,   6212	0	
09:35,1800.14,   2584	0	
09:36,1805.59,   1691	0	
09:37,1806.39,  11883	0	
09:38,1804.83,   1803	0	
09:39,1804.77,   1679	0	
09:40,1806.17,   1364	0	
09:41,1806.38,   1703	0	
09:42,1806.76,   6356	0	
09:43,1806.44,   1793	0	
09:44,1806.39,   5736	0	
09:45,1806.51,    996	0	
09:46,1806.48,    341	0	
09:47,1806.37,    864	0	
09:48,1807.13,   6419	0	
09:49,1807.18,   1369	0
09:50,1810.98,   5032	0	
09:51,1810.94,   1027	0	
09:52,1810.72,   3354	0	
09:53,1810.68,   1635	0	
09:54,1810.37,   2427	0	
09:55,1810.51,   1226	0	
09:56,1809.91,   3223	0	
09:57,1810.01,    466	0	
09:58,1809.73,   1262	0	
09:59,1809.58,   4921	0
10:00,1810.76,   5139	0	
10:01,1810.60,    658	0	
10:02,1811.29,   5202	0	
10:03,1811.14,   1347	0	
10:04,1810.66,   5362	0	
10:05,1810.72,    791	0	
10:06,1810.25,   4019	0	
10:07,1810.31,    699	0	
10:08,1809.54,   6491	0	
10:09,1809.43,    391	0	
10:10,1810.09,   2646	0	
10:11,1822.85,   4069	0	
10:12,1823.09,   1582	0	
10:13,1823.33,   1086	0	
10:14,1824.74,   4730	0	
10:15,1824.99,    557	0	
10:16,1825.37,   3305	0	
10:17,1825.41,   2940	0	
10:18,1825.36,   1779	0	
10:19,1826.90,   5449	0
10:20,1837.34,    496	0	
10:21,1837.48,   4674	0	
10:22,1837.42,    957	0	
10:23,1837.66,   3724	0	
10:24,1838.21,    754	0	
10:25,1838.42,   2639	0	
10:26,1838.60,    792	0	
10:27,1838.54,   1908	0	
10:28,1838.60,   3814	0	
10:29,1838.81,    910	0
10:30,1833.72,    382	0	
10:31,1833.89,   2075	0	
10:32,1833.96,    222	0	
10:33,1833.92,    694	0	
10:34,1833.99,   1557	0	
10:35,1833.96,    247	0	
10:36,1833.69,    464	0	
10:37,1834.05,   2039	0	
10:38,1834.03,    310	0	
10:39,1833.77,   2726	0
10:40,1827.33,   1234	0	
10:41,1827.13,   2135	0	
10:42,1827.09,    842	0	
10:43,1826.68,   3160	0	
10:44,1826.39,    810	0	
10:45,1825.88,   3477	0	
10:46,1825.46,    573	0	
10:47,1825.39,    394	0	
10:48,1825.13,   1576	0	
10:49,1825.04,    321	0	
10:50,1817.46,    213	0	
10:51,1817.97,    397	0	
10:52,1818.24,   2802	0	
10:53,1818.03,    299	0	
10:54,1818.00,    425	0	
10:55,1818.10,   1489	0	
10:56,1817.87,    512	0	
10:57,1817.76,    228	0	
10:58,1818.15,   1562	0	
10:59,1818.04,    435	0
11:00,1803.25,   6080	0	
11:01,1803.12,   1651	0	
11:02,1802.60,   1147	0	
11:03,1801.56,   3007	0	
11:04,1801.36,   1294	0	
11:05,1801.03,   1407	0	
11:06,1799.59,   4525	0	
11:07,1799.11,   1377	0	
11:08,1798.74,   1324	0	
11:09,1798.03,   2259	0
11:10,1799.96,   2616	0	
11:11,1799.76,    434	0	
11:12,1800.09,   3134	0	
11:13,1799.87,    825	0	
11:14,1799.60,   2671	0	
11:15,1799.35,    626	0	
11:16,1798.22,   2352	0	
11:17,1797.92,    562	0	
11:18,1797.64,   2088	0	
11:19,1797.41,    646	0	
11:20,1798.47,    309	0	
11:21,1798.30,   1691	0	
11:22,1798.45,    474	0	
11:23,1798.79,   1091	0	
11:24,1798.66,    783	0	
11:25,1798.67,    312	0	
11:26,1798.71,   1283	0	
11:27,1798.76,    588	0	
11:28,1798.60,     59	0	
11:29,1798.79,   2015	0	
11:30,1798.92,    152	0	
13:01,1778.31,   2367	0	
13:02,1778.10,  10722	0	
13:03,1777.71,    849	0	
13:04,1777.27,   3367	0	
13:05,1777.02,    627	0	
13:06,1776.82,    875	0	
13:07,1776.18,   2169	0	
13:08,1776.11,    809	0	
13:09,1775.42,   2559	0
13:10,1767.45,    285	0	
13:11,1768.14,   2214	0	
13:12,1768.14,    919	0	
13:13,1768.32,    442	0	
13:14,1768.20,   2587	0	
13:15,1768.60,   1387	0	
13:16,1769.25,   1754	0	
13:17,1769.37,    773	0	
13:18,1769.34,   1129	0	
13:19,1770.11,   3508	0	
13:20,1767.23,   1720	0	
13:21,1767.32,    807	0	
13:22,1767.91,   1114	0	
13:23,1768.52,    702	0	
13:24,1767.82,   2207	0	
13:25,1767.94,    175	0	
13:26,1769.16,   1742	0	
13:27,1769.37,    447	0	
13:28,1769.53,   2052	0	
13:29,1769.76,    594	0
13:30,1775.17,    591	0	
13:31,1775.01,    261	0	
13:32,1774.68,   1378	0	
13:33,1774.58,    291	0	
13:34,1774.18,   1185	0	
13:35,1773.90,    632	0	
13:36,1773.51,   1464	0	
13:37,1773.43,    155	0	
13:38,1772.67,   1799	0	
13:39,1772.64,    222	0
13:40,1776.32,    651	0	
13:41,1776.01,    782	0	
13:42,1776.20,    350	0	
13:43,1776.04,    167	0	
13:44,1775.80,    518	0	
13:45,1775.81,     81	0	
13:46,1776.05,    295	0	
13:47,1775.80,    654	0	
13:48,1776.05,    145	0	
13:49,1776.03,    101	0	
13:50,1770.81,    332	0	
13:51,1771.29,   3392	0	
13:52,1770.85,   1999	0	
13:53,1770.69,   2053	0	
13:54,1770.92,    568	0	
13:55,1770.96,   1643	0	
13:56,1770.94,    281	0	
13:57,1770.81,    440	0	
13:58,1771.85,   1480	0	
13:59,1771.91,    543	0	
14:00,1759.26,    833	0	
14:01,1759.05,   2703	0	
14:02,1759.15,   1292	0	
14:03,1759.06,   2692	0	
14:04,1759.25,    425	0	
14:05,1759.65,   1633	0	
14:06,1760.56,   1983	0	
14:07,1761.14,   1485	0	
14:08,1761.50,   1383	0	
14:09,1761.69,    519	0	
14:10,1766.17,    525	0	
14:11,1766.40,   2097	0	
14:12,1766.43,     92	0	
14:13,1765.58,   2265	0	
14:14,1765.58,    274	0	
14:15,1765.74,    948	0	
14:16,1765.74,    207	0	
14:17,1765.42,   1927	0	
14:18,1765.32,    195	0	
14:19,1765.65,   1654	0
14:20,1748.98,   1052	0	
14:21,1748.16,   4018	0	
14:22,1747.76,    972	0	
14:23,1747.38,   2084	0	
14:24,1745.32,   4504	0	
14:25,1745.14,    983	0	
14:26,1745.05,    465	0	
14:27,1744.05,   3013	0	
14:28,1743.62,   1208	0	
14:29,1743.68,    624	0
14:30,1756.02,   3064	0	
14:31,1755.95,    336	0	
14:32,1754.42,   2230	0	
14:33,1753.97,    770	0	
14:34,1753.74,   1814	0	
14:35,1753.62,   1454	0	
14:36,1753.52,    471	0	
14:37,1753.39,   1333	0	
14:38,1752.96,   1001	0	
14:39,1752.27,   1179	0	
14:40,1751.48,    706	0	
14:41,1751.79,   1603	0	
14:42,1751.81,    167	0	
14:43,1751.78,    692	0	
14:44,1752.40,   4434	0	
14:45,1752.31,    813	0	
14:46,1752.53,   2890	0	
14:47,1752.27,    237	0	
14:48,1752.66,    639	0	
14:49,1752.81,   1111	0	
14:50,1726.26,   6646	0	
14:51,1726.18,   1880	0	
14:52,1725.19,   5470	0	
14:53,1725.31,   3027	0	
14:54,1724.95,   1051	0	
14:55,1723.76,   4566	0	
14:56,1723.78,   2477	0	
14:57,1723.83,   1907	0	
14:58,1722.78,   3521	0	
14:59,1722.58,   2519	0