880491
20120119
20120120
20120130
20140326
20140605
20150413
20150424
20150428
20150429
20150430
20150504
20150505
20150508
20150511
20150514
20150518
20150520
20150521
20150527
20150601
20150603
20150605
20150608
20150610
20150611
20150615
20150623
20150624
20150625
20150626
20150629
20150702
20150706
20150713
20150716
20150721
20150724
20150729
20150806
20150812
20150922
20150928
20160114
20160121
20160127
20160215
20170224
20170227
20170228
20170329
880473
20120823
20140603
20140604
20140609
20150721
20150722
20150723
20160616
20160617
20160622
20160930
20161011
20170203
20170329
880491
20140326
20140605
20170224
880491
20140326
20140605
20170224
880491
20140326
20140605
20170224
880491
20140326
20140605
20170224
880491
20140326
20140605
20170224
880491
20140326
20140605
20170224
880491
20140326
20140605
20170224
880491
20140326
20140605
20170224
880491
20140326
20140605
20170224
