代码	名称	涨幅%%	现价	涨跌	买价	卖价	总量	现量	涨速%%	换手%%	今开	最高	最低	昨收	市盈(动)	总金额	量比	细分行业	地区	振幅%%	均价	内盘	外盘	内外比	买量	卖量	未匹配量	流通股(亿)	
159001	保证金	0.00	100.000	0.000	100.000	100.001	45589	73	0.00	         65.09	99.999	100.000	99.997	100.000	--  	455886432	  0.34			0.00	99.999	36291	9298	  3.90	15	300	--  	--  	
159003	招商快线	0.00	100.000	0.002	99.999	100.000	51228	1460	0.00	         24.61	99.998	100.000	99.997	99.998	--  	512274080	  0.81			0.00	99.998	19982	31246	  0.64	269	8664	--  	--  	
159005	添富快钱	0.00	99.999	0.002	99.999	100.000	12899	1	0.00	        105.97	99.999	100.000	99.996	99.997	--  	128990056	  0.06			0.00	99.998	7060	5839	  1.21	184	257	--  	--  	
159901	深100ETF	1.24	4.171	0.051	4.170	4.171	94401	1264	0.09	          1.03	4.124	4.171	4.108	4.120	--  	39120452	  1.98			1.53	4.144	36140	58260	  0.62	70	4	--  	--  	
159902	中 小 板	1.43	3.273	0.046	3.273	3.274	100994	2717	0.09	          1.64	3.222	3.273	3.211	3.227	--  	32815120	  1.43			1.92	3.249	33090	67903	  0.49	646	159	--  	--  	
159903	深成ETF	1.08	1.127	0.012	1.126	1.127	10450	2131	0.08	          0.23	1.104	1.127	1.104	1.115	--  	1173606	  1.74			2.06	1.123	2950	7499	  0.39	1	124	--  	--  	
159905	深红利	0.47	1.274	0.006	1.274	1.280	4680	90	-0.46	          0.18	1.268	1.280	1.261	1.268	--  	594261	  6.50			1.50	1.270	4208	472	  8.92	20	1566	--  	--  	
159906	深成长	2.80	0.918	0.025	0.909	0.918	520	2	0.00	          0.00	0.926	0.926	0.897	0.893	--  	47858	  2.17			3.25	0.920	11	509	  0.02	195	6	--  	--  	
159907	中小300	0.90	1.463	0.013	1.464	1.466	761	260	0.00	          0.02	1.448	1.465	1.443	1.450	--  	111031	  0.04			1.52	1.459	520	241	  2.16	1515	30	--  	--  	
159908	深F200	--  	1.292	--  	1.256	1.291	0	0	--  	          0.00	--  	--  	--  	1.292	--  	0	  0.00			0.00	1.292	0	0	--  	1	150	--  	--  	
159909	深TMT	-1.46	4.661	-0.069	4.640	4.700	110	60	-0.78	          0.07	4.759	4.759	4.659	4.730	--  	51296	0.00			2.11	4.663	23	87	  0.26	20	49	--  	--  	
159910	深F120	0.14	1.420	0.002	1.420	1.432	73	20	0.00	          0.00	1.437	1.437	1.417	1.418	--  	10369	0.00			1.41	1.420	21	52	  0.40	22	9	--  	--  	
159911	民营ETF	2.03	4.530	0.090	4.202	4.514	25	10	0.00	          0.02	4.006	4.544	4.006	4.440	--  	10969	  0.01			12.12	4.388	7	18	  0.39	8	10	--  	--  	
159912	深300ETF	-1.44	1.301	-0.019	1.301	1.325	2558	1	-1.81	          0.28	1.319	1.329	1.261	1.320	--  	338960	  1.33			5.15	1.325	2194	363	  6.04	93	5009	--  	--  	
159913	深价值	0.73	1.510	0.011	1.500	1.510	107	1	0.66	          0.03	1.557	1.557	1.461	1.499	--  	16056	0.00			6.40	1.501	106	1	106.00	1	43	--  	--  	
159915	创业板	1.18	1.890	0.022	1.889	1.890	1215817	22436	0.10	          4.76	1.864	1.890	1.857	1.868	--  	228174384	  1.27			1.77	1.877	687528	528288	  1.30	4956	8957	--  	--  	
159916	深F60	-0.82	2.785	-0.023	2.785	2.838	349	1	-0.53	          0.03	2.806	2.810	2.779	2.808	--  	97462	0.00			1.10	2.793	70	279	  0.25	9	18	--  	--  	
159918	中创400	0.98	1.955	0.019	1.940	1.959	259	50	0.00	          0.03	1.965	1.965	1.940	1.936	--  	50544	0.00			1.29	1.951	154	105	  1.47	19	10	--  	--  	
159919	300ETF	0.78	3.725	0.029	3.722	3.725	116826	44	0.10	          0.25	3.696	3.725	3.674	3.696	--  	43375108	  1.52			1.38	3.713	38450	78376	  0.49	169	298	--  	--  	
159920	恒生ETF	1.08	1.314	0.014	1.314	1.315	82583	688	0.00	          0.48	1.302	1.316	1.301	1.300	--  	10817510	  0.64			1.15	1.310	30124	52459	  0.57	3189	2303	--  	--  	
159921	中小等权	0.07	1.526	0.001	1.526	1.548	74	10	0.00	          0.02	1.520	1.526	1.520	1.525	--  	11265	0.00			0.39	1.522	74	0	--  	12	1	--  	--  	
159922	500ETF	0.96	6.552	0.062	6.553	6.555	853	150	0.07	          0.14	6.480	6.552	6.464	6.490	--  	556675	  0.71			1.36	6.524	655	198	  3.31	320	103	--  	--  	
159923	100ETF	1.00	1.310	0.013	1.294	1.310	10035	1000	0.00	          0.30	1.280	1.315	1.280	1.297	--  	1314445	 41.81			2.70	1.310	8734	1301	  6.71	100	676	--  	--  	
159924	300等权	0.71	1.419	0.010	1.388	1.409	908	1	0.21	          0.05	1.387	1.419	1.387	1.409	--  	125985	  0.95			2.27	1.387	886	22	 40.27	1	47	--  	--  	
159925	南方300	0.79	1.412	0.011	1.405	1.412	6442	1	0.07	          0.09	1.394	1.412	1.392	1.401	--  	902434	  3.83			1.43	1.401	942	5500	  0.17	20	14	--  	--  	
159926	国债ETF	-0.11	108.990	-0.115	108.600	108.800	79	1	0.00	          2.31	108.210	109.899	108.210	109.105	--  	861522	0.00			1.55	109.053	41	38	  1.08	1	1	--  	--  	
159927	A300ETF	0.03	3.401	0.001	3.401	3.426	195	16	0.00	          0.04	3.288	3.694	3.288	3.400	--  	68577	0.00			11.94	3.517	144	51	  2.82	1	200	--  	--  	
159928	消费ETF	0.77	1.572	0.012	1.572	1.573	338	1	0.00	          0.00	1.568	1.573	1.555	1.560	--  	53005	  0.35			1.15	1.568	198	140	  1.41	142	130	--  	--  	
159929	医药ETF	-0.14	1.429	-0.002	1.425	1.429	2494	2	0.07	          0.15	1.431	1.434	1.420	1.431	--  	355870	  2.60			0.98	1.427	1307	1187	  1.10	150	279	--  	--  	
159930	能源ETF	-0.12	0.846	-0.001	0.837	0.854	119	2	0.00	          0.01	0.847	0.859	0.846	0.847	--  	10092	  0.50			1.53	0.848	100	19	  5.26	136	44	--  	--  	
159931	金融ETF	-0.07	1.470	-0.001	1.470	1.478	246	1	0.00	          0.01	1.478	1.478	1.470	1.471	--  	36304	  0.26			0.54	1.476	76	170	  0.45	106	5	--  	--  	
159932	500深ETF	0.44	1.821	0.008	1.815	1.823	283	1	0.00	          0.14	1.803	1.821	1.803	1.813	--  	51303	  1.18			0.99	1.813	35	248	  0.14	15	50	--  	--  	
159933	金地ETF	0.56	1.624	0.009	1.611	1.624	75	1	0.00	          0.00	1.563	1.624	1.563	1.615	--  	12101	0.00			3.78	1.605	15	60	  0.25	1	216	--  	--  	
159934	黄金ETF	0.86	2.711	0.023	2.710	2.711	132731	587	0.00	          4.68	2.699	2.712	2.699	2.688	--  	35928160	  0.83			0.48	2.707	31321	101410	  0.31	3010	128	--  	--  	
159935	景顺500	-1.37	1.657	-0.023	1.650	1.834	1	1	0.00	          0.00	1.657	1.657	1.657	1.680	--  	166	0.00			0.00	1.657	1	0	--  	1	14	--  	--  	
159936	可选消费	0.00	1.580	0.000	1.582	1.602	372	102	0.00	          0.10	1.581	1.581	1.580	1.580	--  	58777	0.00			0.06	1.580	334	38	  8.79	10	2	--  	--  	
159937	博时黄金	0.81	2.724	0.022	2.724	2.725	148317	100	-0.03	          2.90	2.712	2.726	2.712	2.702	--  	40350864	  1.00			0.52	2.721	73160	75157	  0.97	10178	5706	--  	--  	
159938	广发医药	0.23	1.298	0.003	1.298	1.299	20911	191	0.07	          0.44	1.294	1.300	1.287	1.295	--  	2707364	  2.81			1.00	1.295	1901	19009	  0.10	29	176	--  	--  	
159939	信息技术	1.35	1.125	0.015	1.124	1.125	20290	857	0.00	          0.57	1.110	1.125	1.105	1.110	--  	2268690	  0.90			1.80	1.118	5584	14706	  0.38	6	303	--  	--  	
159940	全指金融	1.49	0.815	0.012	0.815	0.818	11763	8	-0.36	          0.20	0.810	0.820	0.807	0.803	--  	953325	  3.77			1.62	0.810	173	11590	  0.01	138	496	--  	--  	
159941	纳指100	0.08	1.295	0.001	1.292	1.295	14729	450	0.00	          0.56	1.303	1.365	1.290	1.294	--  	1906392	  1.16			5.80	1.294	9005	5724	  1.57	177	350	--  	--  	
159942	中创100	-0.48	1.850	-0.009	1.818	1.850	2701	1	0.00	          0.23	1.798	1.850	1.700	1.859	--  	492422	  5.63			8.07	1.823	726	1975	  0.37	100	1289	--  	--  	
159943	深证ETF	1.57	11.051	0.171	11.000	11.050	3148	28	0.00	          0.20	10.880	11.051	10.803	10.880	--  	3449908	  2.19			2.28	10.960	353	2794	  0.13	1	9	--  	--  	
159944	全指材料	0.22	0.910	0.002	0.903	0.910	681	10	0.00	          0.02	0.897	0.910	0.897	0.908	--  	61331	  0.57			1.43	0.900	510	171	  2.98	998	1010	--  	--  	
159945	全指能源	0.28	0.720	0.002	0.720	0.727	769	100	0.00	          0.03	0.718	0.725	0.718	0.718	--  	55378	  0.64			0.97	0.720	498	271	  1.84	900	62	--  	--  	
159946	全指消费	0.68	1.037	0.007	1.036	1.037	1372	10	0.00	          0.05	1.012	1.037	1.012	1.030	--  	141695	  0.11			2.43	1.033	497	875	  0.57	95	38	--  	--  	
159948	创业板EF	0.95	2.025	0.019	2.025	2.026	3413	125	0.04	          0.09	2.001	2.026	1.993	2.006	--  	687570	  0.29			1.65	2.015	1596	1816	  0.88	925	464	--  	--  	
159949	创业板50	0.99	0.813	0.008	0.813	0.814	68964	500	0.00	          1.25	0.805	0.814	0.800	0.805	--  	5580417	  1.18			1.74	0.809	27463	41500	  0.66	1200	1256	--  	--  	
510010	治理ETF	0.20	0.996	0.002	0.997	1.001	7427	1	-0.49	          0.12	0.974	1.001	0.974	0.994	--  	732192	 10.32			2.72	0.986	6614	813	  8.14	7	620	--  	--  	
510020	超大ETF	-1.07	2.399	-0.026	2.385	2.397	333	10	0.00	          0.01	2.419	2.425	2.380	2.425	--  	79894	0.00			1.86	2.399	282	51	  5.53	166	80	--  	--  	
510030	价值ETF	-1.17	4.052	-0.048	4.063	4.140	411	24	0.00	          0.01	4.100	4.100	4.010	4.100	--  	167044	0.00			2.20	4.064	300	111	  2.70	3	100	--  	--  	
510050	50ETF	0.86	2.355	0.020	2.354	2.355	1606166	11337	0.08	          1.30	2.334	2.356	2.327	2.335	--  	376838816	  1.23			1.24	2.346	736318	869847	  0.85	10957	50	--  	--  	
510060	央企ETF	0.62	1.630	0.010	1.630	1.632	1787	70	0.00	          0.03	1.620	1.630	1.612	1.620	--  	288942	  0.68			1.11	1.617	1230	556	  2.21	2121	2171	--  	--  	
510070	民企ETF	1.17	1.646	0.019	1.646	1.650	2	2	0.00	          0.00	1.646	1.646	1.646	1.627	--  	329	0.00			0.00	1.645	2	0	--  	2115	2115	--  	--  	
510090	责任ETF	-0.45	1.320	-0.006	1.321	1.325	42	1	0.00	          0.00	1.320	1.320	1.320	1.326	--  	5544	0.00			0.00	1.320	1	41	  0.02	10	57	--  	--  	
510110	周期ETF	-0.56	2.993	-0.017	2.994	3.109	228	100	0.00	          0.04	2.986	2.994	2.986	3.010	--  	68205	0.00			0.27	2.989	159	69	  2.30	30	1	--  	--  	
510120	非周ETF	0.00	2.670	0.000	2.679	2.710	0	0	0.00	          0.00	--  	--  	--  	2.670	--  	0	0.00			0.00	2.670	0	0	--  	1	50	--  	--  	
510130	中盘ETF	0.00	3.683	0.000	3.705	3.712	0	0	0.00	          0.00	--  	--  	--  	3.683	--  	0	  0.00			0.00	3.683	0	0	--  	1000	1000	--  	--  	
510150	消费ETF	1.60	3.998	0.063	3.926	3.973	88	1	0.00	          0.00	3.934	3.998	3.934	3.935	--  	34703	0.00			1.63	3.944	15	73	  0.21	39	15	--  	--  	
510160	小康ETF	0.18	0.561	0.001	0.561	0.562	11095	93	0.17	          0.03	0.558	0.562	0.554	0.560	--  	619258	  0.53			1.43	0.558	5851	5244	  1.12	17000	17252	--  	--  	
510170	商品ETF	0.50	1.817	0.009	1.773	1.817	264	42	0.94	          0.03	1.780	1.817	1.772	1.808	--  	47392	  0.37			2.49	1.795	77	187	  0.41	3	0	--  	--  	
510180	180ETF	0.86	3.063	0.026	3.063	3.064	115861	71	0.13	          0.20	3.037	3.064	3.025	3.037	--  	35371220	  1.90			1.28	3.053	43288	72572	  0.60	71	241	--  	--  	
510190	龙头ETF	-0.50	3.215	-0.016	3.211	3.242	111	20	0.00	          0.01	3.200	3.215	3.200	3.231	--  	35632	0.00			0.46	3.210	111	0	--  	100	10	--  	--  	
510210	综指ETF	-2.32	3.498	-0.083	3.507	3.599	109	4	0.00	          0.01	3.472	3.609	3.472	3.581	--  	37908	0.00			3.83	3.478	105	4	 26.25	7	1	--  	--  	
510220	中小ETF	1.55	3.998	0.061	3.943	4.000	1509	10	0.00	          0.94	3.899	4.000	3.899	3.937	--  	601121	0.00			2.57	3.984	139	1370	  0.10	46	0	--  	--  	
510230	金融ETF	0.55	5.320	0.029	5.320	5.322	559	8	0.13	          0.01	5.280	5.320	5.267	5.291	--  	296320	  0.33			1.00	5.301	309	250	  1.24	1507	1515	--  	--  	
510260	新兴ETF	0.71	1.140	0.008	1.128	1.140	154	140	0.00	          0.01	1.128	1.144	1.128	1.132	--  	17558	  0.64			1.41	1.140	2	152	  0.01	298	10	--  	--  	
510270	国企ETF	0.10	1.028	0.001	1.027	1.028	84	1	0.00	          0.01	1.017	1.028	1.017	1.027	--  	8624	  0.35			1.07	1.027	10	74	  0.14	5	78	--  	--  	
510280	成长ETF	0.15	1.360	0.002	1.356	1.362	197	5	0.00	          0.01	1.358	1.360	1.345	1.358	--  	26567	0.00			1.10	1.349	67	130	  0.52	21	30	--  	--  	
510290	380ETF	0.62	1.611	0.010	1.613	1.618	12199	20	0.00	          0.55	1.598	1.611	1.592	1.601	--  	1951843	  0.89			1.19	1.600	106	12093	  0.01	7000	102	--  	--  	
510300	300ETF	1.08	3.459	0.037	3.459	3.460	1236681	371	0.08	          2.29	3.416	3.461	3.407	3.422	--  	425156064	  1.37			1.58	3.438	505016	731665	  0.69	59	829	--  	--  	
510310	HS300ETF	0.91	1.443	0.013	1.443	1.444	46888	250	0.00	          0.18	1.434	1.444	1.428	1.430	--  	6711254	  1.92			1.12	1.431	40555	6333	  6.40	2000	159	--  	--  	
510330	华夏300	0.93	3.681	0.034	3.680	3.682	3007	2	0.02	          0.01	3.647	3.682	3.631	3.647	--  	1095738	  0.96			1.40	3.644	2615	392	  6.67	44	4	--  	--  	
510360	广发300	0.75	1.068	0.008	1.068	1.070	81543	250	0.18	          2.64	1.058	1.068	1.054	1.060	--  	8669588	  0.66			1.32	1.063	28177	53366	  0.53	3001	2001	--  	--  	
510410	资源ETF	0.57	0.707	0.004	0.703	0.706	433	1	0.00	          0.02	0.704	0.708	0.701	0.703	--  	30373	  0.90			1.00	0.701	18	415	  0.04	110	22	--  	--  	
510420	180EWETF	0.27	1.480	0.004	1.478	1.488	3	1	0.00	          0.00	1.440	1.480	1.440	1.476	--  	439	0.00			2.71	1.463	2	1	  2.00	1	15	--  	--  	
510430	50等权	-0.07	1.343	-0.001	1.337	1.343	200	60	0.29	          0.03	1.339	1.343	1.339	1.344	--  	26814	0.00			0.30	1.341	28	172	  0.16	1	12	--  	--  	
510440	500沪市	-0.05	1.838	-0.001	1.840	1.848	343	7	0.00	          0.69	1.775	1.838	1.774	1.839	--  	62086	0.00			3.48	1.810	80	263	  0.30	1	75	--  	--  	
510500	500ETF	1.08	6.817	0.073	6.816	6.818	126199	2	0.10	          0.50	6.736	6.818	6.703	6.744	--  	85475496	  1.12			1.71	6.773	37733	88466	  0.43	193	533	--  	--  	
510510	广发500	0.62	1.789	0.011	1.788	1.789	8632	158	0.11	          0.09	1.778	1.789	1.767	1.778	--  	1541705	  0.71			1.24	1.786	2831	5801	  0.49	9001	1601	--  	--  	
510520	诺安500	-0.67	1.786	-0.012	1.778	1.789	77	50	0.39	          0.01	1.712	1.790	1.712	1.798	--  	13702	  0.32			4.34	1.779	10	67	  0.15	1	46	--  	--  	
510560	国寿500	0.75	1.340	0.010	1.341	1.342	38	37	0.00	          0.00	1.340	1.340	1.340	1.330	--  	5063	0.00			0.00	1.340	0	37	--  	1000	552	--  	--  	
510580	ZZ500ETF	-2.14	6.545	-0.143	6.545	6.609	75	10	0.01	          0.00	6.515	6.550	6.504	6.688	--  	48799	0.00			0.69	6.543	12	62	  0.19	7	5	--  	--  	
510630	消费行业	0.00	1.720	0.000	1.720	1.726	9018	1566	0.00	          0.31	1.710	1.725	1.697	1.720	--  	1549692	  3.13			1.63	1.718	1635	7383	  0.22	14	97	--  	--  	
510650	金融行业	1.01	1.495	0.015	1.489	1.495	5506	3	0.00	          0.31	1.480	1.496	1.480	1.480	--  	821827	  4.59			1.08	1.493	23	5483	  0.00	1000	1847	--  	--  	
510660	医药行业	0.51	1.573	0.008	1.572	1.573	3733	1	-0.06	          0.09	1.559	1.574	1.558	1.565	--  	586389	  1.20			1.02	1.571	211	3522	  0.06	69	242	--  	--  	
510680	万家50	-0.74	1.876	-0.014	1.875	1.876	822	2	2.96	          1.03	1.750	1.920	1.750	1.890	--  	148806	  1.71			8.99	1.810	702	120	  5.85	1	90	--  	--  	
510710	上50ETF	0.42	2.366	0.010	2.370	2.374	1014	10	-0.21	          0.13	2.355	2.373	2.346	2.356	--  	239590	  1.41			1.15	2.363	341	672	  0.51	331	1000	--  	--  	
510810	上海国企	0.50	1.000	0.005	0.999	1.000	172667	1000	-0.09	          0.11	0.995	1.001	0.991	0.995	--  	17247776	  0.51			1.01	0.999	24312	148355	  0.16	161	2351	--  	--  	
510880	红利ETF	0.97	2.720	0.026	2.718	2.720	46609	30	-0.03	          1.60	2.693	2.722	2.686	2.694	--  	12618692	  0.68			1.34	2.707	16603	30005	  0.55	21	89	--  	--  	
510900	H股ETF	2.07	1.135	0.023	1.134	1.135	6181252	3386	0.17	          6.48	1.118	1.136	1.114	1.112	--  	695892544	  1.26			1.98	1.126	2636833	3544418	  0.74	21323	50550	--  	--  	
511010	国债ETF	-0.13	110.457	-0.143	110.455	110.460	7628	1	0.01	         19.07	110.531	110.815	110.401	110.600	--  	84392960	  0.25			0.37	110.636	4588	3039	  1.51	1	1	--  	--  	
511210	企债ETF	-0.28	113.802	-0.319	113.800	115.498	5	1	0.00	          0.01	113.800	113.802	113.800	114.121	--  	56901	0.00			0.00	113.802	4	1	  4.00	3	3	--  	--  	
511220	城投ETF	0.14	96.332	0.134	96.111	96.331	65	8	0.00	          0.01	96.200	96.333	96.200	96.198	--  	626099	  0.14			0.14	96.308	45	20	  2.25	4	1	--  	--  	
511600	货币ETF	-0.01	99.999	-0.011	99.998	99.999	10729	1	0.00	          3.71	99.997	99.999	99.996	100.010	--  	107291624	  1.06			0.00	99.998	6108	4621	  1.32	37	317	--  	--  	
511650	华夏快线	-0.01	100.000	-0.010	99.999	100.000	8355	1	0.00	          2.02	99.992	100.004	99.992	100.010	--  	83546400	  1.12			0.01	100.001	4315	4039	  1.07	317	99	--  	--  	
511660	建信添益	-0.01	100.003	-0.015	100.003	100.005	141602	45	0.00	         37.45	100.000	100.005	99.998	100.018	--  	1416027008	  0.95			0.01	100.000	74774	66828	  1.12	15	79	--  	--  	
511680	安信货币	-0.01	100.000	-0.007	99.999	100.000	7121	15	0.00	          3.96	99.996	100.000	99.996	100.007	--  	71204480	  0.82			0.00	99.999	1577	5543	  0.28	920	82	--  	--  	
511690	交易货币	-0.01	100.005	-0.012	100.005	100.006	211914	1	0.00	         83.05	100.001	100.006	99.999	100.017	--  	2119159040	  1.13			0.01	100.001	104841	107073	  0.98	111	300	--  	--  	
511700	场内货币	-0.01	100.002	-0.007	100.001	100.002	6022	40	0.00	          4.35	99.998	100.004	99.994	100.009	--  	60223604	  0.53			0.01	100.001	2379	3643	  0.65	152	300	--  	--  	
511760	德邦货币	-0.08	99.920	-0.080	99.920	100.038	0	0	-0.08	          0.00	99.920	99.920	99.920	100.000	--  	999	0.00			0.00	100.000	0	0	--  	2	1	--  	--  	
511800	易货币	-0.01	100.002	-0.009	100.002	100.004	12757	2	0.00	          0.10	99.996	100.004	99.995	100.011	--  	127564624	  0.82			0.01	99.998	8009	4747	  1.69	126	9	--  	--  	
511810	理财金H	-0.02	100.000	-0.017	100.000	100.001	287856	65	0.00	         14.18	99.998	100.003	99.998	100.017	--  	2878552832	  1.06			0.00	100.000	193883	93973	  2.06	5086	369	--  	--  	
511820	鹏华添利	-0.02	99.997	-0.018	99.998	99.999	46692	4	0.00	         46.45	99.999	99.999	99.991	100.015	--  	466903904	  0.75			0.01	99.997	24573	22118	  1.11	21	1050	--  	--  	
511830	华泰货币	-0.01	100.004	-0.013	100.004	100.005	8342	2	0.00	         11.89	100.000	100.006	99.996	100.017	--  	83416848	  1.58			0.01	100.002	3259	5082	  0.64	98	1	--  	--  	
511850	财富宝E	-0.01	100.006	-0.011	100.005	100.006	6401	5	0.00	          6.29	100.000	100.007	100.000	100.017	--  	64009684	  1.07			0.01	100.005	2137	4263	  0.50	94	94	--  	--  	
511860	博时货币	-0.01	99.995	-0.012	99.995	99.996	21708	2	0.00	         14.41	99.995	99.999	99.994	100.007	--  	217073344	  0.84			0.00	99.996	10959	10749	  1.02	9	150	--  	--  	
511880	银华日利	-0.01	100.690	-0.008	100.689	100.690	842989	603	0.00	         87.90	100.707	100.707	100.689	100.698	--  	8488754688	  1.08			0.02	100.698	421054	421935	  1.00	18	1159	--  	--  	
511890	景顺货币	-0.00	99.999	-0.003	99.997	100.000	723	16	0.00	          2.10	99.990	100.000	99.990	100.002	--  	7232765	  0.60			0.01	99.997	408	315	  1.30	45	14	--  	--  	
511900	富国货币	-0.01	99.999	-0.012	99.998	99.999	152056	138	0.00	         22.14	99.999	99.999	99.995	100.011	--  	1520519808	  1.10			0.00	99.997	89612	62443	  1.44	17	33	--  	--  	
511910	融通货币	-0.00	100.004	-0.004	100.003	100.004	9755	1	0.00	         19.97	100.005	100.005	99.998	100.008	--  	97555768	  0.80			0.01	100.002	4634	5121	  0.90	212	102	--  	--  	
511920	广发货币	-0.00	99.997	-0.003	99.991	99.997	2284	4	0.00	          2.85	99.998	99.998	99.993	100.000	--  	22835512	  4.76			0.00	99.997	867	1416	  0.61	4	7	--  	--  	
511930	中融日盈	-0.01	99.997	-0.011	99.997	99.998	4084	10	0.00	          4.19	99.994	100.000	99.990	100.008	--  	40839004	  0.90			0.01	99.998	2407	1677	  1.44	10	511	--  	--  	
511950	广发添利	-0.00	99.996	-0.005	99.996	99.999	586	13	0.00	          1.13	99.971	100.000	99.971	100.001	--  	5860459	  0.41			0.03	99.998	113	473	  0.24	0	16	--  	--  	
511960	嘉实快线	-0.02	99.998	-0.024	99.996	99.998	1771	1	0.00	          1.77	99.999	100.000	99.993	100.022	--  	17709850	  1.84			0.01	99.998	1219	552	  2.21	12	22	--  	--  	
511970	国寿货币	-0.01	100.000	-0.007	99.998	100.001	20205	300	0.00	         60.29	99.996	100.001	99.995	100.007	--  	202055120	  0.84			0.01	100.000	9378	10827	  0.87	512	300	--  	--  	
511980	现金添富	-0.01	99.998	-0.015	99.997	99.998	48964	350	0.00	         31.29	99.997	99.999	99.994	100.013	--  	489625472	  1.46			0.00	99.997	24640	24324	  1.01	11	1	--  	--  	
511990	华宝添益	-0.02	100.000	-0.025	99.999	100.000	1477748	473	0.00	         42.74	100.006	100.008	99.999	100.025	--  	14777885696	  1.14			0.01	100.003	808270	669478	  1.21	1684	592	--  	--  	
512000	券商ETF	0.20	0.983	0.002	0.982	0.985	26887	50	0.00	          0.42	0.978	0.985	0.974	0.981	--  	2631308	  0.83			1.12	0.979	14709	12177	  1.21	2300	1761	--  	--  	
512010	医药ETF	0.30	1.335	0.004	1.326	1.335	1851	7	0.00	          0.11	1.308	1.335	1.308	1.331	--  	246027	  2.57			2.03	1.329	142	1709	  0.08	350	44	--  	--  	
512070	非银ETF	0.48	1.689	0.008	1.689	1.690	4358	5	0.00	          0.07	1.672	1.690	1.672	1.681	--  	733664	  0.96			1.07	1.683	2061	2297	  0.90	2000	31	--  	--  	
512100	1000ETF	1.15	0.970	0.011	0.965	0.971	83822	1105	0.51	          1.43	0.941	0.970	0.941	0.959	--  	8023253	  7.76			3.02	0.957	42944	40878	  1.05	2250	296	--  	--  	
512120	中证医药	0.66	1.366	0.009	1.365	1.368	4456	10	0.00	          0.62	1.354	1.366	1.353	1.357	--  	604045	  3.09			0.96	1.356	2280	2176	  1.05	5	6	--  	--  	
512210	景顺食品	0.00	1.490	0.000	1.490	1.529	1	1	0.00	          0.00	1.490	1.490	1.490	1.490	--  	149	0.00			0.00	1.490	1	0	--  	10	1	--  	--  	
512220	景顺TMT	1.94	1.369	0.026	1.347	1.370	23	23	0.00	          0.00	1.369	1.369	1.369	1.343	--  	3149	0.00			0.00	1.369	0	23	--  	2	8	--  	--  	
512230	景顺医药	0.62	1.305	0.008	1.292	1.307	2792	400	0.00	          0.11	1.306	1.307	1.305	1.297	--  	364505	0.00			0.15	1.306	1032	1760	  0.59	1	512	--  	--  	
512300	500医药	0.16	1.240	0.002	1.240	1.242	5233	53	0.00	          0.04	1.233	1.242	1.228	1.238	--  	648021	  2.42			1.13	1.238	2345	2888	  0.81	31	145	--  	--  	
512310	500工业	0.84	0.724	0.006	0.724	0.725	2610	100	0.13	          0.03	0.715	0.724	0.715	0.718	--  	188059	  0.78			1.25	0.721	2105	505	  4.17	2300	2420	--  	--  	
512330	500信息	0.95	0.849	0.008	0.849	0.850	737	1	0.00	          0.03	0.841	0.850	0.841	0.841	--  	62487	  0.15			1.07	0.848	412	325	  1.27	2300	1900	--  	--  	
512340	500原料	0.69	0.875	0.006	0.876	0.877	3299	1	0.00	          0.03	0.867	0.875	0.862	0.869	--  	286844	  2.29			1.50	0.869	2977	322	  9.25	2300	2300	--  	--  	
512500	中证500	0.71	3.130	0.022	3.109	3.130	1205	530	0.09	          0.04	3.093	3.130	3.068	3.108	--  	375774	  1.67			1.99	3.118	341	864	  0.39	300	0	--  	--  	
512510	ETF500	0.85	1.308	0.011	1.308	1.309	56218	20	0.00	          1.29	1.297	1.309	1.289	1.297	--  	7330946	  1.62			1.54	1.304	45308	10910	  4.15	1800	1851	--  	--  	
512580	环保ETF	0.50	1.014	0.005	1.014	1.015	118231	80	0.00	          1.74	1.009	1.015	1.002	1.009	--  	11964014	  1.23			1.29	1.012	58521	59710	  0.98	1002	19516	--  	--  	
512600	主要消费	0.81	1.619	0.013	1.619	1.624	41	1	0.00	          0.01	1.616	1.619	1.615	1.606	--  	6622	0.00			0.25	1.615	40	1	 40.00	200	200	--  	--  	
512610	医药卫生	0.57	1.420	0.008	1.422	1.425	3473	6	0.00	          0.18	1.414	1.421	1.414	1.412	--  	492855	  1.11			0.50	1.419	1000	2473	  0.40	500	68	--  	--  	
512640	金融地产	0.00	1.660	0.000	1.673	1.680	0	0	0.00	          0.00	--  	--  	--  	1.660	--  	0	0.00			0.00	1.660	0	0	--  	1300	500	--  	--  	
512660	军工ETF	0.87	1.049	0.009	1.049	1.050	90066	110	0.00	          1.53	1.039	1.050	1.039	1.040	--  	9425440	  0.76			1.06	1.047	31269	58797	  0.53	8600	3812	--  	--  	
512680	军工基金	0.89	1.022	0.009	1.021	1.022	45594	40	0.09	          0.51	1.013	1.022	1.012	1.013	--  	4643260	  0.57			0.99	1.018	22219	23375	  0.95	9054	2970	--  	--  	
512810	军工行业	0.61	0.995	0.006	0.995	0.997	30887	897	-0.10	          0.57	0.986	0.996	0.986	0.989	--  	3062077	  0.35			1.01	0.991	4371	26516	  0.16	1214	4046	--  	--  	
512880	证券ETF	0.29	1.042	0.003	1.041	1.042	104247	237	0.09	          2.43	1.036	1.043	1.031	1.039	--  	10827454	  1.47			1.15	1.039	51254	52993	  0.97	1458	1281	--  	--  	
512990	MSCIA股	0.29	1.032	0.003	1.030	1.032	2695	200	0.19	          0.08	1.021	1.033	1.021	1.029	--  	277047	  0.36			1.17	1.028	1744	951	  1.83	5	51	--  	--  	
513030	德国30	0.29	1.020	0.003	1.018	1.020	4867	16	0.00	          0.14	1.020	1.020	1.016	1.017	--  	495533	  0.31			0.39	1.018	2952	1915	  1.54	31	129	--  	--  	
513050	中概互联	0.00	1.071	0.000	1.071	1.072	17504	4867	0.18	          0.58	1.071	1.072	1.069	1.071	--  	1873623	  1.43			0.28	1.070	3210	14294	  0.22	148	360	--  	--  	
513100	纳指ETF	0.75	2.010	0.015	2.010	2.012	37611	89	-0.09	          7.10	2.004	2.015	2.000	1.995	--  	7548086	  0.68			0.75	2.007	18633	18978	  0.98	11	491	--  	--  	
513500	标普500	0.82	1.603	0.013	1.602	1.603	67133	27	0.00	          4.12	1.601	1.633	1.596	1.590	--  	10799089	  0.67			2.33	1.609	39816	27317	  1.46	100	27	--  	--  	
513600	恒指ETF	1.54	2.180	0.033	2.180	2.182	1702	1	0.00	          0.12	2.150	2.180	2.143	2.147	--  	366611	  1.42			1.72	2.154	150	1552	  0.10	11	16	--  	--  	
513660	恒生通	1.12	2.175	0.024	2.173	2.177	701	61	-0.13	          0.02	2.149	2.178	2.149	2.151	--  	151846	  0.73			1.35	2.166	570	131	  4.35	1436	50	--  	--  	
518800	黄金基金	0.71	2.707	0.019	2.708	2.709	291899	100	0.03	         11.87	2.699	2.710	2.699	2.688	--  	78886792	  0.82			0.41	2.703	129051	162848	  0.79	143	231	--  	--  	
518880	黄金ETF	1.04	2.718	0.028	2.718	2.719	2409451	855	0.03	          9.83	2.702	2.719	2.702	2.690	--  	652628480	  0.90			0.63	2.709	943871	1465580	  0.64	954	9127	--  	--  	
数据来源:通达信
