代码	名称	涨幅%%	现价	涨跌	买价	卖价	总量	现量	涨速%%	换手%%	今开	最高	最低	昨收	市盈(动)	总金额	量比	细分行业	地区	振幅%%	均价	内盘	外盘	内外比	买量	卖量	未匹配量	流通股(亿)	
000100	TCL 集团	0.85	3.58	0.03	3.58	3.59	503236	4821	0.00	          0.56	3.55	3.59	3.51	3.55	    21.32	178647712	  0.92	家用电器	广东	2.25	3.55	210404	292831	  0.72	721	35650	--  	         90.01	
000529	广弘控股	0.55	10.91	0.06	10.90	10.91	35418	164	-0.09	          0.62	10.80	10.97	10.62	10.85	    60.66	38338180	  0.88	食品	广东	3.23	10.82	12899	22519	  0.57	177	409	--  	          5.67	
000564	供销大集	-0.46	8.63	-0.04	8.63	8.64	77373	1938	0.23	          1.49	8.67	8.70	8.50	8.67	  1565.19	66415888	  0.51	百货	陕西	2.31	8.58	46296	31076	  1.49	28	297	--  	          5.20	
000759	中百集团	2.16	9.45	0.20	9.44	9.45	48810	1016	0.00	          0.72	9.23	9.46	9.11	9.25	--  	45436980	  0.67	超市连锁	湖北	3.78	9.31	17537	31272	  0.56	432	1443	--  	          6.81	
000785	武汉中商	-0.15	13.71	-0.02	13.70	13.71	22155	231	0.07	          0.88	13.77	13.77	13.52	13.73	   139.30	30224240	  0.85	百货	湖北	1.82	13.64	11943	10212	  1.17	81	191	--  	          2.51	
000826	启迪桑德	1.23	34.50	0.42	34.49	34.50	32952	617	0.00	          0.39	34.08	34.55	33.88	34.08	    30.87	112715056	  1.22	环境保护	湖北	1.97	34.21	15578	17374	  0.90	28	543	--  	          8.47	
000861	海印股份	0.21	4.72	0.01	4.71	4.72	52774	578	0.21	          0.30	4.71	4.72	4.66	4.71	    61.26	24763622	  0.73	房产服务	广东	1.27	4.69	30232	22541	  1.34	892	2078	--  	         17.61	
000882	华联股份	0.47	4.27	0.02	4.26	4.27	225142	5798	0.23	          1.19	4.23	4.27	4.20	4.25	    57.10	95582520	  0.75	百货	北京	1.65	4.25	106813	118328	  0.90	4725	6892	--  	         18.85	
000887	中鼎股份	-1.52	24.65	-0.38	24.64	24.65	148778	2590	0.08	          1.34	25.01	25.01	24.51	25.03	    28.57	367271296	  1.28	橡胶	安徽	2.00	24.69	95377	53401	  1.79	244	216	--  	         11.14	
002005	德豪润达	2.56	6.00	0.15	5.99	6.00	399166	3071	0.16	          3.42	5.88	6.14	5.86	5.85	   340.19	240179696	  3.16	家用电器	广东	4.79	6.02	171807	227358	  0.76	1263	4585	--  	         11.66	
002024	苏宁云商	0.36	11.03	0.04	11.03	11.04	247861	1835	0.00	          0.49	10.99	11.07	10.91	10.99	--  	272784192	  1.00	电器连锁	江苏	1.46	11.01	117866	129994	  0.91	3013	3433	--  	         50.18	
002029	七 匹 狼	0.59	10.31	0.06	10.31	10.32	33630	791	-0.09	          0.45	10.25	10.33	10.20	10.25	    34.60	34520856	  0.85	服饰	福建	1.27	10.27	16990	16639	  1.02	67	307	--  	          7.55	
002069	*ST獐岛	-0.69	11.48	-0.08	11.48	11.49	84815	879	0.17	          1.24	11.57	11.62	11.39	11.56	   192.34	97871576	  1.56	渔业	辽宁	1.99	11.54	53087	31728	  1.67	513	30	--  	          6.82	
002081	金 螳 螂	5.47	11.37	0.59	11.37	11.38	475675	3822	-0.17	          1.89	10.88	11.49	10.88	10.78	    16.53	535127424	  3.13	装修装饰	江苏	5.66	11.25	204645	271029	  0.76	880	1346	--  	         25.18	
002183	怡 亚 通	1.48	10.99	0.16	10.98	10.99	212643	1216	0.00	          1.01	10.80	11.05	10.72	10.83	    38.33	232177712	  1.41	仓储物流	深圳	3.05	10.92	104900	107743	  0.97	272	2505	--  	         20.98	
002215	诺 普 信	-0.99	11.04	-0.11	11.04	11.05	88612	588	0.00	          1.27	11.13	11.13	10.90	11.15	--  	97575288	  1.03	农药化肥	深圳	2.06	11.01	49452	39160	  1.26	515	604	--  	          6.95	
002251	步 步 高	0.14	14.59	0.02	14.59	14.60	57257	1176	0.00	          0.81	14.57	14.63	14.31	14.57	    54.33	82885056	  0.89	超市连锁	湖南	2.20	14.48	29152	28104	  1.04	81	277	--  	          7.08	
002264	新 华 都	-1.04	10.45	-0.11	10.45	10.46	77726	2150	0.09	          1.40	10.55	10.55	10.26	10.56	    25.32	80697208	  1.04	超市连锁	福建	2.75	10.38	45885	31841	  1.44	869	164	--  	          5.56	
002269	美邦服饰	-0.21	4.86	-0.01	4.86	4.87	137909	2335	0.20	          0.55	4.85	4.87	4.74	4.87	--  	66334832	  1.03	服饰	上海	2.67	4.81	71074	66835	  1.06	1147	4198	--  	         25.13	
002271	东方雨虹	2.36	26.85	0.62	26.84	26.85	90436	603	0.03	          1.61	26.26	27.17	25.85	26.23	    24.66	241572784	  1.60	其他建材	北京	5.03	26.71	42496	47940	  0.89	61	193	--  	          5.61	
002277	友阿股份	1.05	16.30	0.17	16.29	16.30	290508	3266	0.00	          5.13	16.15	16.52	15.99	16.13	    38.59	472230336	  1.64	百货	湖南	3.29	16.26	134841	155666	  0.87	1280	175	--  	          5.66	
002291	星期六	0.17	18.18	0.03	18.18	18.19	24480	186	-0.05	          0.67	18.29	18.29	18.05	18.15	   310.09	44510232	  0.80	服饰	广东	1.32	18.18	11489	12991	  0.88	16	134	--  	          3.63	
002293	罗莱生活	0.15	13.48	0.02	13.48	13.49	16438	79	0.00	          0.23	13.46	13.53	13.32	13.46	    27.35	22081006	  0.75	纺织	江苏	1.56	13.43	8490	7947	  1.07	65	308	--  	          6.99	
002310	东方园林	2.49	15.23	0.37	15.22	15.23	340184	7512	0.13	          2.40	14.85	15.23	14.71	14.86	    59.14	513290048	  2.11	建筑施工	北京	3.50	15.09	151155	189029	  0.80	2270	400	--  	         14.16	
002327	富安娜	0.00	9.55	0.00	9.55	9.56	80520	959	0.20	          1.70	9.54	9.58	9.40	9.55	    25.57	76620128	  1.21	纺织	深圳	1.88	9.52	42680	37840	  1.13	415	536	--  	          4.74	
002344	海宁皮城	0.47	10.63	0.05	10.62	10.63	44536	526	0.09	          0.40	10.58	10.65	10.43	10.58	    20.93	47103060	  0.91	商品城	浙江	2.08	10.58	25075	19461	  1.29	477	521	--  	         11.06	
002345	潮宏基	0.62	11.35	0.07	11.34	11.35	105538	1306	0.00	          1.27	11.27	11.39	11.11	11.28	    36.96	118746480	  1.54	服饰	广东	2.48	11.25	65474	40063	  1.63	128	403	--  	          8.33	
002397	梦洁股份	0.45	8.86	0.04	8.85	8.86	81597	2185	0.00	          2.46	8.80	8.87	8.70	8.82	    79.21	71828928	  0.80	纺织	湖南	1.93	8.80	41441	40155	  1.03	1151	92	--  	          3.31	
002419	天虹商场	1.04	16.59	0.17	16.58	16.59	209303	1592	0.12	          2.62	16.35	16.69	16.15	16.42	    25.33	344457312	  1.75	百货	深圳	3.29	16.46	107255	102048	  1.05	130	162	--  	          8.00	
002425	凯撒文化	0.10	20.25	0.02	20.24	20.25	46254	779	0.14	          2.26	20.12	20.26	19.98	20.23	    87.06	93090328	  0.86	服饰	广东	1.38	20.13	23177	23077	  1.00	504	35	--  	          2.05	
002444	巨星科技	0.78	16.80	0.13	16.80	16.81	157179	2169	-0.05	          1.55	16.75	17.07	16.73	16.67	    29.39	265318400	  0.78	轻工机械	浙江	2.04	16.88	81751	75428	  1.08	688	328	--  	         10.12	
002477	雏鹰农牧	0.41	4.85	0.02	4.84	4.85	140690	1911	0.00	          0.72	4.83	4.85	4.80	4.83	    16.14	67924312	  0.95	农业综合	河南	1.04	4.83	74825	65865	  1.14	1746	3005	--  	         19.65	
002488	金固股份	-0.07	14.77	-0.01	14.77	14.78	46886	1278	0.06	          1.22	14.79	14.83	14.55	14.78	--  	68874496	  0.70	汽车配件	浙江	1.89	14.69	24215	22671	  1.07	448	256	--  	          3.85	
002503	搜于特	-1.29	13.03	-0.17	13.02	13.03	36971	530	0.00	          0.45	13.30	13.30	12.85	13.20	    58.44	48149072	  0.98	服饰	广东	3.41	13.02	16715	20256	  0.83	69	84	--  	          8.13	
002538	司尔特	1.54	9.89	0.15	9.88	9.89	123319	1525	0.00	          1.76	9.72	9.91	9.62	9.74	    25.83	121033040	  1.27	农药化肥	安徽	2.98	9.81	50994	72324	  0.71	549	360	--  	          7.00	
002561	徐家汇	-0.48	16.69	-0.08	16.69	16.70	57331	1316	0.00	          1.45	16.83	16.83	16.35	16.77	    30.28	94988520	  0.87	百货	上海	2.86	16.57	27683	29647	  0.93	78	338	--  	          3.96	
002563	森马服饰	-0.63	9.54	-0.06	9.53	9.54	43974	663	0.10	          0.24	9.55	9.60	9.45	9.60	    19.24	41790384	  0.71	服饰	浙江	1.56	9.50	29563	14411	  2.05	100	177	--  	         18.39	
002607	亚夏汽车	0.38	10.52	0.04	10.52	10.53	35472	360	0.00	          0.99	10.49	10.56	10.31	10.48	    65.96	37018632	  0.70	汽车服务	安徽	2.39	10.44	18129	17343	  1.05	350	55	--  	          3.57	
002656	摩登大道	1.00	18.23	0.18	18.21	18.23	14767	126	0.10	          0.58	18.15	18.54	18.10	18.05	--  	27030456	  0.61	服饰	广东	2.44	18.30	6294	8473	  0.74	17	597	--  	          2.56	
002697	红旗连锁	0.13	7.92	0.01	7.91	7.92	133401	2432	0.00	          1.82	7.88	7.94	7.81	7.91	    59.90	105067376	  0.84	超市连锁	四川	1.64	7.88	64080	69320	  0.92	3238	119	--  	          7.31	
002719	麦趣尔	0.61	46.48	0.28	46.48	46.49	8454	149	0.00	          1.03	46.20	46.59	45.40	46.20	    82.35	38873600	  0.59	乳制品	新疆	2.58	45.98	4350	4103	  1.06	24	3	--  	          0.82	
300005	探路者	1.04	14.60	0.15	14.59	14.60	49725	667	0.06	          1.43	14.47	14.62	14.42	14.45	    64.84	72253400	  0.69	服饰	北京	1.38	14.53	20520	29204	  0.70	842	819	--  	          3.49	
300027	华谊兄弟	0.19	10.63	0.02	10.63	10.64	160738	3568	0.09	          0.84	10.63	10.66	10.48	10.61	    35.69	170106224	  0.69	影视音像	浙江	1.70	10.58	84588	76150	  1.11	878	1384	--  	         19.03	
300085	银之杰	0.54	20.61	0.11	20.61	20.62	56560	1436	0.04	          1.72	20.50	20.68	20.22	20.50	   209.92	115752880	  0.72	软件服务	深圳	2.24	20.47	28947	27613	  1.05	635	84	--  	          3.29	
300131	英唐智控	1.53	9.93	0.15	9.93	9.94	286826	4299	0.10	          4.57	9.77	9.96	9.69	9.78	    52.73	283606528	  1.27	元器件	深圳	2.76	9.89	131019	155807	  0.84	229	1872	--  	          6.28	
300177	中海达	1.10	13.75	0.15	13.75	13.76	34844	762	0.07	          1.11	13.58	13.77	13.50	13.60	   214.38	47695292	  0.57	通信设备	广东	1.99	13.69	15819	19024	  0.83	52	305	--  	          3.13	
300205	天喻信息	0.28	14.30	0.04	14.30	14.31	26296	516	-0.06	          0.62	14.26	14.37	14.05	14.26	   149.68	37440972	  0.72	元器件	湖北	2.24	14.24	12584	13712	  0.92	411	30	--  	          4.26	
300220	金运激光	1.62	28.21	0.45	28.21	28.23	11025	344	0.32	          1.91	27.81	28.21	27.48	27.76	   360.12	30688960	  0.74	元器件	湖北	2.63	27.84	4780	6244	  0.77	106	3	--  	          0.58	
300232	洲明科技	2.73	14.28	0.38	14.28	14.29	76006	531	0.14	          2.05	13.85	14.30	13.68	13.90	    52.37	107147144	  1.26	半导体	深圳	4.46	14.10	36535	39471	  0.93	102	479	--  	          3.70	
300244	迪安诊断	2.21	31.86	0.69	31.86	31.87	46753	1127	0.15	          1.41	31.17	31.98	31.10	31.17	    69.99	148122576	  1.39	医疗保健	浙江	2.82	31.68	19650	27102	  0.73	134	16	--  	          3.31	
300267	尔康制药	0.00	13.96	0.00	13.96	13.97	53916	157	-0.07	          0.47	13.82	14.07	13.82	13.96	    29.85	75438040	  1.30	化学制药	湖南	1.79	13.99	22234	31682	  0.70	337	191	--  	         11.45	
300616	尚品宅配	10.00	114.59	10.42	114.59	--  	187	2	0.00	          0.07	114.59	114.59	114.59	104.17	    48.44	2142833	0.00	家居用品	广东	0.00	114.59	165	22	  7.50	16899	0	--  	          0.27	
600059	古越龙山	0.85	10.70	0.09	10.70	10.71	74149	29	0.00	          0.92	10.61	10.72	10.55	10.61	    67.67	79024176	  0.87	红黄药酒	浙江	1.60	10.66	37361	36787	  1.02	9	448	--  	          8.09	
600122	宏图高科	1.10	12.86	0.14	12.86	12.87	136184	15	-0.07	          1.18	12.69	12.87	12.51	12.72	    37.34	173668592	  1.25	其他商业	江苏	2.83	12.75	64182	72001	  0.89	72	2248	--  	         11.52	
600138	中青旅	0.00	21.88	0.00	21.88	21.89	63689	10	-0.04	          0.91	21.94	21.96	21.61	21.88	    27.08	138864208	  0.67	旅游服务	北京	1.60	21.80	28408	35280	  0.81	143	340	--  	          7.03	
600177	雅戈尔	0.58	13.96	0.08	13.95	13.96	73358	87	-0.14	          0.33	13.85	13.99	13.84	13.88	     8.10	102240032	  1.10	服饰	浙江	1.08	13.94	34008	39350	  0.86	411	117	--  	         22.27	
600251	冠农股份	-0.92	8.63	-0.08	8.62	8.63	123885	10	0.23	          1.58	8.66	8.70	8.44	8.71	   416.60	106007544	  0.82	农业综合	新疆	2.99	8.56	75095	48790	  1.54	336	290	--  	          7.85	
600280	中央商场	-1.17	8.45	-0.10	8.44	8.45	82736	223	-0.11	          0.72	8.55	8.55	8.40	8.55	    90.84	70027520	  0.89	百货	江苏	1.75	8.46	52555	30180	  1.74	1109	315	--  	         11.48	
600306	*ST商城	0.69	15.95	0.11	15.94	15.95	15806	2	0.00	          0.89	15.77	16.06	15.60	15.84	--  	25101592	  0.76	百货	辽宁	2.90	15.88	10302	5503	  1.87	77	43	--  	          1.77	
600319	亚星化学	-1.48	11.97	-0.18	11.96	12.00	264867	1280	0.50	          8.39	12.01	12.33	11.85	12.15	   141.05	317956256	  0.60	化工原料	山东	3.95	12.00	142464	122403	  1.16	4	928	--  	          3.16	
600327	大东方	0.95	9.60	0.09	9.59	9.60	58634	100	0.00	          1.12	9.57	9.64	9.53	9.51	    23.49	56251056	  0.88	百货	江苏	1.16	9.59	23775	34859	  0.68	43	689	--  	          5.22	
600436	片仔癀	1.36	48.50	0.65	48.53	48.54	63473	1	0.12	          1.05	47.80	48.90	47.71	47.85	    45.62	307705344	  2.49	中成药	福建	2.49	48.48	29664	33808	  0.88	3	14	--  	          6.03	
600594	益佰制药	0.99	18.30	0.18	18.29	18.31	119183	6	-0.10	          1.50	18.12	18.35	18.02	18.12	    37.46	217500528	  0.58	中成药	贵州	1.82	18.25	55676	63506	  0.88	24	54	--  	          7.92	
600640	号百控股	-0.15	19.88	-0.03	19.87	19.88	33460	5	0.15	          0.62	19.93	19.95	19.63	19.91	   477.63	66071160	  0.47	酒店餐饮	上海	1.61	19.75	20339	13120	  1.55	84	174	--  	          5.35	
600645	中源协和	0.00	26.80	0.00	--  	--  	0	0	0.00	          0.00	--  	--  	--  	26.80	  1404.43	0	  0.00	生物制药	天津	0.00	26.80	0	0	--  	0	0	--  	          3.54	
600729	重庆百货	0.51	27.37	0.14	27.36	27.38	72137	50	0.25	          1.77	27.20	27.54	26.69	27.23	    26.57	195295392	  0.73	百货	重庆	3.12	27.07	39018	33119	  1.18	78	40	--  	          4.06	
600757	长江传媒	0.70	8.60	0.06	8.60	8.61	58560	101	0.23	          0.48	8.54	8.62	8.48	8.54	    19.19	50144816	  0.83	出版业	湖北	1.64	8.56	25493	33066	  0.77	129	1172	--  	         12.13	
600827	百联股份	-1.16	16.99	-0.20	16.98	16.99	305070	62	0.00	          1.98	17.00	17.08	16.68	17.19	    30.46	514052384	  1.09	超市连锁	上海	2.33	16.85	174475	130594	  1.34	338	3	--  	         15.43	
600859	王府井	0.00	16.28	0.00	--  	--  	0	0	0.00	          0.00	--  	--  	--  	16.28	    21.61	0	  0.00	百货	北京	0.00	16.28	0	0	--  	0	0	--  	          6.02	
600978	宜华生活	-0.86	11.56	-0.10	11.55	11.57	145955	54	-0.08	          0.98	11.60	11.72	11.50	11.66	    21.07	169029216	  0.67	家居用品	广东	1.89	11.58	84088	61867	  1.36	132	209	--  	         14.83	
600998	九州通	0.25	19.93	0.05	19.94	19.95	16429	15	0.00	          0.11	19.88	19.98	19.66	19.88	    53.83	32560952	  0.75	医药商业	湖北	1.61	19.82	8576	7852	  1.09	158	141	--  	         14.42	
601010	文峰股份	0.00	5.09	0.00	5.08	5.09	79997	19	0.00	          0.43	5.10	5.10	5.06	5.09	    38.18	40628892	  1.34	超市连锁	江苏	0.79	5.08	44835	35162	  1.28	1465	970	--  	         18.48	
601801	皖新传媒	-1.55	18.45	-0.29	18.42	18.49	139654	1	0.32	          0.77	18.75	18.75	18.21	18.74	    38.58	257212240	  0.59	出版业	安徽	2.88	18.42	61098	78555	  0.78	104	4	--  	         18.20	
601933	永辉超市	2.76	5.59	0.15	5.59	5.60	1062550	50	0.00	          1.63	5.43	5.74	5.42	5.44	    49.20	593722112	  1.97	超市连锁	福建	5.88	5.59	464259	598290	  0.78	482	6474	--  	         65.09	
603001	奥康国际	0.32	22.07	0.07	22.05	22.07	22383	11	0.09	          0.56	21.97	22.08	21.68	22.00	    25.94	48987172	  0.88	服饰	浙江	1.82	21.89	11372	11010	  1.03	250	5	--  	          4.01	
603008	喜临门	1.63	21.19	0.34	21.19	21.20	120248	23	-0.46	          3.82	20.85	21.72	20.85	20.85	    42.99	257480832	  1.68	家居用品	浙江	4.17	21.41	65683	54565	  1.20	37	62	--  	          3.15	
603369	今世缘	0.79	14.01	0.11	14.00	14.01	75501	8	0.28	          1.11	13.91	14.14	13.61	13.90	    20.39	105080448	  0.76	白酒	江苏	3.81	13.92	42341	33159	  1.28	263	277	--  	          6.81	
603558	健盛集团	-1.29	27.51	-0.36	27.45	27.48	75705	17	-0.03	         10.09	26.73	27.97	26.03	27.87	    72.99	207329200	  1.31	纺织	浙江	6.96	27.39	41931	33773	  1.24	49	7	--  	          0.75	
603898	好莱客	-1.03	36.57	-0.38	36.57	36.58	16429	9	0.00	          1.88	37.18	37.20	36.20	36.95	    53.51	60212848	  0.65	家居用品	广东	2.71	36.65	9922	6507	  1.52	16	183	--  	          0.87	
数据来源:通达信
