代码	名称	涨幅%%	现价	涨跌	买价	卖价	总量	现量	涨速%%	换手%%	今开	最高	最低	昨收	市盈(动)	总金额	量比	细分行业	地区	振幅%%	均价	内盘	外盘	内外比	买量	卖量	未匹配量	流通股(亿)	
000012	南 玻Ａ	0.80	11.35	0.09	11.35	11.36	136958	1537	0.00	          1.05	11.24	11.36	11.11	11.26	    24.71	154130288	  0.79	玻璃	深圳	2.22	11.25	60849	76108	  0.80	828	1731	--  	         13.04	
000050	深天马Ａ	--  	18.82	--  	--  	--  	0	0	--  	          0.00	--  	--  	--  	18.82	    46.33	0	  0.00	元器件	深圳	0.00	18.82	0	0	--  	0	0	--  	         12.12	
000413	东旭光电	--  	10.21	--  	--  	--  	0	0	--  	          0.00	--  	--  	--  	10.21	    47.18	0	  0.00	元器件	河北	0.00	10.21	0	0	--  	0	0	--  	         29.89	
000536	华映科技	0.33	12.07	0.04	12.07	12.08	47256	913	0.00	          0.61	12.01	12.08	11.92	12.03	    38.25	56843140	  0.67	元器件	福建	1.33	12.03	23976	23279	  1.03	269	1042	--  	          7.77	
000725	京东方Ａ	1.91	3.20	0.06	3.20	3.21	3809817	28719	-0.31	          1.59	3.13	3.21	3.12	3.14	   599.76	1206541312	  1.88	元器件	北京	2.87	3.17	1356919	2452897	  0.55	45648	105935	--  	        240.29	
000960	锡业股份	1.62	13.83	0.22	13.83	13.84	145498	3093	0.00	          1.20	13.61	13.86	13.60	13.61	   270.26	200261360	  0.85	小金属	云南	1.91	13.76	63796	81702	  0.78	2825	221	--  	         12.09	
000973	佛塑科技	2.25	9.07	0.20	9.07	9.08	1197242	16813	0.11	         12.38	8.71	9.30	8.61	8.87	   124.55	1080684160	  0.83	塑料	广东	7.78	9.03	576771	620471	  0.93	5086	3757	--  	          9.67	
000990	诚志股份	-0.93	16.03	-0.15	16.02	16.03	23887	227	-0.06	          0.80	16.18	16.23	16.00	16.18	   181.31	38428912	  1.44	化工原料	江西	1.42	16.09	14588	9299	  1.57	57	83	--  	          2.97	
002217	合力泰	-0.82	19.45	-0.16	19.44	19.45	111693	1735	0.15	          2.39	19.50	19.52	19.17	19.61	    39.46	216111200	  0.77	元器件	山东	1.78	19.35	57575	54117	  1.06	362	65	--  	          4.67	
002288	超华科技	-0.39	7.65	-0.03	7.65	7.66	88218	1141	0.00	          1.34	7.62	7.69	7.52	7.68	  1196.59	67324168	  0.77	元器件	广东	2.21	7.63	50266	37951	  1.32	776	590	--  	          6.60	
002326	永太科技	0.44	16.11	0.07	16.11	16.12	34558	906	0.00	          0.65	15.97	16.18	15.84	16.04	    80.61	55500040	  0.66	化工原料	浙江	2.12	16.06	17877	16681	  1.07	107	321	--  	          5.32	
002341	新纶科技	0.55	18.40	0.10	18.39	18.40	61656	586	0.05	          2.13	18.20	18.59	18.15	18.30	   134.68	113466192	  0.92	化工原料	深圳	2.40	18.40	37578	24077	  1.56	163	952	--  	          2.90	
002384	东山精密	1.38	21.36	0.29	21.35	21.36	128713	2403	0.09	          2.33	20.92	21.36	20.37	21.07	    92.23	269338240	  1.23	通信设备	江苏	4.70	20.93	62676	66037	  0.95	153	845	--  	          5.52	
002387	黑牛食品	-0.34	17.69	-0.06	17.69	17.70	39917	455	-0.05	          1.61	17.61	17.96	17.61	17.75	   130.23	70916888	  0.74	软饮料	广东	1.97	17.77	20309	19608	  1.04	158	27	--  	          2.48	
002547	春兴精工	--  	10.94	--  	--  	--  	0	0	--  	          0.00	--  	--  	--  	10.94	    75.50	0	  0.00	通信设备	江苏	0.00	10.94	0	0	--  	0	0	--  	          6.84	
002643	万润股份	2.24	39.26	0.86	39.25	39.26	63649	539	0.02	          2.05	38.51	39.55	38.11	38.40	    44.80	248801056	  1.18	化工原料	山东	3.75	39.09	26794	36854	  0.73	153	104	--  	          3.10	
300037	新宙邦	2.63	53.86	1.38	53.85	53.86	73881	472	0.05	          6.54	52.20	54.61	51.69	52.48	    40.40	394377760	  1.55	化工原料	深圳	5.56	53.38	33378	40502	  0.82	327	7	--  	          1.13	
300088	长信科技	--  	15.80	--  	--  	--  	0	0	--  	          0.00	--  	--  	--  	15.80	    59.16	0	  0.00	元器件	安徽	0.00	15.80	0	0	--  	0	0	--  	         10.99	
300097	智云股份	-0.37	58.79	-0.22	58.76	58.79	11461	116	0.08	          1.33	58.99	59.88	58.61	59.01	   141.89	67729312	  0.78	电器仪表	辽宁	2.15	59.10	4898	6562	  0.75	2	159	--  	          0.86	
300128	锦富技术	3.32	21.16	0.68	21.16	21.17	154235	1274	0.04	          4.75	20.51	21.56	20.20	20.48	   265.57	322876992	  0.70	元器件	江苏	6.64	20.93	69579	84655	  0.82	589	227	--  	          3.25	
300134	大富科技	--  	23.36	--  	--  	--  	0	0	--  	          0.00	--  	--  	--  	23.36	   281.18	0	  0.00	通信设备	深圳	0.00	23.36	0	0	--  	0	0	--  	          7.12	
300155	安居宝	0.51	11.92	0.06	11.92	11.93	30529	586	0.16	          1.11	11.85	11.93	11.64	11.86	   363.12	36096688	  0.74	元器件	广东	2.45	11.82	13806	16723	  0.83	533	347	--  	          2.74	
300256	星星科技	2.52	12.61	0.31	12.60	12.61	163599	6126	0.15	          4.32	12.20	12.61	12.16	12.30	    67.79	203488096	  0.84	元器件	浙江	3.66	12.44	70183	93416	  0.75	945	668	--  	          3.79	
300263	隆华节能	1.96	7.29	0.14	7.28	7.29	76533	2749	0.13	          1.57	7.15	7.30	7.10	7.15	   121.48	55319040	  1.32	专用机械	河南	2.80	7.23	28595	47937	  0.60	4077	451	--  	          4.88	
300327	中颖电子	1.04	40.88	0.42	40.88	40.89	63972	633	0.09	          3.40	40.21	41.50	40.20	40.46	    86.88	261709888	  0.81	半导体	上海	3.21	40.91	29859	34113	  0.88	99	136	--  	          1.88	
300346	南大光电	10.00	34.32	3.12	34.32	--  	81182	285	0.00	          6.41	32.30	34.32	32.30	31.20	   288.75	272936896	  1.63	元器件	江苏	6.47	33.62	41831	39350	  1.06	8119	0	--  	          1.27	
300395	菲利华	1.10	23.98	0.26	23.97	23.98	20776	782	0.12	          1.49	23.85	23.98	23.66	23.72	    47.62	49580696	  0.69	玻璃	湖北	1.35	23.86	8692	12084	  0.72	222	28	--  	          1.40	
300429	强力新材	2.29	32.64	0.73	32.64	32.65	28999	523	0.03	          2.93	31.92	32.81	31.58	31.91	    66.56	94061936	  0.65	化工原料	江苏	3.85	32.44	13334	15665	  0.85	12	323	--  	          0.99	
300481	濮阳惠成	1.34	33.32	0.44	33.32	33.33	66923	829	0.03	          9.18	32.59	33.60	32.59	32.88	    85.29	222117440	  0.70	化工原料	河南	3.07	33.19	32129	34794	  0.92	216	210	--  	          0.73	
300566	激智科技	2.14	66.45	1.39	66.35	66.45	12521	112	-0.07	          6.29	65.06	66.74	63.70	65.06	    93.44	81811376	  0.95	元器件	浙江	4.67	65.34	5309	7211	  0.74	7	9	--  	          0.20	
600064	南京高科	0.47	17.28	0.08	17.28	17.29	46534	20	0.05	          0.60	17.16	17.32	17.07	17.20	    11.04	80177504	  0.96	园区开发	江苏	1.45	17.23	21994	24539	  0.90	99	179	--  	          7.72	
600206	有研新材	0.70	10.09	0.07	10.08	10.09	60290	29	0.09	          0.72	10.02	10.09	9.88	10.02	   218.02	60399552	  0.70	半导体	北京	2.10	10.02	31497	28793	  1.09	248	425	--  	          8.39	
600330	天通股份	0.47	10.75	0.05	10.75	10.76	77399	2	-0.18	          0.94	10.70	10.80	10.60	10.70	    61.68	83003456	  0.67	元器件	浙江	1.87	10.72	37338	40060	  0.93	50	361	--  	          8.20	
600340	华夏幸福	1.49	27.33	0.40	27.33	27.34	354624	697	0.07	          1.20	26.77	27.87	26.65	26.93	    13.16	974895232	  2.01	区域地产	河北	4.53	27.49	169817	184806	  0.92	5	109	--  	         29.55	
600460	士兰微	4.43	6.60	0.28	6.59	6.60	252399	23	0.00	          2.02	6.34	6.67	6.26	6.32	    85.84	165021744	  1.84	半导体	浙江	6.49	6.54	97588	154810	  0.63	165	1084	--  	         12.47	
600552	凯盛科技	-0.75	15.95	-0.12	15.94	15.95	50848	7	0.00	          1.37	16.11	16.11	15.80	16.07	    72.64	81043304	  1.35	玻璃	安徽	1.93	15.94	28183	22665	  1.24	94	94	--  	          3.70	
600707	彩虹股份	-0.34	8.74	-0.03	8.74	8.75	101908	54	0.11	          1.38	8.71	8.77	8.54	8.77	--  	88321416	  0.62	元器件	陕西	2.62	8.67	52497	49411	  1.06	186	166	--  	          7.36	
601208	东材科技	0.50	7.98	0.04	7.97	7.98	74798	100	0.25	          1.19	7.91	7.98	7.83	7.94	    93.62	59185032	  0.70	化工原料	四川	1.89	7.91	41005	33793	  1.21	371	89	--  	          6.27	
603996	中新科技	1.47	21.47	0.31	21.47	21.48	28707	50	0.04	          2.78	21.11	21.48	20.79	21.16	    79.35	60842328	  0.79	电脑设备	浙江	3.26	21.19	13835	14872	  0.93	11	601	--  	          1.03	
数据来源:通达信
