代码	名称	涨幅%%	现价	涨跌	买价	卖价	总量	现量	涨速%%	换手%%	今开	最高	最低	昨收	市盈(动)	总金额	量比	细分行业	地区	振幅%%	均价	内盘	外盘	内外比	买量	卖量	未匹配量	流通股(亿)	
000010	美丽生态	0.29	6.98	0.02	6.97	6.98	61537	2834	0.14	          1.18	6.95	6.99	6.90	6.96	   195.56	42792592	  0.70	建筑施工	深圳	1.29	6.95	30723	30814	  1.00	1058	1289	--  	          5.22	
000018	神州长城	-0.82	9.66	-0.08	9.66	9.67	172647	1087	0.00	          2.29	9.72	9.75	9.54	9.74	    40.58	166010368	  1.51	装修装饰	深圳	2.16	9.62	108631	64016	  1.70	292	580	--  	          7.53	
000068	华控赛格	0.37	8.13	0.03	8.12	8.13	32288	191	0.12	          0.36	8.08	8.14	8.04	8.10	--  	26152146	  0.70	元器件	深圳	1.23	8.10	15058	17230	  0.87	1372	77	--  	          8.97	
000157	中联重科	1.46	4.85	0.07	4.85	4.86	528493	4927	-0.20	          0.84	4.80	4.86	4.77	4.78	--  	255423616	  1.10	工程机械	湖南	1.88	4.83	186074	342418	  0.54	8094	13470	--  	         62.66	
000598	兴蓉环境	0.17	5.87	0.01	5.86	5.87	212041	3143	0.00	          0.71	5.86	5.87	5.80	5.86	    17.32	123858504	  0.81	水务	四川	1.19	5.84	108415	103625	  1.05	7737	54	--  	         29.86	
000605	渤海股份	-0.05	20.74	-0.01	20.74	20.75	15596	327	0.00	          1.32	20.80	20.82	20.51	20.75	   122.32	32210712	  0.93	水务	北京	1.49	20.65	8437	7159	  1.18	129	136	--  	          1.18	
000652	泰达股份	1.69	6.01	0.10	6.00	6.01	156574	2475	0.33	          1.07	5.92	6.02	5.87	5.91	    93.25	93417360	  0.55	批发业	天津	2.54	5.97	69988	86585	  0.81	1175	1870	--  	         14.66	
000711	京蓝科技	-9.99	29.29	-3.25	--  	29.29	155113	1024	0.00	          9.64	29.29	32.00	29.29	32.54	--  	462125504	  5.98	软件服务	黑龙江	8.33	29.79	58267	96845	  0.60	0	5131	--  	          1.61	
000826	启迪桑德	1.23	34.50	0.42	34.49	34.50	32952	617	0.00	          0.39	34.08	34.55	33.88	34.08	    30.87	112715056	  1.22	环境保护	湖北	1.97	34.21	15578	17374	  0.90	28	543	--  	          8.47	
000900	现代投资	0.93	8.65	0.08	8.65	8.66	61182	579	0.11	          0.61	8.54	8.67	8.52	8.57	    12.14	52693472	  0.75	路桥	湖南	1.75	8.61	21716	39466	  0.55	313	1871	--  	         10.10	
000961	中南建设	-3.25	9.82	-0.33	9.82	9.83	691595	11870	-0.60	          2.38	10.13	10.13	9.55	10.15	    55.97	677680384	  0.97	建筑施工	江苏	5.71	9.80	293452	398143	  0.74	556	1075	--  	         29.10	
000967	盈峰环境	0.32	15.65	0.05	15.65	15.66	48623	538	0.12	          1.09	15.51	15.78	15.40	15.60	    52.53	75776632	  0.76	电气设备	浙江	2.44	15.58	22408	26214	  0.85	272	302	--  	          4.45	
002002	鸿达兴业	3.30	8.13	0.26	8.12	8.13	216012	6516	0.37	          1.04	7.90	8.13	7.80	7.87	    28.29	172267152	  1.16	化工原料	江苏	4.19	7.97	81327	134684	  0.60	1209	1038	--  	         20.75	
002051	中工国际	2.20	25.59	0.55	25.58	25.59	59060	793	0.27	          0.64	25.05	25.70	24.80	25.04	    25.02	150016368	  0.75	建筑施工	北京	3.59	25.40	27073	31986	  0.85	41	100	--  	          9.20	
002060	粤 水 电	0.13	7.96	0.01	7.96	7.97	39639	342	0.12	          0.66	7.95	7.97	7.83	7.95	    52.97	31370572	  0.85	建筑施工	广东	1.76	7.91	20979	18660	  1.12	351	1250	--  	          6.01	
002062	宏润建设	-0.15	6.59	-0.01	6.59	6.60	93444	803	-0.15	          0.99	6.60	6.68	6.55	6.60	    34.25	61686560	  1.04	建筑施工	浙江	1.97	6.60	47646	45797	  1.04	1007	775	--  	          9.42	
002081	金 螳 螂	5.47	11.37	0.59	11.37	11.38	475675	3822	-0.17	          1.89	10.88	11.49	10.88	10.78	    16.53	535127424	  3.13	装修装饰	江苏	5.66	11.25	204645	271029	  0.76	880	1346	--  	         25.18	
002140	东华科技	1.11	14.52	0.16	14.51	14.52	31503	1045	0.06	          0.72	14.36	14.52	14.21	14.36	    59.13	45486900	  0.64	建筑施工	安徽	2.16	14.44	13306	18196	  0.73	382	2	--  	          4.39	
002200	云投生态	1.94	24.66	0.47	24.66	24.67	20241	127	0.00	          1.88	24.22	24.80	24.02	24.19	    98.95	49343824	  0.74	环境保护	云南	3.22	24.38	9539	10702	  0.89	39	16	--  	          1.08	
002205	国统股份	0.75	30.95	0.23	30.94	30.95	28512	335	0.03	          2.45	30.78	31.00	30.18	30.72	--  	87194976	  1.24	其他建材	新疆	2.67	30.58	15643	12869	  1.22	102	56	--  	          1.16	
002307	北新路桥	-0.79	12.53	-0.10	12.53	12.54	169290	2691	0.00	          3.04	12.57	12.68	12.42	12.63	   199.93	211781584	  0.74	建筑施工	新疆	2.06	12.51	101109	68180	  1.48	338	1487	--  	          5.57	
002310	东方园林	2.49	15.23	0.37	15.22	15.23	340184	7512	0.13	          2.40	14.85	15.23	14.71	14.86	    59.14	513290048	  2.11	建筑施工	北京	3.50	15.09	151155	189029	  0.80	2270	400	--  	         14.16	
002340	格林美	0.47	8.48	0.04	8.48	8.49	1474944	39663	0.59	          6.32	8.40	8.54	8.25	8.44	    94.11	1236827904	  0.71	小金属	深圳	3.44	8.39	774051	700893	  1.10	1553	6185	--  	         23.34	
002374	丽鹏股份	1.87	7.61	0.14	7.60	7.61	70484	998	0.00	          1.38	7.49	7.61	7.38	7.47	    54.73	53095048	  0.98	建筑施工	山东	3.08	7.53	31838	38645	  0.82	1903	1058	--  	          5.10	
002411	必康股份	--  	27.40	--  	--  	--  	0	0	--  	          0.00	--  	--  	--  	27.40	    45.67	0	  0.00	化学制药	江苏	0.00	27.40	0	0	--  	0	0	--  	          2.81	
002421	达实智能	0.16	6.43	0.01	6.42	6.43	150849	1217	0.15	          1.07	6.41	6.46	6.35	6.42	    54.95	96637304	  0.77	软件服务	深圳	1.71	6.41	91057	59792	  1.52	1753	1026	--  	         14.05	
002431	棕榈股份	-0.11	9.08	-0.01	9.08	9.09	157084	812	0.00	          1.74	9.07	9.10	8.93	9.09	   110.45	141536544	  1.06	建筑施工	广东	1.87	9.01	79093	77990	  1.01	3652	9942	--  	          9.04	
002480	新筑股份	0.30	10.09	0.03	10.08	10.09	55747	690	0.09	          0.89	10.06	10.12	9.98	10.06	   892.64	56095036	  0.79	机械基件	四川	1.39	10.06	24070	31676	  0.76	464	1080	--  	          6.26	
002532	新界泵业	2.07	14.77	0.30	14.77	14.78	21304	338	-0.13	          0.93	14.38	14.86	14.35	14.47	    37.76	31212252	  1.12	农用机械	浙江	3.52	14.65	9522	11782	  0.81	139	149	--  	          2.30	
002551	尚荣医疗	0.71	18.44	0.13	18.44	18.45	36811	1405	-0.05	          1.37	18.26	18.46	18.15	18.31	    47.15	67466696	  0.87	医疗保健	深圳	1.69	18.33	18521	18289	  1.01	119	421	--  	          2.70	
002586	围海股份	0.75	9.40	0.07	9.38	9.40	57857	363	0.10	          0.83	9.33	9.45	9.30	9.33	   261.38	54237860	  1.60	建筑施工	浙江	1.61	9.37	26368	31489	  0.84	537	797	--  	          6.94	
002628	成都路桥	-0.25	8.14	-0.02	8.14	8.15	40351	504	0.12	          0.59	8.16	8.16	8.04	8.16	   274.44	32722468	  1.09	建筑施工	四川	1.47	8.11	19476	20875	  0.93	193	327	--  	          6.80	
002630	华西能源	2.18	12.17	0.26	12.16	12.17	121179	1068	0.24	          1.98	11.91	12.18	11.80	11.91	    38.18	146099792	  2.28	专用机械	四川	3.19	12.06	52246	68933	  0.76	540	1359	--  	          6.13	
002663	普邦股份	0.51	5.91	0.03	5.91	5.92	59939	395	-0.16	          0.51	5.84	5.93	5.84	5.88	    96.17	35281548	  0.71	建筑施工	广东	1.53	5.89	29023	30916	  0.94	59	102	--  	         11.74	
002672	东江环保	0.44	18.24	0.08	18.24	18.25	58241	1045	0.05	          1.33	18.24	18.25	17.95	18.16	    31.90	105522544	  1.00	环境保护	广东	1.65	18.12	30737	27503	  1.12	363	262	--  	          4.37	
002674	兴业科技	0.30	16.91	0.05	16.91	16.92	16654	110	-0.47	          0.69	16.86	17.03	16.50	16.86	   117.80	27843860	  0.66	纺织	福建	3.14	16.72	7895	8758	  0.90	5	3	--  	          2.41	
002717	岭南园林	--  	24.96	--  	--  	--  	0	0	--  	          0.00	--  	--  	--  	24.96	    44.81	0	  0.00	建筑施工	广东	0.00	24.96	0	0	--  	0	0	--  	          1.76	
002743	富煌钢构	0.54	14.88	0.08	14.88	14.89	27383	304	0.00	          2.39	14.80	14.95	14.51	14.80	    83.58	40354040	  0.63	钢加工	安徽	2.97	14.74	13062	14321	  0.91	134	223	--  	          1.15	
002775	文科园林	2.67	22.67	0.59	22.66	22.67	41231	462	0.00	          3.63	22.10	22.89	21.77	22.08	    40.28	92613080	  1.09	建筑施工	深圳	5.07	22.46	18246	22985	  0.79	104	43	--  	          1.14	
300020	银江股份	1.10	15.68	0.17	15.68	15.69	87285	1871	0.12	          1.41	15.48	15.70	15.35	15.51	    32.55	135941840	  0.79	软件服务	浙江	2.26	15.57	45523	41761	  1.09	260	409	--  	          6.21	
300021	大禹节水	-1.64	19.16	-0.32	19.16	19.17	71404	1621	0.05	          4.31	19.33	19.35	19.00	19.48	   218.76	136841808	  0.70	农业综合	甘肃	1.80	19.16	38203	33200	  1.15	218	110	--  	          1.66	
300023	宝德股份	0.51	17.69	0.09	17.69	17.70	21037	323	0.22	          1.60	17.40	17.75	17.31	17.60	    88.97	37092760	  0.73	专用机械	陕西	2.50	17.63	11011	10025	  1.10	320	188	--  	          1.31	
300030	阳普医疗	1.05	13.51	0.14	13.51	13.52	40991	525	0.14	          1.62	13.38	13.52	13.16	13.37	   145.43	54784928	  0.56	医疗保健	广东	2.69	13.37	20930	20061	  1.04	331	278	--  	          2.53	
300044	赛为智能	--  	20.02	--  	--  	--  	0	0	--  	          0.00	--  	--  	--  	20.02	   155.74	0	  0.00	软件服务	深圳	0.00	20.02	0	0	--  	0	0	--  	          2.36	
300055	万邦达	-0.93	16.98	-0.16	16.98	16.99	42993	891	-0.05	          0.67	17.14	17.20	16.89	17.14	    55.37	73163264	  0.58	环境保护	北京	1.81	17.02	24729	18263	  1.35	1434	339	--  	          6.39	
300056	三维丝	7.49	19.65	1.37	19.65	19.66	157673	2629	0.25	          6.29	18.43	19.65	18.38	18.28	    68.23	301882016	  2.36	环境保护	福建	6.95	19.15	71763	85910	  0.84	933	330	--  	          2.51	
300067	安诺其	0.58	8.61	0.05	8.60	8.61	26856	644	0.00	          0.76	8.57	8.61	8.46	8.56	    53.50	22955530	  0.45	染料涂料	上海	1.75	8.55	12826	14029	  0.91	459	265	--  	          3.55	
300070	碧水源	1.61	16.45	0.26	16.45	16.46	179749	1254	-0.06	          0.89	16.20	16.57	16.11	16.19	    87.69	294649792	  1.31	环境保护	北京	2.84	16.39	75174	104575	  0.72	535	26	--  	         20.09	
300075	数字政通	1.68	18.17	0.30	18.17	18.18	48787	831	-0.05	          1.81	17.79	18.23	17.64	17.87	    96.28	87774368	  0.98	软件服务	北京	3.30	17.99	21060	27726	  0.76	858	252	--  	          2.69	
300098	高新兴	1.36	13.41	0.18	13.41	13.42	139500	2098	0.07	          2.55	13.22	13.47	13.14	13.23	    53.90	186126608	  0.93	通信设备	广东	2.49	13.34	57702	81797	  0.71	286	1096	--  	          5.46	
300137	先河环保	0.78	15.53	0.12	15.52	15.53	59526	1099	0.19	          2.01	15.39	15.57	15.21	15.41	    57.32	91872728	  0.76	环境保护	河北	2.34	15.43	34529	24996	  1.38	210	93	--  	          2.96	
300139	晓程科技	0.90	13.49	0.12	13.48	13.49	34595	203	-0.07	          1.63	13.33	13.54	13.11	13.37	   189.27	46211576	  0.84	元器件	北京	3.22	13.36	13879	20716	  0.67	22	36	--  	          2.12	
300145	中金环境	-0.36	27.30	-0.10	27.30	27.33	47880	372	0.51	          1.21	27.44	27.46	26.84	27.40	    46.43	129623632	  1.11	专用机械	浙江	2.26	27.07	33105	14775	  2.24	405	20	--  	          3.94	
300152	科融环境	0.11	9.00	0.01	8.99	9.00	148295	3620	0.11	          2.08	8.94	9.00	8.75	8.99	--  	131829240	  0.84	环境保护	江苏	2.78	8.89	75968	72327	  1.05	692	314	--  	          7.13	
300167	迪威视讯	0.26	15.24	0.04	15.23	15.24	24480	297	0.13	          0.82	15.20	15.30	14.95	15.20	--  	37144672	  0.76	通信设备	深圳	2.30	15.17	10299	14181	  0.73	36	284	--  	          3.00	
300172	中电环保	1.06	10.51	0.11	10.50	10.51	65074	1725	0.19	          1.91	10.34	10.51	10.30	10.40	    53.95	67908680	  0.69	环境保护	江苏	2.02	10.44	36238	28836	  1.26	682	790	--  	          3.42	
300187	永清环保	0.56	12.67	0.07	12.67	12.68	44319	881	0.07	          0.74	12.59	12.69	12.44	12.60	    78.19	55749072	  0.92	环境保护	湖南	1.98	12.58	25320	18998	  1.33	300	380	--  	          5.95	
300197	铁汉生态	1.72	11.86	0.20	11.86	11.87	121759	831	0.00	          1.54	11.67	11.98	11.60	11.66	    46.87	143919088	  1.18	环境保护	深圳	3.26	11.82	51642	70117	  0.74	1272	205	--  	          7.89	
300198	纳川股份	1.22	7.44	0.09	7.43	7.44	166198	4402	0.13	          2.20	7.31	7.53	7.15	7.35	   174.92	122728032	  0.80	塑料	福建	5.17	7.38	65776	100422	  0.65	812	4380	--  	          7.56	
300203	聚光科技	1.30	31.08	0.40	31.08	31.09	68942	886	0.09	          1.54	30.56	31.23	30.48	30.68	    41.89	212932000	  0.79	环境保护	浙江	2.44	30.89	35408	33533	  1.06	208	287	--  	          4.49	
300210	森远股份	0.21	18.84	0.04	18.83	18.84	20435	204	0.00	          2.06	18.90	19.00	18.62	18.80	    74.67	38495760	  1.12	专用机械	辽宁	2.02	18.84	10540	9895	  1.07	80	195	--  	          0.99	
300212	易华录	--  	34.00	--  	--  	--  	0	0	--  	          0.00	--  	--  	--  	34.00	   113.18	0	  0.00	软件服务	北京	0.00	34.00	0	0	--  	0	0	--  	          3.05	
300237	美晨科技	4.49	16.99	0.73	16.99	17.00	89220	979	0.23	          2.57	16.29	17.15	16.11	16.26	    42.40	149748480	  2.62	建筑施工	山东	6.40	16.78	33844	55375	  0.61	35	752	--  	          3.47	
300263	隆华节能	1.96	7.29	0.14	7.28	7.29	76533	2749	0.13	          1.57	7.15	7.30	7.10	7.15	   121.48	55319040	  1.32	专用机械	河南	2.80	7.23	28595	47937	  0.60	4077	451	--  	          4.88	
300266	兴源环境	--  	52.88	--  	--  	--  	0	0	--  	          0.00	--  	--  	--  	52.88	   132.38	0	  0.00	机械基件	浙江	0.00	52.88	0	0	--  	0	0	--  	          4.02	
300275	梅安森	0.20	29.36	0.06	29.36	29.40	27008	1018	0.17	          2.39	29.09	30.10	28.80	29.30	--  	79920304	  0.65	软件服务	重庆	4.44	29.59	14343	12664	  1.13	35	12	--  	          1.13	
300284	苏交科	-0.40	20.03	-0.08	20.03	20.04	37612	313	0.25	          1.12	20.15	20.17	19.82	20.11	    34.52	75156952	  1.21	建筑施工	江苏	1.74	19.98	21546	16066	  1.34	161	41	--  	          3.36	
300296	利亚德	-0.39	36.21	-0.14	36.21	36.22	36819	167	-0.08	          0.92	36.26	36.68	36.00	36.35	    72.80	133836040	  0.98	半导体	北京	1.87	36.35	19009	17810	  1.07	32	93	--  	          4.00	
300332	天壕环境	0.66	9.12	0.06	9.12	9.13	101165	346	0.10	          1.60	9.04	9.20	9.00	9.06	    70.66	92002496	  1.22	环境保护	北京	2.21	9.09	48340	52824	  0.92	197	78	--  	          6.34	
300334	津膜科技	0.23	17.35	0.04	17.35	17.36	39118	424	0.05	          1.42	17.35	17.36	17.11	17.31	   180.82	67285248	  1.13	专用机械	天津	1.44	17.20	25155	13963	  1.80	113	109	--  	          2.75	
300355	蒙草生态	3.17	12.03	0.37	12.02	12.03	369572	7969	0.00	          6.18	11.68	12.05	11.65	11.66	    37.64	439113760	  0.69	环境保护	内蒙	3.43	11.88	158240	211332	  0.75	1309	855	--  	          5.98	
300362	天翔环境	-0.05	19.03	-0.01	19.03	19.04	29413	250	0.15	          1.56	19.04	19.15	18.70	19.04	   105.29	55563608	  0.99	环境保护	四川	2.36	18.89	13849	15563	  0.89	44	371	--  	          1.88	
300388	国祯环保	0.95	22.30	0.21	22.30	22.31	22917	220	0.00	          1.57	22.06	22.34	21.65	22.09	    65.41	50468408	  1.02	环境保护	安徽	3.12	22.02	9987	12929	  0.77	41	228	--  	          1.46	
300422	博世科	3.77	49.81	1.81	49.81	49.82	127247	1168	0.28	         18.08	47.99	50.30	46.92	48.00	   113.12	622398144	  1.00	环境保护	广西	7.04	48.91	57190	70057	  0.82	46	223	--  	          0.70	
300495	美尚生态	2.26	43.86	0.97	43.86	43.88	11905	191	-0.09	          1.30	42.88	44.07	42.84	42.89	    82.24	51913472	  1.03	建筑施工	江苏	2.87	43.60	4528	7377	  0.61	3	8	--  	          0.92	
300517	海波重科	5.61	46.13	2.45	46.13	46.14	47484	881	0.06	         18.55	44.00	46.77	44.00	43.68	   129.22	215400992	  2.95	建筑施工	湖北	6.34	45.36	22614	24870	  0.91	348	4	--  	          0.26	
600008	首创股份	0.23	4.37	0.01	4.37	4.38	548754	280	0.00	          1.14	4.35	4.42	4.34	4.36	    40.24	240462416	  0.68	环境保护	北京	1.83	4.38	328905	219848	  1.50	23	4340	--  	         48.21	
600068	葛洲坝	3.98	10.98	0.42	10.98	10.99	812634	80	0.09	          1.96	10.56	10.99	10.55	10.56	    16.91	881120512	  1.58	建筑施工	湖北	4.17	10.84	329302	483331	  0.68	1037	11558	--  	         41.49	
600100	同方股份	0.22	13.94	0.03	13.94	13.95	251383	131	0.28	          1.14	13.89	13.98	13.81	13.91	     6.08	349681408	  0.75	电脑设备	北京	1.22	13.91	137961	113422	  1.22	546	901	--  	         21.98	
600126	杭钢股份	0.73	8.30	0.06	8.30	8.31	41564	268	0.12	          0.50	8.24	8.32	8.23	8.24	    30.59	34444700	  0.87	普钢	浙江	1.09	8.29	20739	20825	  1.00	179	426	--  	          8.39	
600170	上海建工	0.61	4.92	0.03	4.91	4.92	286494	30	0.00	          0.41	4.90	4.93	4.85	4.89	    16.67	140205472	  1.04	建筑施工	上海	1.64	4.89	142203	144291	  0.99	5437	154	--  	         69.06	
600187	国中水务	1.32	6.15	0.08	6.14	6.15	1019158	184	0.16	          7.00	6.07	6.18	5.91	6.07	   628.31	615320320	  0.65	水务	黑龙江	4.45	6.04	440488	578670	  0.76	2692	315	--  	         14.56	
600292	远达环保	0.84	12.04	0.10	12.04	12.05	40525	96	0.24	          0.52	11.95	12.04	11.87	11.94	    62.24	48482376	  0.74	环境保护	重庆	1.42	11.96	15176	25349	  0.60	458	333	--  	          7.81	
600320	振华重工	1.31	5.42	0.07	5.41	5.42	115086	18	-0.36	          0.42	5.34	5.44	5.30	5.35	   114.72	61834936	  0.86	工程机械	上海	2.62	5.37	48988	66098	  0.74	1376	136	--  	         27.68	
600340	华夏幸福	1.49	27.33	0.40	27.33	27.34	354624	697	0.07	          1.20	26.77	27.87	26.65	26.93	    13.16	974895232	  2.01	区域地产	河北	4.53	27.49	169817	184806	  0.92	5	109	--  	         29.55	
600491	龙元建设	1.95	12.03	0.23	12.02	12.03	189753	65	0.16	          2.00	11.84	12.06	11.72	11.80	    55.80	226208096	  2.09	建筑施工	浙江	2.88	11.92	76195	113557	  0.67	125	662	--  	          9.48	
600499	科达洁能	0.99	8.20	0.08	8.19	8.20	142569	27	0.12	          1.04	8.09	8.22	8.05	8.12	    24.16	116483080	  0.97	专用机械	广东	2.09	8.17	64809	77760	  0.83	377	358	--  	         13.77	
600502	安徽水利	1.66	9.80	0.16	9.79	9.80	154141	12	0.00	          1.70	9.69	9.85	9.59	9.64	    28.99	150425456	  1.08	建筑施工	安徽	2.70	9.76	54653	99488	  0.55	579	947	--  	          9.04	
600510	黑牡丹	1.41	9.32	0.13	9.31	9.32	84343	1	-0.10	          1.06	9.13	9.34	9.12	9.19	    27.62	78160792	  1.77	全国地产	江苏	2.39	9.27	37367	46976	  0.80	64	338	--  	          7.96	
600512	腾达建设	0.37	5.49	0.02	5.48	5.49	95525	117	0.36	          0.98	5.48	5.50	5.43	5.47	   109.49	52183720	  0.77	建筑施工	浙江	1.28	5.46	48872	46653	  1.05	1208	133	--  	          9.71	
600515	海航基础	1.35	12.05	0.16	12.05	12.06	27486	70	0.08	          0.65	11.93	12.10	11.82	11.89	    53.88	32864886	  1.27	百货	海南	2.35	11.96	11250	16235	  0.69	47	157	--  	          4.23	
600562	国睿科技	0.12	33.54	0.04	33.53	33.54	23018	4	0.05	          0.70	33.48	33.65	33.25	33.50	    90.41	77030976	  0.71	通信设备	江苏	1.19	33.47	12897	10120	  1.27	99	11	--  	          3.28	
600568	中珠医疗	0.43	20.79	0.09	20.79	20.80	84236	13	0.04	          1.51	20.65	20.89	20.11	20.70	    66.17	173970144	  0.80	区域地产	湖北	3.77	20.65	43836	40400	  1.09	972	360	--  	          5.59	
600610	中毅达	0.19	10.76	0.02	10.75	10.76	78903	1	0.00	          2.10	10.70	10.82	10.55	10.74	--  	84143200	  0.81	建筑施工	上海	2.51	10.66	36236	42666	  0.85	176	49	--  	          3.76	
600654	中安消	0.00	17.43	0.00	--  	--  	0	0	0.00	          0.00	--  	--  	--  	17.43	    60.92	0	  0.00	软件服务	上海	0.00	17.43	0	0	--  	0	0	--  	          7.55	
600704	物产中大	1.21	10.86	0.13	10.86	10.87	169982	719	0.00	          1.91	10.77	10.87	10.71	10.73	    18.86	183860528	  0.84	商贸代理	浙江	1.49	10.82	85300	84681	  1.01	117	1980	--  	          8.92	
600728	佳都科技	0.88	9.22	0.08	9.22	9.23	422245	10	0.21	          3.18	9.21	9.48	9.15	9.14	 10281.79	392564960	  1.40	软件服务	广东	3.61	9.30	214433	207811	  1.03	1448	635	--  	         13.29	
600820	隧道股份	0.36	11.23	0.04	11.23	11.24	320296	4	0.26	          1.02	11.16	11.24	10.99	11.19	    25.24	356230560	  1.17	建筑施工	上海	2.23	11.12	152583	167713	  0.91	270	2323	--  	         31.44	
600831	广电网络	-0.08	13.14	-0.01	13.14	13.15	58990	10	0.30	          1.05	13.14	13.14	12.98	13.15	    48.51	77142376	  1.05	影视音像	陕西	1.22	13.08	37028	21962	  1.69	8	372	--  	          5.63	
600853	龙建股份	0.88	6.87	0.06	6.86	6.87	54864	10	0.00	          1.02	6.81	6.87	6.73	6.81	   182.71	37389508	  0.79	建筑施工	黑龙江	2.06	6.82	23235	31628	  0.73	394	685	--  	          5.37	
600874	创业环保	1.20	8.43	0.10	8.43	8.44	55042	10	0.11	          0.51	8.35	8.50	8.30	8.33	    24.60	46222080	  0.54	环境保护	天津	2.40	8.40	25334	29707	  0.85	33	323	--  	         10.87	
601186	中国铁建	0.72	12.56	0.09	12.54	12.56	447425	1086	0.23	          0.39	12.41	12.63	12.35	12.47	    14.02	560066560	  1.10	建筑施工	北京	2.25	12.52	225166	222259	  1.01	269	104	--  	        115.03	
601390	中国中铁	0.23	8.72	0.02	8.72	8.73	357894	39	0.00	          0.20	8.69	8.74	8.61	8.70	    16.16	310787520	  1.03	建筑施工	北京	1.49	8.68	166293	191601	  0.87	927	7280	--  	        183.28	
601789	宁波建工	2.97	6.94	0.20	6.94	6.95	176021	1350	0.14	          1.80	6.75	6.95	6.74	6.74	    38.51	121249280	  2.29	建筑施工	浙江	3.12	6.89	73369	102651	  0.71	443	4111	--  	          9.76	
603007	花王股份	-2.16	60.63	-1.34	60.60	60.61	67872	46	0.04	         20.35	61.00	61.46	59.99	61.97	    98.11	411718976	  0.71	建筑施工	江苏	2.37	60.66	36244	31628	  1.15	158	9	--  	          0.33	
603568	伟明环保	0.29	24.54	0.07	24.54	24.55	23191	9	0.24	          1.78	24.35	24.56	24.12	24.47	    48.78	56416280	  0.79	环境保护	浙江	1.80	24.33	13739	9451	  1.45	90	7	--  	          1.31	
603588	高能环境	1.74	30.36	0.52	30.36	30.37	31805	2	0.16	          1.31	30.08	30.38	29.60	29.84	   100.08	95695416	  0.99	环境保护	北京	2.61	30.09	11760	20044	  0.59	66	17	--  	          2.43	
603616	韩建河山	0.64	15.79	0.10	15.79	15.80	22928	10	0.12	          1.56	15.84	15.84	15.55	15.69	--  	36024672	  0.78	其他建材	北京	1.85	15.71	9989	12939	  0.77	2	204	--  	          1.47	
603636	南威软件	-0.11	93.66	-0.10	93.54	93.67	6932	8	0.07	          1.63	93.74	93.98	92.00	93.76	   185.06	64690256	  0.60	软件服务	福建	2.11	93.32	3124	3807	  0.82	3	17	--  	          0.43	
603686	龙马环卫	0.38	31.53	0.12	31.51	31.52	10016	1	0.09	          0.94	31.32	31.59	31.20	31.41	    42.39	31489296	  0.71	专用机械	福建	1.24	31.44	5332	4684	  1.14	15	1	--  	          1.06	
603828	柯利达	2.99	25.87	0.75	25.87	25.88	22495	50	0.34	          3.74	25.10	25.88	25.10	25.12	   113.18	57501892	  1.14	装修装饰	江苏	3.11	25.56	8567	13928	  0.62	50	9	--  	          0.60	
数据来源:通达信
