代码	名称	涨幅%%	现价	涨跌	买价	卖价	总量	现量	涨速%%	换手%%	今开	最高	最低	昨收	市盈(动)	总金额	量比	细分行业	地区	振幅%%	均价	内盘	外盘	内外比	买量	卖量	未匹配量	流通股(亿)	
000037	*ST南电A	1.22	12.40	0.15	12.30	12.40	54370	5666	0.89	          1.60	12.20	12.40	12.10	12.25	--  	66601536	  1.01	火力发电	深圳	2.45	12.25	27273	27097	  1.01	33	651	--  	          3.39	
000403	ST生化	-0.48	32.90	-0.16	32.89	32.90	18870	965	-0.15	          1.00	32.84	33.24	32.71	33.06	   114.90	62317840	  1.00	生物制药	山西	1.60	33.02	11238	7632	  1.47	11	271	--  	          1.88	
000408	*ST金源	0.00	16.06	0.00	16.06	16.07	11699	737	0.06	          0.46	16.03	16.10	15.90	16.06	    53.36	18723940	  0.79	商贸代理	河北	1.25	16.01	6143	5555	  1.11	420	153	--  	          2.52	
000504	*ST生物	-0.65	16.81	-0.11	16.81	16.87	6326	81	0.11	          0.20	16.85	16.92	16.67	16.92	--  	10631562	  0.48	出版业	湖南	1.48	16.81	3651	2675	  1.36	174	38	--  	          3.11	
000505	*ST珠江	-0.54	10.98	-0.06	10.98	10.99	28196	438	0.09	          0.78	11.00	11.08	10.91	11.04	--  	30903444	  0.61	房产服务	海南	1.54	10.96	18107	10089	  1.79	38	124	--  	          3.60	
000511	*ST烯碳	-1.22	6.47	-0.08	6.47	6.48	568318	12800	0.31	          4.92	6.40	6.53	6.22	6.55	--  	361703552	  0.77	矿物制品	辽宁	4.73	6.36	312224	256094	  1.22	3127	1027	--  	         11.55	
000606	*ST易桥	--  	12.64	--  	--  	--  	0	0	--  	          0.00	--  	--  	--  	12.64	   211.26	0	  0.00	化学制药	青海	0.00	12.64	0	0	--  	0	0	--  	          4.68	
000611	*ST天首	--  	10.05	--  	--  	--  	0	0	--  	          0.00	--  	--  	--  	10.05	--  	0	  0.00	纺织	内蒙	0.00	10.05	0	0	--  	0	0	--  	          3.19	
000622	*ST恒立	0.95	8.52	0.08	8.52	8.53	35145	513	0.00	          0.83	8.38	8.59	8.31	8.44	--  	29825204	  1.03	汽车配件	湖南	3.32	8.49	17437	17707	  0.98	79	554	--  	          4.25	
000629	*ST钒钛	0.79	2.55	0.02	2.54	2.55	295133	5655	0.39	          0.62	2.53	2.55	2.51	2.53	--  	74807904	  0.60	普钢	四川	1.58	2.53	150296	144836	  1.04	15799	50981	--  	         47.67	
000633	*ST合金	-1.36	11.64	-0.16	11.63	11.64	36390	306	-0.17	          0.95	11.79	11.79	11.46	11.80	--  	42214904	  0.98	综合类	辽宁	2.80	11.60	22193	14197	  1.56	125	1	--  	          3.85	
000670	*ST盈方	1.85	7.72	0.14	7.72	7.73	240105	5484	0.12	          4.00	7.50	7.83	7.45	7.58	   283.15	184048832	  1.12	元器件	湖北	5.01	7.67	116533	123571	  0.94	257	1280	--  	          6.00	
000691	ST亚太	0.65	9.24	0.06	9.24	9.25	15333	154	0.00	          0.53	9.19	9.28	9.15	9.18	 15386.41	14162327	  0.64	区域地产	甘肃	1.42	9.24	8396	6937	  1.21	432	12	--  	          2.90	
000693	ST华泽	--  	12.50	--  	--  	--  	0	0	--  	          0.00	--  	--  	--  	12.50	--  	0	  0.00	小金属	四川	0.00	12.50	0	0	--  	0	0	--  	          2.77	
000710	*ST天仪	4.99	52.98	2.52	52.98	--  	31672	2	0.00	          2.09	50.99	52.98	50.70	50.46	--  	165738928	  0.61	汽车配件	四川	4.52	52.33	16271	15400	  1.06	6730	0	--  	          1.51	
000717	*ST韶钢	0.32	6.20	0.02	6.19	6.20	172229	1850	0.00	          0.71	6.22	6.25	6.13	6.18	   147.90	106780280	  1.03	钢加工	广东	1.94	6.20	73996	98233	  0.75	1091	1551	--  	         24.20	
000831	*ST五稀	3.15	13.10	0.40	13.09	13.10	184348	1681	0.07	          1.88	12.70	13.17	12.66	12.70	--  	239319488	  1.37	小金属	山西	4.02	12.98	74349	109999	  0.68	362	1371	--  	          9.81	
000856	*ST冀装	1.20	15.17	0.18	15.16	15.17	21961	197	0.13	          0.97	14.90	15.24	14.86	14.99	    44.98	33121570	  0.85	机械基件	河北	2.54	15.08	10898	11062	  0.99	100	61	--  	          2.27	
000913	*ST钱江	-1.83	17.75	-0.33	17.75	17.78	22819	762	-0.39	          0.50	18.04	18.04	17.71	18.08	   109.51	40745684	  0.77	摩托车	浙江	1.83	17.86	14290	8528	  1.68	266	1	--  	          4.53	
000933	*ST神火	1.89	7.55	0.14	7.54	7.55	197944	2091	0.00	          1.05	7.38	7.57	7.35	7.41	    13.03	148199088	  0.86	煤炭开采	河南	2.97	7.49	84225	113718	  0.74	1524	3383	--  	         18.90	
000950	*ST建峰	-0.76	9.10	-0.07	9.10	9.11	41291	127	-0.10	          0.69	9.15	9.15	9.00	9.17	--  	37381188	  0.63	农药化肥	重庆	1.64	9.05	24325	16965	  1.43	281	113	--  	          5.99	
000953	*ST河化	0.67	12.01	0.08	12.01	12.02	78686	455	0.08	          2.68	11.92	12.20	11.83	11.93	--  	94838496	  0.61	农药化肥	广西	3.10	12.05	40072	38614	  1.04	2340	74	--  	          2.94	
000962	*ST东钽	0.45	13.26	0.06	13.25	13.26	80417	2215	0.15	          1.82	13.06	13.31	12.96	13.20	   201.53	105832152	  0.95	小金属	宁夏	2.65	13.16	39943	40474	  0.99	845	252	--  	          4.41	
000968	*ST煤气	1.00	13.08	0.13	13.07	13.08	59266	2106	0.53	          2.28	12.93	13.10	12.70	12.95	--  	76543520	  0.66	煤炭开采	山西	3.09	12.92	27939	31326	  0.89	27	914	--  	          2.60	
000995	*ST皇台	-0.32	15.82	-0.05	15.80	15.82	12769	161	-0.06	          0.72	15.82	16.03	15.72	15.87	--  	20326186	  0.54	白酒	甘肃	1.95	15.92	6355	6414	  0.99	156	5	--  	          1.77	
002061	*ST江化	--  	8.96	--  	--  	--  	0	0	--  	          0.00	--  	--  	--  	8.96	    75.10	0	  0.00	化工原料	浙江	0.00	8.96	0	0	--  	0	0	--  	          4.53	
002069	*ST獐岛	-0.69	11.48	-0.08	11.48	11.49	84815	879	0.17	          1.24	11.57	11.62	11.39	11.56	   192.34	97871576	  1.56	渔业	辽宁	1.99	11.54	53087	31728	  1.67	513	30	--  	          6.82	
002109	*ST兴化	-0.33	8.99	-0.03	8.98	8.99	78018	2154	0.11	          2.18	8.99	9.09	8.91	9.02	--  	70058504	  0.88	化工原料	陕西	2.00	8.98	47136	30882	  1.53	39	247	--  	          3.58	
002173	*ST创疗	2.32	19.83	0.45	19.82	19.83	23396	290	0.20	          1.14	19.38	19.94	19.32	19.38	   100.57	46130204	  1.57	农业综合	浙江	3.20	19.72	12280	11116	  1.10	10	441	--  	          2.06	
002199	*ST东晶	0.47	19.10	0.09	19.10	19.13	41142	352	-0.15	          3.13	19.01	19.17	18.70	19.01	   287.08	77857376	  0.95	元器件	浙江	2.47	18.92	22372	18770	  1.19	99	24	--  	          1.32	
002289	*ST宇顺	-1.00	24.65	-0.25	24.65	24.69	13346	322	-0.24	          0.91	24.78	24.90	24.60	24.90	--  	32942714	  0.41	元器件	深圳	1.20	24.68	7951	5395	  1.47	18	27	--  	          1.47	
002336	*ST人乐	-0.46	13.09	-0.06	13.08	13.09	21261	563	0.00	          0.63	13.05	13.19	12.96	13.15	   564.40	27829934	  1.15	超市连锁	深圳	1.75	13.09	13245	8016	  1.65	167	89	--  	          3.39	
002379	*ST鲁丰	--  	8.04	--  	--  	--  	0	0	--  	          0.00	--  	--  	--  	8.04	   745.89	0	  0.00	铝	山东	0.00	8.04	0	0	--  	0	0	--  	          6.76	
002423	*ST中特	0.14	13.95	0.02	13.95	13.96	38988	523	0.07	          0.84	13.78	14.07	13.56	13.93	--  	53991368	  0.53	特种钢	河南	3.66	13.85	20279	18709	  1.08	39	57	--  	          4.66	
002513	*ST蓝丰	--  	16.31	--  	--  	--  	0	0	--  	          0.00	--  	--  	--  	16.31	    47.45	0	  0.00	农药化肥	江苏	0.00	16.31	0	0	--  	0	0	--  	          2.48	
002608	*ST舜船	0.00	13.71	0.00	13.71	13.72	89753	862	0.07	          1.67	13.62	13.98	13.62	13.71	--  	123425544	  0.50	船舶	江苏	2.63	13.75	50693	39059	  1.30	128	275	--  	          5.37	
200037	*ST南电B	-0.17	5.75	-0.01	5.74	5.75	3635	1	0.00	          0.14	5.72	5.77	5.66	5.76	--  	2076889	  0.89			1.91	5.71	1427	2207	  0.65	197	70	--  	          2.64	
200468	*ST宁通B	-1.05	6.60	-0.07	6.60	6.67	1813	22	0.00	          0.18	6.58	6.68	6.52	6.67	--  	1191916	  3.78			2.40	6.57	922	891	  1.03	83	1	--  	          1.00	
200505	*ST珠江B	-0.18	5.67	-0.01	5.63	5.67	1017	133	0.53	          0.16	5.64	5.67	5.57	5.68	--  	572085	  1.41			1.76	5.63	409	607	  0.67	3	46	--  	          0.65	
200706	*ST瓦轴B	-0.94	5.27	-0.05	5.26	5.27	1010	1	0.00	          0.06	5.23	5.34	5.23	5.32	--  	531901	  0.35			2.07	5.27	615	395	  1.56	43	7	--  	          1.59	
000033	*ST新都	--  	0.00	--  	--  	--  	0	0	--  	          0.00	--  	--  	--  	--  	--  	0	  0.00	酒店餐饮	深圳	--  	0.00	0	0	--  	0	0	--  	          4.30	
000155	*ST川化	--  	0.00	--  	--  	--  	0	0	--  	          0.00	--  	--  	--  	--  	--  	0	  0.00	农药化肥	四川	--  	0.00	0	0	--  	0	0	--  	          9.37	
600091	ST明科	-4.95	9.03	-0.47	--  	9.03	105476	20	0.00	          3.13	9.10	9.23	9.03	9.50	   263.00	95438368	  1.03	化工原料	内蒙	2.11	9.05	39185	66291	  0.59	0	33116	--  	          3.37	
600145	*ST新亿	0.00	1.87	0.00	--  	--  	0	0	0.00	          0.00	--  	--  	--  	1.87	    88.67	0	  0.00	陶瓷	新疆	0.00	1.87	0	0	--  	0	0	--  	         14.91	
600230	*ST沧大	-3.31	29.17	-1.00	29.13	29.15	86444	102	-0.47	          2.94	30.00	30.12	28.79	30.17	    23.13	252680672	  0.88	农药化肥	河北	4.41	29.23	49733	36711	  1.35	8	472	--  	          2.94	
600234	*ST山水	-0.38	18.55	-0.07	18.55	18.58	7283	118	-0.16	          0.36	18.70	18.70	18.46	18.62	  3714.75	13539679	  1.01	文教休闲	山西	1.29	18.59	4008	3274	  1.22	52	63	--  	          2.02	
600247	ST成城	-0.96	12.34	-0.12	12.33	12.35	14444	10	-0.48	          0.43	12.37	12.45	12.27	12.46	--  	17839318	  0.81	商贸代理	吉林	1.44	12.35	7913	6531	  1.21	47	72	--  	          3.36	
600265	ST景谷	0.56	34.34	0.19	34.33	34.35	5999	10	0.05	          0.46	34.08	34.50	34.08	34.15	   132.23	20627922	  0.86	林业	云南	1.23	34.39	3094	2904	  1.07	5	5	--  	          1.30	
600301	*ST南化	1.34	12.89	0.17	12.86	12.87	21290	2	0.31	          0.91	12.73	12.90	12.61	12.72	--  	27147304	  0.80	化工原料	广西	2.28	12.75	10035	11255	  0.89	73	48	--  	          2.35	
600306	*ST商城	0.69	15.95	0.11	15.94	15.95	15806	2	0.00	          0.89	15.77	16.06	15.60	15.84	--  	25101592	  0.76	百货	辽宁	2.90	15.88	10302	5503	  1.87	77	43	--  	          1.77	
600339	*ST油工	2.06	7.44	0.15	7.43	7.44	66053	49	0.13	          1.14	7.29	7.46	7.25	7.29	--  	48793200	  0.93	石油加工	新疆	2.88	7.39	24408	41645	  0.59	310	247	--  	          5.78	
600390	*ST金瑞	0.28	14.53	0.04	14.53	14.54	43077	7	0.13	          0.95	14.47	14.56	14.30	14.49	   420.03	62271880	  0.57	小金属	湖南	1.79	14.46	22960	20117	  1.14	289	116	--  	          4.51	
600432	*ST吉恩	0.00	6.70	0.00	6.70	6.71	79828	123	-0.14	          0.98	6.68	6.71	6.52	6.70	--  	52926836	  0.65	小金属	吉林	2.84	6.63	43321	36507	  1.19	69	468	--  	          8.11	
600520	*ST中发	0.23	21.92	0.05	21.91	21.92	7003	4	0.09	          0.46	21.86	22.08	21.51	21.87	--  	15274534	  0.58	机械基件	安徽	2.61	21.81	3343	3660	  0.91	15	24	--  	          1.54	
600539	ST狮头	1.37	19.26	0.26	19.20	19.26	12155	240	0.15	          0.53	19.00	19.33	18.91	19.00	--  	23327336	  0.96	水泥	山西	2.21	19.19	3249	8906	  0.36	70	1	--  	          2.30	
600546	*ST山煤	3.23	5.12	0.16	5.11	5.12	155557	10	0.19	          0.78	4.99	5.14	4.96	4.96	--  	78638968	  0.85	煤炭开采	山西	3.63	5.06	60662	94895	  0.64	1074	3461	--  	         19.82	
600556	ST慧球	0.00	11.93	0.00	--  	--  	0	0	0.00	          0.00	--  	--  	--  	11.93	--  	0	  0.00	软件服务	广西	0.00	11.93	0	0	--  	0	0	--  	          3.95	
600581	*ST八钢	-1.36	7.99	-0.11	7.99	8.02	148149	56	-0.37	          1.93	8.26	8.28	7.96	8.10	--  	119448336	  0.64	普钢	新疆	3.95	8.06	87081	61067	  1.43	4	110	--  	          7.66	
600603	*ST兴业	3.06	16.16	0.48	16.16	16.17	30561	10	0.12	          1.57	15.75	16.26	15.62	15.68	--  	49068056	  0.76	综合类	福建	4.08	16.06	12970	17591	  0.74	2	205	--  	          1.95	
600721	*ST百花	1.18	18.85	0.22	18.85	18.86	15013	7	-0.15	          0.60	18.62	18.93	18.61	18.63	    54.24	28276484	  0.55	焦炭加工	新疆	1.72	18.83	7756	7257	  1.07	139	119	--  	          2.49	
600725	*ST云维	0.00	2.85	0.00	--  	--  	0	0	0.00	          0.00	--  	--  	--  	2.85	     2.27	0	  0.00	焦炭加工	云南	0.00	2.85	0	0	--  	0	0	--  	         12.32	
600806	*ST昆机	1.43	8.54	0.12	8.54	8.55	72083	1	0.35	          1.85	8.37	8.57	8.26	8.42	--  	60501632	  0.86	机床制造	云南	3.68	8.39	32670	39413	  0.83	149	431	--  	          3.90	
600817	*ST宏盛	-0.53	18.69	-0.10	18.67	18.70	17027	8	-0.26	          1.09	18.70	19.29	18.53	18.79	--  	32247618	  1.01	多元金融	陕西	4.04	18.94	9469	7558	  1.25	10	92	--  	          1.56	
600866	*ST星湖	1.83	7.25	0.13	7.25	7.26	85419	59	0.00	          1.55	7.11	7.34	7.11	7.12	   230.29	61851568	  0.96	食品	广东	3.23	7.24	44721	40697	  1.10	1	524	--  	          5.50	
601918	*ST新集	3.35	5.56	0.18	5.56	5.57	365844	110	0.18	          1.41	5.38	5.56	5.38	5.38	    43.53	200671216	  0.87	煤炭开采	安徽	3.35	5.49	138413	227430	  0.61	961	3872	--  	         25.91	
600710	*ST常林	--  	0.00	--  	--  	--  	0	0	--  	          0.00	--  	--  	--  	--  	--  	0	  0.00	工程机械	江苏	--  	0.00	0	0	--  	0	0	--  	          6.40	
600732	*ST新梅	--  	0.00	--  	--  	--  	0	0	--  	          0.00	--  	--  	--  	--  	--  	0	  0.00	区域地产	上海	--  	0.00	0	0	--  	0	0	--  	          4.46	
数据来源:通达信
