代码	名称	涨幅%%	现价	涨跌	买价	卖价	总量	现量	涨速%%	换手%%	今开	最高	最低	昨收	市盈(动)	总金额	量比	细分行业	地区	振幅%%	均价	内盘	外盘	内外比	买量	卖量	未匹配量	流通股(亿)	
000063	中兴通讯	--  	15.28	--  	--  	--  	0	0	--  	          0.00	--  	--  	--  	15.28	    16.65	0	  0.00	通信设备	深圳	0.00	15.28	0	0	--  	0	0	--  	         33.90	
000503	海虹控股	-0.48	41.78	-0.20	41.70	41.78	43000	562	0.14	          0.48	42.17	42.17	41.00	41.98	--  	178581920	  1.15	医疗保健	海南	2.79	41.53	22785	20215	  1.13	38	241	--  	          8.99	
000665	湖北广电	0.70	14.45	0.10	14.45	14.46	20118	428	0.06	          0.44	14.36	14.47	14.26	14.35	    29.01	28964310	  0.74	影视音像	湖北	1.46	14.40	8666	11451	  0.76	143	272	--  	          4.61	
000682	东方电子	--  	5.20	--  	--  	--  	0	0	--  	          0.00	--  	--  	--  	5.20	   130.36	0	  0.00	电气设备	山东	0.00	5.20	0	0	--  	0	0	--  	          9.78	
000793	华闻传媒	1.12	10.85	0.12	10.84	10.85	346282	3135	-0.18	          1.89	10.76	10.99	10.63	10.73	    23.62	373629216	  1.99	出版业	海南	3.36	10.79	181876	164406	  1.11	3778	4489	--  	         18.27	
000851	高鸿股份	2.63	12.50	0.32	12.49	12.50	181052	2040	0.08	          3.48	12.18	12.55	12.07	12.18	   145.01	224786416	  1.39	软件服务	贵州	3.94	12.42	80118	100933	  0.79	1003	1849	--  	          5.20	
000917	电广传媒	1.92	14.36	0.27	14.35	14.36	181244	2053	0.06	          1.71	14.13	14.46	14.04	14.09	    71.28	258767568	  1.49	影视音像	湖南	2.98	14.28	73307	107936	  0.68	136	131	--  	         10.62	
002052	同洲电子	-0.31	9.80	-0.03	9.80	9.81	74012	1050	0.10	          1.19	9.82	9.83	9.66	9.83	--  	72159488	  0.62	通信设备	深圳	1.73	9.75	41163	32848	  1.25	143	300	--  	          6.21	
002089	新 海 宜	0.86	15.19	0.13	15.18	15.19	61531	1606	0.13	          1.26	15.01	15.23	14.90	15.06	   122.78	93146160	  0.63	通信设备	江苏	2.19	15.14	27981	33549	  0.83	222	594	--  	          4.90	
002093	国脉科技	-1.42	11.08	-0.16	11.07	11.08	192673	4074	0.00	          2.26	11.52	11.53	10.99	11.24	   164.60	215019456	  1.85	电信运营	福建	4.80	11.16	85960	106712	  0.81	1495	890	--  	          8.52	
002104	恒宝股份	1.19	11.04	0.13	11.04	11.05	64669	1615	0.09	          0.91	10.93	11.04	10.82	10.91	    47.18	70832200	  0.90	元器件	江苏	2.02	10.95	29192	35477	  0.82	75	1099	--  	          7.09	
002148	北纬通信	0.37	21.78	0.08	21.78	21.79	112848	1298	0.32	          5.63	21.64	22.31	21.56	21.70	    89.78	247743392	  1.12	互联网	北京	3.46	21.95	58554	54293	  1.08	181	44	--  	          2.01	
002183	怡 亚 通	1.48	10.99	0.16	10.98	10.99	212643	1216	0.00	          1.01	10.80	11.05	10.72	10.83	    38.33	232177712	  1.41	仓储物流	深圳	3.05	10.92	104900	107743	  0.97	272	2505	--  	         20.98	
002194	武汉凡谷	0.08	12.99	0.01	12.98	12.99	45820	761	0.07	          1.05	12.90	13.04	12.74	12.98	--  	59111940	  0.59	通信设备	湖北	2.31	12.90	24846	20974	  1.18	228	108	--  	          4.37	
002238	天威视讯	1.72	14.81	0.25	14.80	14.81	36403	251	0.00	          0.65	14.56	14.83	14.45	14.56	    29.64	53465336	  1.60	影视音像	深圳	2.61	14.69	11498	24905	  0.46	280	138	--  	          5.57	
002261	拓维信息	-0.16	12.13	-0.02	12.13	12.14	60972	392	0.08	          0.82	12.17	12.19	12.00	12.15	    61.83	73817440	  0.61	互联网	湖南	1.56	12.11	33652	27319	  1.23	221	522	--  	          7.45	
002268	卫 士 通	2.10	32.62	0.67	32.62	32.63	49803	523	-0.09	          1.45	31.98	32.82	31.65	31.95	  2091.57	161263712	  1.37	软件服务	四川	3.66	32.38	23896	25906	  0.92	155	23	--  	          3.45	
002281	光迅科技	-0.12	79.90	-0.10	79.89	79.90	51359	622	-0.23	          2.50	79.80	80.34	78.61	80.00	    58.77	408601216	  1.00	通信设备	湖北	2.16	79.56	31178	20180	  1.54	1	35	--  	          2.06	
002292	奥飞娱乐	0.64	22.10	0.14	22.10	22.11	73120	1496	0.18	          1.01	21.91	22.16	21.60	21.96	    49.51	160087040	  0.72	影视音像	广东	2.55	21.89	32846	40273	  0.82	996	169	--  	          7.22	
002313	日海通讯	2.19	22.41	0.48	22.41	22.42	64348	441	0.08	          2.06	21.85	22.59	21.66	21.93	   413.85	143177568	  1.11	通信设备	深圳	4.24	22.25	28581	35766	  0.80	241	49	--  	          3.12	
002316	键桥通讯	--  	13.65	--  	--  	--  	0	0	--  	          0.00	--  	--  	--  	13.65	--  	0	  0.00	软件服务	深圳	0.00	13.65	0	0	--  	0	0	--  	          3.15	
002519	银河电子	2.17	20.67	0.44	20.67	20.68	51132	766	0.00	          1.15	20.22	20.73	20.07	20.23	    45.30	103934152	  1.89	通信设备	江苏	3.26	20.33	24081	27051	  0.89	190	78	--  	          4.44	
300017	网宿科技	2.04	53.60	1.07	53.60	53.61	129555	1274	0.03	          2.56	52.70	54.20	52.02	52.53	    34.81	689855040	  0.83	电信运营	上海	4.15	53.25	57422	72132	  0.80	564	35	--  	          5.06	
300025	华星创业	--  	10.44	--  	--  	--  	0	0	--  	          0.00	--  	--  	--  	10.44	    94.12	0	  0.00	通信设备	浙江	0.00	10.44	0	0	--  	0	0	--  	          3.40	
300027	华谊兄弟	0.19	10.63	0.02	10.63	10.64	160738	3568	0.09	          0.84	10.63	10.66	10.48	10.61	    35.69	170106224	  0.69	影视音像	浙江	1.70	10.58	84588	76150	  1.11	878	1384	--  	         19.03	
300028	金亚科技	-1.79	13.20	-0.24	13.20	13.21	178070	3051	0.00	          7.19	13.49	13.58	13.11	13.44	   390.45	236503104	  1.06	通信设备	四川	3.50	13.28	95483	82586	  1.16	464	392	--  	          2.48	
300079	数码视讯	0.00	7.10	0.00	7.09	7.10	147932	1205	0.14	          1.22	7.10	7.12	7.01	7.10	    50.59	104327904	  1.04	通信设备	北京	1.55	7.05	86972	60959	  1.43	2230	2707	--  	         12.08	
300104	乐视网	-0.56	31.71	-0.18	31.70	31.71	194274	3280	0.00	          1.54	31.88	31.93	31.31	31.89	    95.60	615270144	  0.72	互联网	北京	1.94	31.67	101120	93154	  1.09	931	149	--  	         12.62	
300250	初灵信息	0.87	26.74	0.23	26.74	26.75	34660	662	0.11	          3.07	26.26	26.77	26.12	26.51	    62.03	91740312	  0.76	通信设备	浙江	2.45	26.47	16934	17725	  0.96	2	323	--  	          1.13	
300251	光线传媒	0.00	9.70	0.00	9.70	9.71	98581	1136	0.00	          0.36	9.69	9.73	9.60	9.70	    36.77	95402976	  0.89	影视音像	北京	1.34	9.68	49438	49142	  1.01	286	2513	--  	         27.52	
300264	佳创视讯	1.01	11.00	0.11	10.99	11.00	37801	671	0.09	          1.19	10.83	11.07	10.78	10.89	   333.04	41387212	  0.67	通信设备	深圳	2.66	10.95	20747	17054	  1.22	8	120	--  	          3.18	
300555	路通视信	1.80	58.25	1.03	58.25	58.26	20939	431	0.08	         10.47	56.93	58.30	55.22	57.22	    88.21	119747584	  1.53	通信设备	江苏	5.38	57.19	9725	11213	  0.87	145	12	--  	          0.20	
600037	歌华有线	0.73	15.24	0.11	15.24	15.25	47957	2	0.00	          0.41	15.12	15.25	15.05	15.13	    26.74	72808064	  0.65	影视音像	北京	1.32	15.18	23774	24183	  0.98	211	1966	--  	         11.68	
600050	中国联通	-4.76	7.41	-0.37	7.42	7.43	4266655	25	-0.13	          2.01	7.73	7.74	7.35	7.78	   241.02	3198445312	  1.11	电信运营	上海	5.01	7.50	2170027	2096627	  1.04	1966	5753	--  	        211.97	
600088	中视传媒	-0.05	20.44	-0.01	20.45	20.46	10628	1	0.19	          0.32	20.44	20.51	20.10	20.45	--  	21607876	  0.68	影视音像	上海	2.00	20.33	5321	5307	  1.00	4	19	--  	          3.31	
600100	同方股份	0.22	13.94	0.03	13.94	13.95	251383	131	0.28	          1.14	13.89	13.98	13.81	13.91	     6.08	349681408	  0.75	电脑设备	北京	1.22	13.91	137961	113422	  1.22	546	901	--  	         21.98	
600198	大唐电信	-0.29	16.94	-0.05	16.94	16.95	169353	17	-0.05	          2.02	16.98	17.17	16.53	16.99	--  	284652096	  0.96	通信设备	北京	3.77	16.81	83585	85768	  0.97	960	468	--  	          8.39	
600203	福日电子	1.02	11.86	0.12	11.86	11.87	38915	326	0.00	          1.28	11.76	11.87	11.63	11.74	    55.16	45837776	  0.58	元器件	福建	2.04	11.78	17663	21251	  0.83	122	206	--  	          3.03	
600271	航天信息	0.00	20.60	0.00	--  	--  	0	0	0.00	          0.00	--  	--  	--  	20.60	    30.49	0	  0.00	电脑设备	北京	0.00	20.60	0	0	--  	0	0	--  	         18.47	
600289	亿阳信通	1.45	13.32	0.19	13.32	13.33	91263	5	0.00	          1.61	13.13	13.40	13.04	13.13	   318.08	121288144	  1.55	软件服务	黑龙江	2.74	13.29	42738	48524	  0.88	100	894	--  	          5.66	
600373	中文传媒	0.51	21.64	0.11	21.63	21.64	49340	39	0.32	          0.38	21.46	21.82	21.32	21.53	    22.62	106498608	  1.01	出版业	江西	2.32	21.58	22708	26631	  0.85	23	44	--  	         12.82	
600487	亨通光电	2.36	23.44	0.54	23.38	23.39	504711	11	0.47	          4.07	22.95	23.85	22.70	22.90	    20.83	1176621440	  1.43	通信设备	江苏	5.02	23.31	241231	263480	  0.92	8	3	--  	         12.41	
600498	烽火通信	1.46	26.46	0.38	26.46	26.47	97151	10	0.03	          0.98	25.91	26.62	25.76	26.08	    39.10	255514592	  0.85	通信设备	湖北	3.30	26.30	41641	55509	  0.75	32	48	--  	          9.96	
600522	中天科技	3.15	11.46	0.35	11.44	11.45	887386	205	0.08	          3.90	11.08	11.48	11.07	11.11	    23.02	1006697408	  3.36	通信设备	江苏	3.69	11.34	369803	517583	  0.71	1638	25	--  	         22.76	
600637	东方明珠	0.44	22.99	0.10	22.99	23.00	64651	3	0.00	          0.30	22.87	23.01	22.74	22.89	    23.61	148016752	  1.13	影视音像	上海	1.18	22.89	29977	34674	  0.86	2	614	--  	         21.80	
600804	鹏博士	-0.19	21.21	-0.04	21.20	21.21	75052	41	0.00	          0.54	21.11	21.24	20.95	21.25	    37.07	158262544	  0.71	电信运营	四川	1.36	21.09	39249	35803	  1.10	1151	4	--  	         13.90	
600831	广电网络	-0.08	13.14	-0.01	13.14	13.15	58990	10	0.30	          1.05	13.14	13.14	12.98	13.15	    48.51	77142376	  1.05	影视音像	陕西	1.22	13.08	37028	21962	  1.69	8	372	--  	          5.63	
600996	贵广网络	-0.67	17.77	-0.12	17.77	17.78	190860	93	-0.05	          9.09	17.88	17.88	17.18	17.89	    33.21	335298624	  0.65	影视音像	贵州	3.91	17.57	103074	87786	  1.17	39	56	--  	          2.10	
601999	出版传媒	1.25	11.30	0.14	11.29	11.30	42764	2	-0.08	          0.78	11.20	11.32	11.08	11.16	    55.80	48002976	  0.91	出版业	辽宁	2.15	11.23	14117	28646	  0.49	71	202	--  	          5.51	
603322	超讯通信	3.03	91.00	2.68	91.01	91.02	54394	5	0.00	         27.20	88.48	91.23	85.11	88.32	   336.76	487655360	  0.76	通信设备	广东	6.93	89.65	29333	25060	  1.17	3	6	--  	          0.20	
数据来源:通达信
