代码	名称	涨幅%%	现价	涨跌	买价	卖价	总量	现量	涨速%%	换手%%	今开	最高	最低	昨收	市盈(动)	总金额	量比	细分行业	地区	振幅%%	均价	内盘	外盘	内外比	买量	卖量	未匹配量	流通股(亿)	
000021	深科技	1.44	9.89	0.14	9.89	9.90	94782	1772	0.00	          0.64	9.79	9.91	9.67	9.75	    35.95	92995136	  0.91	电脑设备	深圳	2.46	9.81	42993	51789	  0.83	260	6524	--  	         14.70	
000063	中兴通讯	--  	15.28	--  	--  	--  	0	0	--  	          0.00	--  	--  	--  	15.28	    16.65	0	  0.00	通信设备	深圳	0.00	15.28	0	0	--  	0	0	--  	         33.90	
000066	长城电脑	-0.55	10.91	-0.06	10.91	10.92	303119	3963	-0.18	          1.22	10.97	11.01	10.78	10.97	   896.23	330198304	  0.96	电脑设备	深圳	2.10	10.89	166833	136285	  1.22	2065	880	--  	         24.91	
000070	特发信息	1.79	26.14	0.46	26.14	26.15	31899	497	0.00	          1.18	25.60	26.18	25.55	25.68	    49.38	82758176	  0.96	通信设备	深圳	2.45	25.94	14597	17302	  0.84	41	279	--  	          2.71	
000611	*ST天首	--  	10.05	--  	--  	--  	0	0	--  	          0.00	--  	--  	--  	10.05	--  	0	  0.00	纺织	内蒙	0.00	10.05	0	0	--  	0	0	--  	          3.19	
000836	鑫茂科技	3.60	8.35	0.29	8.34	8.35	553755	4768	-0.11	          4.68	8.10	8.65	7.95	8.06	   212.67	456351936	  1.65	通信设备	天津	8.68	8.24	262092	291662	  0.90	1284	3533	--  	         11.83	
000938	紫光股份	--  	56.89	--  	--  	--  	0	0	--  	          0.00	--  	--  	--  	56.89	    85.57	0	  0.00	软件服务	北京	0.00	56.89	0	0	--  	0	0	--  	          2.06	
000971	高升控股	-0.05	21.29	-0.01	21.28	21.29	28230	287	0.04	          1.16	21.36	21.42	21.09	21.30	    98.03	59994108	  0.59	互联网	湖北	1.55	21.25	15083	13147	  1.15	126	253	--  	          2.43	
000977	浪潮信息	0.58	20.94	0.12	20.94	20.95	59519	897	-0.04	          0.60	20.80	21.03	20.71	20.82	    44.94	124271208	  0.69	电脑设备	山东	1.54	20.88	26377	33142	  0.80	462	556	--  	          9.95	
002063	远光软件	1.40	13.03	0.18	13.03	13.04	68470	1087	-0.07	          1.30	12.85	13.04	12.71	12.85	    62.24	88406184	  0.87	软件服务	广东	2.57	12.91	30858	37611	  0.82	610	1108	--  	          5.26	
002065	东华软件	-0.05	21.67	-0.01	21.67	21.68	83964	730	0.09	          0.61	21.82	21.83	21.45	21.68	    40.38	181702464	  1.01	软件服务	北京	1.75	21.64	44437	39526	  1.12	1475	464	--  	         13.68	
002093	国脉科技	-1.42	11.08	-0.16	11.07	11.08	192673	4074	0.00	          2.26	11.52	11.53	10.99	11.24	   164.60	215019456	  1.85	电信运营	福建	4.80	11.16	85960	106712	  0.81	1495	890	--  	          8.52	
002095	生 意 宝	-0.33	42.60	-0.14	42.59	42.60	26300	801	0.02	          1.05	42.80	42.80	42.08	42.74	   503.03	111614136	  0.69	互联网	浙江	1.68	42.44	13472	12828	  1.05	22	287	--  	          2.52	
002195	二三四五	7.73	12.82	0.92	12.82	12.83	838539	16550	0.23	          8.02	12.07	12.96	11.86	11.90	    39.02	1038276352	  2.42	软件服务	上海	9.24	12.38	327762	510777	  0.64	169	487	--  	         10.46	
002197	证通电子	0.83	15.82	0.13	15.82	15.83	28902	649	0.06	          0.85	15.73	15.83	15.58	15.69	   193.36	45486832	  0.78	电器仪表	深圳	1.59	15.74	13317	15584	  0.85	387	436	--  	          3.40	
002268	卫 士 通	2.10	32.62	0.67	32.62	32.63	49803	523	-0.09	          1.45	31.98	32.82	31.65	31.95	  2091.57	161263712	  1.37	软件服务	四川	3.66	32.38	23896	25906	  0.92	155	23	--  	          3.45	
002315	焦点科技	0.46	65.48	0.30	65.47	65.48	13717	133	0.00	          2.26	64.97	65.50	64.24	65.18	   128.70	88948144	  0.97	互联网	江苏	1.93	64.85	7162	6554	  1.09	24	128	--  	          0.61	
002368	太极股份	0.71	32.48	0.23	32.48	32.49	29893	564	-0.03	          0.74	32.37	32.49	32.05	32.25	   156.19	96574768	  0.87	软件服务	北京	1.36	32.31	13689	16203	  0.84	7	110	--  	          4.02	
002396	星网锐捷	0.65	20.28	0.13	20.27	20.28	92385	1083	0.00	          1.74	20.09	20.53	20.06	20.15	    46.56	187714368	  0.69	通信设备	福建	2.33	20.32	45165	47219	  0.96	89	27	--  	          5.30	
002544	杰赛科技	-0.33	27.50	-0.09	27.49	27.50	23510	476	0.03	          0.46	27.37	27.58	27.16	27.59	   133.24	64459532	  1.48	软件服务	广东	1.52	27.42	10054	13455	  0.75	9	91	--  	          5.11	
002642	荣之联	3.80	22.65	0.83	22.64	22.65	285087	3231	-0.22	          7.45	22.25	23.88	21.87	21.82	   190.49	649338240	  2.05	软件服务	北京	9.21	22.78	128314	156772	  0.82	827	240	--  	          3.83	
002657	中科金财	-0.23	38.68	-0.09	38.68	38.69	45472	759	0.00	          1.99	38.67	38.75	38.12	38.77	    81.00	174398912	  1.32	软件服务	北京	1.62	38.35	25492	19980	  1.28	931	82	--  	          2.28	
300002	神州泰岳	2.88	9.63	0.27	9.62	9.63	178031	6715	0.20	          1.61	9.32	9.63	9.32	9.36	    40.44	169255408	  1.33	软件服务	北京	3.31	9.51	71911	106119	  0.68	3052	2490	--  	         11.03	
300017	网宿科技	2.04	53.60	1.07	53.60	53.61	129555	1274	0.03	          2.56	52.70	54.20	52.02	52.53	    34.81	689855040	  0.83	电信运营	上海	4.15	53.25	57422	72132	  0.80	564	35	--  	          5.06	
300020	银江股份	1.10	15.68	0.17	15.68	15.69	87285	1871	0.12	          1.41	15.48	15.70	15.35	15.51	    32.55	135941840	  0.79	软件服务	浙江	2.26	15.57	45523	41761	  1.09	260	409	--  	          6.21	
300036	超图软件	0.29	17.05	0.05	17.05	17.06	79131	1589	0.05	          2.60	16.94	17.13	16.68	17.00	   164.89	133703232	  0.72	软件服务	北京	2.65	16.90	38803	40327	  0.96	478	288	--  	          3.05	
300051	三五互联	--  	13.99	--  	--  	--  	0	0	--  	          0.00	--  	--  	--  	13.99	    67.67	0	  0.00	互联网	福建	0.00	13.99	0	0	--  	0	0	--  	          2.32	
300188	美亚柏科	1.62	20.68	0.33	20.68	20.69	64539	1870	0.14	          2.18	20.25	20.68	19.81	20.35	   167.26	131014224	  0.99	软件服务	福建	4.28	20.30	27167	37371	  0.73	19	683	--  	          2.96	
300229	拓尔思	1.40	17.37	0.24	17.36	17.37	40651	939	0.17	          0.95	17.12	17.37	16.87	17.13	   143.27	69698008	  0.53	软件服务	北京	2.92	17.15	17683	22967	  0.77	511	363	--  	          4.28	
300245	天玑科技	0.80	17.64	0.14	17.64	17.65	38470	664	0.17	          1.95	17.48	17.67	17.20	17.50	    72.94	67208584	  0.67	软件服务	上海	2.69	17.47	17895	20574	  0.87	384	279	--  	          1.97	
300290	荣科科技	2.11	14.03	0.29	14.03	14.04	31518	670	0.00	          1.97	13.78	14.05	13.51	13.74	   185.27	43693716	  1.13	软件服务	辽宁	3.93	13.86	12361	19156	  0.65	147	129	--  	          1.60	
300297	蓝盾股份	-0.23	13.03	-0.03	13.03	13.04	71508	1535	0.07	          1.11	12.98	13.06	12.80	13.06	    80.53	92725608	  0.94	软件服务	广东	1.99	12.97	38031	33477	  1.14	49	284	--  	          6.46	
300366	创意信息	0.22	36.60	0.08	36.60	36.64	13296	289	-0.16	          1.31	36.52	36.90	36.15	36.52	   251.32	48472028	  0.62	软件服务	四川	2.05	36.46	6176	7120	  0.87	149	62	--  	          1.01	
300379	东方通	0.60	70.40	0.42	70.40	70.41	68402	893	0.14	          8.11	69.98	70.83	69.51	69.98	   162.27	479251808	  1.07	软件服务	北京	1.89	70.06	33342	35060	  0.95	322	26	--  	          0.84	
300383	光环新网	1.14	25.70	0.29	25.70	25.71	69731	2039	0.07	          1.12	25.24	25.80	25.24	25.41	    65.70	178322176	  0.60	电信运营	北京	2.20	25.57	34255	35475	  0.97	56	72	--  	          6.24	
300608	思特奇	0.86	70.05	0.60	70.04	70.05	25061	436	-0.05	         14.87	69.60	70.20	67.11	69.45	--  	172449856	  0.78	软件服务	北京	4.45	68.81	12272	12788	  0.96	1	77	--  	          0.17	
600037	歌华有线	0.73	15.24	0.11	15.24	15.25	47957	2	0.00	          0.41	15.12	15.25	15.05	15.13	    26.74	72808064	  0.65	影视音像	北京	1.32	15.18	23774	24183	  0.98	211	1966	--  	         11.68	
600100	同方股份	0.22	13.94	0.03	13.94	13.95	251383	131	0.28	          1.14	13.89	13.98	13.81	13.91	     6.08	349681408	  0.75	电脑设备	北京	1.22	13.91	137961	113422	  1.22	546	901	--  	         21.98	
600105	永鼎股份	0.61	9.95	0.06	9.95	9.96	43882	101	0.10	          0.58	9.96	9.96	9.83	9.89	    44.17	43529228	  0.81	通信设备	江苏	1.31	9.92	20501	23381	  0.88	8	356	--  	          7.62	
600198	大唐电信	-0.29	16.94	-0.05	16.94	16.95	169353	17	-0.05	          2.02	16.98	17.17	16.53	16.99	--  	284652096	  0.96	通信设备	北京	3.77	16.81	83585	85768	  0.97	960	468	--  	          8.39	
600289	亿阳信通	1.45	13.32	0.19	13.32	13.33	91263	5	0.00	          1.61	13.13	13.40	13.04	13.13	   318.08	121288144	  1.55	软件服务	黑龙江	2.74	13.29	42738	48524	  0.88	100	894	--  	          5.66	
600385	山东金泰	-1.23	20.95	-0.26	20.92	20.96	16420	29	0.33	          1.15	20.97	21.14	20.52	21.21	  1324.87	34224740	  1.29	黄金	山东	2.92	20.84	9324	7096	  1.31	13	200	--  	          1.43	
600410	华胜天成	1.46	10.40	0.15	10.40	10.41	63477	18	0.38	          0.71	10.21	10.41	10.19	10.25	   341.85	65523352	  0.75	软件服务	北京	2.15	10.32	22112	41365	  0.53	37	1	--  	          8.92	
600522	中天科技	3.15	11.46	0.35	11.44	11.45	887386	205	0.08	          3.90	11.08	11.48	11.07	11.11	    23.02	1006697408	  3.36	通信设备	江苏	3.69	11.34	369803	517583	  0.71	1638	25	--  	         22.76	
600536	中国软件	1.16	25.21	0.29	25.18	25.22	61612	1	0.27	          1.25	24.81	25.29	24.69	24.92	--  	154590496	  0.85	软件服务	北京	2.41	25.09	29213	32399	  0.90	87	400	--  	          4.95	
600588	用友网络	0.26	19.27	0.05	19.25	19.29	44671	2	-0.10	          0.31	19.31	19.36	19.02	19.22	--  	85825168	  0.62	软件服务	北京	1.77	19.21	21979	22692	  0.97	16	42	--  	         14.60	
600589	广东榕泰	0.69	8.70	0.06	8.69	8.70	187119	8	-0.22	          3.11	8.60	8.76	8.28	8.64	    58.10	160871056	  2.13	塑料	广东	5.56	8.60	105185	81933	  1.28	65	146	--  	          6.02	
600590	泰豪科技	0.00	15.72	0.00	--  	--  	0	0	0.00	          0.00	--  	--  	--  	15.72	   116.79	0	  0.00	电气设备	江西	0.00	15.72	0	0	--  	0	0	--  	          5.16	
600595	中孚实业	0.50	5.99	0.03	5.99	6.00	132244	65	0.16	          0.76	5.91	5.99	5.87	5.96	    45.09	78590864	  0.83	铝	河南	2.01	5.94	55496	76747	  0.72	34	2532	--  	         17.42	
600601	方正科技	-0.43	4.59	-0.02	4.58	4.59	195279	92	0.00	          0.89	4.60	4.61	4.52	4.61	--  	89226744	  0.71	电脑设备	上海	1.95	4.57	104633	90645	  1.15	8574	431	--  	         21.95	
600602	云赛智联	0.00	9.39	0.00	--  	--  	0	0	0.00	          0.00	--  	--  	--  	9.39	    41.24	0	  0.00	软件服务	上海	0.00	9.39	0	0	--  	0	0	--  	          8.80	
600718	东软集团	0.31	19.33	0.06	19.34	19.35	198575	24	0.31	          1.61	19.25	19.35	19.02	19.27	     8.82	381471552	  0.71	软件服务	辽宁	1.71	19.21	102675	95899	  1.07	83	847	--  	         12.32	
600728	佳都科技	0.88	9.22	0.08	9.22	9.23	422245	10	0.21	          3.18	9.21	9.48	9.15	9.14	 10281.79	392564960	  1.40	软件服务	广东	3.61	9.30	214433	207811	  1.03	1448	635	--  	         13.29	
600756	浪潮软件	1.96	22.42	0.43	22.43	22.44	68936	28	0.00	          2.13	22.19	22.50	22.00	21.99	   132.56	153594224	  0.87	软件服务	山东	2.27	22.28	32364	36571	  0.88	680	140	--  	          3.24	
600770	综艺股份	0.51	9.89	0.05	9.89	9.90	71105	48	0.10	          0.64	9.83	9.90	9.71	9.84	   235.72	69826048	  0.62	综合类	江苏	1.93	9.82	37485	33620	  1.11	132	1217	--  	         11.05	
600797	浙大网新	1.76	13.84	0.24	13.83	13.84	101919	126	0.28	          1.23	13.51	13.85	13.50	13.60	    59.39	139830528	  0.73	软件服务	浙江	2.57	13.72	45647	56272	  0.81	202	10	--  	          8.31	
600804	鹏博士	-0.19	21.21	-0.04	21.20	21.21	75052	41	0.00	          0.54	21.11	21.24	20.95	21.25	    37.07	158262544	  0.71	电信运营	四川	1.36	21.09	39249	35803	  1.10	1151	4	--  	         13.90	
600845	宝信软件	1.50	18.90	0.28	18.90	18.91	28534	9	0.15	          0.54	18.62	18.93	18.44	18.62	    44.10	53548860	  0.94	软件服务	上海	2.63	18.77	12479	16055	  0.78	185	37	--  	          5.24	
600850	华东电脑	0.67	24.13	0.16	24.13	24.18	19161	206	0.12	          0.46	23.85	24.18	23.65	23.97	    36.29	45984176	  0.73	软件服务	上海	2.21	24.00	9774	9387	  1.04	76	131	--  	          4.20	
601789	宁波建工	2.97	6.94	0.20	6.94	6.95	176021	1350	0.14	          1.80	6.75	6.95	6.74	6.74	    38.51	121249280	  2.29	建筑施工	浙江	3.12	6.89	73369	102651	  0.71	443	4111	--  	          9.76	
601928	凤凰传媒	0.39	10.42	0.04	10.41	10.42	81940	3	0.19	          0.32	10.38	10.44	10.33	10.38	    23.38	85110648	  1.14	出版业	江苏	1.06	10.39	44750	37189	  1.20	103	596	--  	         25.45	
603019	中科曙光	1.59	27.44	0.43	27.45	27.46	98298	77	0.25	          2.74	26.64	27.69	26.63	27.01	   177.49	268271408	  0.86	电脑设备	天津	3.92	27.29	50665	47633	  1.06	14	183	--  	          3.59	
603138	海量数据	10.01	23.18	2.11	23.18	--  	93	10	0.00	          0.05	23.18	23.18	23.18	21.07	    43.59	215481	0.00	软件服务	北京	0.00	23.18	80	12	  6.67	40898	0	--  	          0.21	
数据来源:通达信
