代码	名称	涨幅%%	现价	涨跌	买价	卖价	总量	现量	涨速%%	换手%%	今开	最高	最低	昨收	市盈(动)	总金额	量比	细分行业	地区	振幅%%	均价	内盘	外盘	内外比	买量	卖量	未匹配量	流通股(亿)	
000046	泛海控股	0.54	9.35	0.05	9.35	9.36	53240	281	-0.10	          0.10	9.29	9.37	9.22	9.30	    19.79	49587324	  1.57	全国地产	北京	1.61	9.31	26601	26639	  1.00	15	148	--  	         50.93	
000062	深圳华强	-0.44	27.41	-0.12	27.41	27.42	16546	302	0.14	          0.25	27.46	27.50	27.10	27.53	    46.43	45278064	  0.66	商贸代理	深圳	1.45	27.36	10229	6317	  1.62	128	74	--  	          6.67	
000159	国际实业	0.96	9.49	0.09	9.48	9.49	136867	1679	0.21	          2.84	9.38	9.54	9.23	9.40	   294.68	128967680	  0.71	石油贸易	新疆	3.30	9.42	66872	69995	  0.96	394	1270	--  	          4.81	
000609	绵石投资	-1.04	19.89	-0.21	19.89	19.90	35988	781	0.25	          1.35	20.05	20.09	19.50	20.10	    35.49	71383256	  0.38	区域地产	北京	2.94	19.84	20509	15478	  1.33	417	133	--  	          2.66	
000997	新 大 陆	3.68	19.17	0.68	19.16	19.17	223482	3992	0.05	          2.42	18.68	19.21	18.52	18.49	    37.57	424840672	  2.03	软件服务	福建	3.73	19.01	105007	118474	  0.89	1261	1045	--  	          9.24	
002024	苏宁云商	0.36	11.03	0.04	11.03	11.04	247861	1835	0.00	          0.49	10.99	11.07	10.91	10.99	--  	272784192	  1.00	电器连锁	江苏	1.46	11.01	117866	129994	  0.91	3013	3433	--  	         50.18	
002065	东华软件	-0.05	21.67	-0.01	21.67	21.68	83964	730	0.09	          0.61	21.82	21.83	21.45	21.68	    40.38	181702464	  1.01	软件服务	北京	1.75	21.64	44437	39526	  1.12	1475	464	--  	         13.68	
002095	生 意 宝	-0.33	42.60	-0.14	42.59	42.60	26300	801	0.02	          1.05	42.80	42.80	42.08	42.74	   503.03	111614136	  0.69	互联网	浙江	1.68	42.44	13472	12828	  1.05	22	287	--  	          2.52	
002104	恒宝股份	1.19	11.04	0.13	11.04	11.05	64669	1615	0.09	          0.91	10.93	11.04	10.82	10.91	    47.18	70832200	  0.90	元器件	江苏	2.02	10.95	29192	35477	  0.82	75	1099	--  	          7.09	
002121	科陆电子	-0.33	9.15	-0.03	9.14	9.15	48467	1115	0.00	          0.69	9.20	9.20	9.07	9.18	   117.01	44213000	  0.78	电器仪表	深圳	1.42	9.12	30582	17884	  1.71	859	177	--  	          7.01	
002130	沃尔核材	0.21	14.11	0.03	14.10	14.11	42850	461	0.14	          0.99	14.11	14.12	13.88	14.08	    72.62	60074388	  0.64	电气设备	深圳	1.70	14.02	23699	19150	  1.24	463	206	--  	          4.32	
002195	二三四五	7.73	12.82	0.92	12.82	12.83	838539	16550	0.23	          8.02	12.07	12.96	11.86	11.90	    39.02	1038276352	  2.42	软件服务	上海	9.24	12.38	327762	510777	  0.64	169	487	--  	         10.46	
002209	达 意 隆	0.66	18.18	0.12	18.18	18.19	14837	250	0.49	          0.93	18.02	18.23	17.81	18.06	--  	26737780	  0.78	轻工机械	广东	2.33	18.02	5615	9222	  0.61	21	63	--  	          1.59	
002218	拓日新能	-0.11	9.37	-0.01	9.37	9.38	71676	913	0.00	          1.18	9.34	9.38	9.23	9.38	    51.48	66843208	  0.94	半导体	深圳	1.60	9.33	44214	27461	  1.61	454	564	--  	          6.08	
002268	卫 士 通	2.10	32.62	0.67	32.62	32.63	49803	523	-0.09	          1.45	31.98	32.82	31.65	31.95	  2091.57	161263712	  1.37	软件服务	四川	3.66	32.38	23896	25906	  0.92	155	23	--  	          3.45	
002279	久其软件	1.00	18.12	0.18	18.12	18.13	49172	778	0.00	          2.45	17.98	18.18	17.00	17.94	    96.54	87955192	  0.59	软件服务	北京	6.58	17.89	26801	22370	  1.20	263	154	--  	          2.01	
002309	中利集团	0.49	14.23	0.07	14.22	14.23	51514	523	-0.07	          1.42	14.17	14.25	14.01	14.16	--  	72849256	  1.20	电气设备	江苏	1.69	14.14	26562	24951	  1.06	154	1095	--  	          3.63	
002344	海宁皮城	0.47	10.63	0.05	10.62	10.63	44536	526	0.09	          0.40	10.58	10.65	10.43	10.58	    20.93	47103060	  0.91	商品城	浙江	2.08	10.58	25075	19461	  1.29	477	521	--  	         11.06	
002436	兴森科技	1.21	7.50	0.09	7.50	7.51	163296	2849	0.00	          1.68	7.36	7.52	7.25	7.41	    59.91	121252656	  0.79	元器件	深圳	3.64	7.43	74733	88563	  0.84	261	1475	--  	          9.73	
002437	誉衡药业	0.48	8.30	0.04	8.30	8.31	132418	909	0.00	          0.62	8.26	8.33	8.23	8.26	    24.01	109820488	  0.45	化学制药	黑龙江	1.21	8.29	58276	74141	  0.79	3306	2390	--  	         21.48	
002487	大金重工	0.84	9.60	0.08	9.60	9.61	79259	957	-0.10	          1.47	9.52	9.61	9.41	9.52	    72.62	75520272	  0.70	钢加工	辽宁	2.10	9.53	37984	41274	  0.92	513	1245	--  	          5.40	
002494	华斯股份	2.08	12.74	0.26	12.74	12.75	121114	2529	0.07	          4.71	12.39	12.79	12.32	12.48	   427.08	152751408	  1.72	服饰	河北	3.77	12.61	47152	73962	  0.64	13	1378	--  	          2.57	
002537	海立美达	0.39	30.75	0.12	30.75	30.81	13869	376	0.03	          0.46	30.60	30.98	30.25	30.63	   133.11	42460108	  0.98	汽车整车	山东	2.38	30.61	5393	8476	  0.64	138	42	--  	          3.00	
002542	中化岩土	-0.49	8.07	-0.04	8.06	8.07	57736	1060	0.12	          0.93	8.05	8.10	7.95	8.11	    74.53	46332116	  0.66	建筑施工	北京	1.85	8.02	37799	19937	  1.90	626	474	--  	          6.22	
002547	春兴精工	--  	10.94	--  	--  	--  	0	0	--  	          0.00	--  	--  	--  	10.94	    75.50	0	  0.00	通信设备	江苏	0.00	10.94	0	0	--  	0	0	--  	          6.84	
002564	天沃科技	0.55	11.05	0.06	11.04	11.05	139547	2450	0.27	          2.69	10.89	11.05	10.89	10.99	--  	152790160	  0.68	化工机械	江苏	1.46	10.95	71190	68356	  1.04	208	963	--  	          5.19	
002583	海能达	2.32	14.10	0.32	14.09	14.10	80156	648	0.00	          0.95	13.88	14.19	13.65	13.78	   176.22	111940736	  1.12	通信设备	深圳	3.92	13.97	26011	54144	  0.48	256	589	--  	          8.41	
002648	卫星石化	-0.95	12.48	-0.12	12.48	12.49	68919	346	0.08	          0.86	12.60	12.60	12.31	12.60	    75.67	85549064	  1.13	化工原料	浙江	2.30	12.41	40227	28692	  1.40	357	37	--  	          8.00	
002657	中科金财	-0.23	38.68	-0.09	38.68	38.69	45472	759	0.00	          1.99	38.67	38.75	38.12	38.77	    81.00	174398912	  1.32	软件服务	北京	1.62	38.35	25492	19980	  1.28	931	82	--  	          2.28	
002668	奥马电器	0.37	72.72	0.27	72.72	72.73	24770	412	-0.08	          1.84	72.35	73.36	71.67	72.45	    45.56	179742000	  0.50	家用电器	广东	2.33	72.57	11050	13719	  0.81	5	2	--  	          1.35	
002713	东易日盛	3.52	28.79	0.98	28.79	28.80	58023	757	0.20	          7.84	27.87	28.98	27.35	27.81	    42.28	165271760	  1.00	装修装饰	北京	5.86	28.48	25039	32983	  0.76	146	538	--  	          0.74	
002721	金一文化	0.86	16.40	0.14	16.40	16.41	20120	229	0.00	          0.78	16.36	16.44	16.01	16.26	    97.69	32841168	  0.86	服饰	北京	2.64	16.32	8812	11307	  0.78	204	274	--  	          2.56	
002740	爱迪尔	--  	16.06	--  	--  	--  	0	0	--  	          0.00	--  	--  	--  	16.06	    91.86	0	  0.00	服饰	深圳	0.00	16.06	0	0	--  	0	0	--  	          1.29	
300033	同花顺	1.17	68.25	0.79	68.24	68.25	59592	536	0.01	          2.26	67.69	68.50	66.71	67.46	    30.28	404813088	  1.59	软件服务	浙江	2.65	67.93	26625	32966	  0.81	42	1558	--  	          2.64	
300047	天源迪科	1.86	16.41	0.30	16.41	16.42	68345	1013	0.06	          2.61	16.05	16.45	16.04	16.11	   182.87	111275656	  0.72	软件服务	深圳	2.55	16.28	32504	35841	  0.91	54	579	--  	          2.62	
300059	东方财富	0.00	16.00	0.00	15.99	16.00	244255	4469	0.06	          0.92	15.98	16.05	15.72	16.00	    79.76	388575616	  0.71	互联网	上海	2.06	15.91	122596	121658	  1.01	2455	3983	--  	         26.48	
300085	银之杰	0.54	20.61	0.11	20.61	20.62	56560	1436	0.04	          1.72	20.50	20.68	20.22	20.50	   209.92	115752880	  0.72	软件服务	深圳	2.24	20.47	28947	27613	  1.05	635	84	--  	          3.29	
300178	腾邦国际	0.24	16.42	0.04	16.42	16.43	35121	476	0.00	          0.66	16.36	16.51	16.16	16.38	    55.40	57428148	  0.86	旅游服务	深圳	2.14	16.35	15130	19991	  0.76	99	46	--  	          5.28	
300219	鸿利智汇	1.28	13.40	0.17	13.39	13.40	57431	587	0.14	          1.07	13.24	13.60	13.17	13.23	    34.88	76876632	  0.72	元器件	广东	3.25	13.39	28021	29410	  0.95	562	405	--  	          5.36	
300226	上海钢联	-0.02	41.39	-0.01	41.36	41.40	22337	306	-0.04	          1.51	41.25	41.59	40.54	41.40	   309.01	91828240	  0.96	互联网	上海	2.54	41.11	10908	11429	  0.95	3	146	--  	          1.48	
300245	天玑科技	0.80	17.64	0.14	17.64	17.65	38470	664	0.17	          1.95	17.48	17.67	17.20	17.50	    72.94	67208584	  0.67	软件服务	上海	2.69	17.47	17895	20574	  0.87	384	279	--  	          1.97	
300300	汉鼎宇佑	0.42	21.61	0.09	21.60	21.61	27188	219	-0.04	          1.05	21.57	21.73	21.25	21.52	   162.06	58412220	  0.57	软件服务	浙江	2.23	21.48	14464	12724	  1.14	149	36	--  	          2.58	
300312	邦讯技术	1.10	17.52	0.19	17.52	17.53	37529	507	0.63	          2.13	17.37	17.68	17.23	17.33	--  	65700668	  0.68	通信设备	北京	2.60	17.51	15707	21821	  0.72	106	102	--  	          1.76	
300332	天壕环境	0.66	9.12	0.06	9.12	9.13	101165	346	0.10	          1.60	9.04	9.20	9.00	9.06	    70.66	92002496	  1.22	环境保护	北京	2.21	9.09	48340	52824	  0.92	197	78	--  	          6.34	
300368	汇金股份	-0.97	18.44	-0.18	18.43	18.44	48260	479	0.05	          2.30	18.42	18.54	18.15	18.62	  1221.61	88656792	  0.89	专用机械	河北	2.09	18.37	25538	22722	  1.12	726	401	--  	          2.10	
300380	安硕信息	-0.61	34.48	-0.21	34.47	34.48	15263	328	0.02	          2.55	34.57	34.63	33.81	34.69	   531.05	52291532	  0.73	软件服务	上海	2.36	34.26	7870	7393	  1.06	101	1	--  	          0.60	
300418	昆仑万维	-0.17	23.06	-0.04	23.05	23.06	82693	1503	0.08	          1.86	23.14	23.33	22.68	23.10	    39.54	190556560	  0.67	互联网	北京	2.81	23.04	46543	36149	  1.29	186	143	--  	          4.44	
600082	海泰发展	1.09	8.34	0.09	8.33	8.34	92703	1	0.24	          1.47	8.21	8.37	8.13	8.25	--  	76673472	  0.71	园区开发	天津	2.91	8.27	43774	48929	  0.89	449	459	--  	          6.33	
600112	天成控股	0.28	10.84	0.03	10.83	10.84	125285	10	-0.09	          2.46	10.70	10.87	10.65	10.81	   754.37	135066144	  0.63	电气设备	贵州	2.04	10.78	67474	57811	  1.17	1450	652	--  	          5.09	
600146	商赢环球	0.00	35.73	0.00	--  	--  	0	0	0.00	          0.00	--  	--  	--  	35.73	--  	0	  0.00	塑料	宁夏	0.00	35.73	0	0	--  	0	0	--  	          2.00	
600177	雅戈尔	0.58	13.96	0.08	13.95	13.96	73358	87	-0.14	          0.33	13.85	13.99	13.84	13.88	     8.10	102240032	  1.10	服饰	浙江	1.08	13.94	34008	39350	  0.86	411	117	--  	         22.27	
600260	凯乐科技	3.28	20.48	0.65	20.48	20.49	206663	2	-0.38	          3.88	19.78	20.65	19.69	19.83	    90.72	419938912	  1.33	通信设备	湖北	4.84	20.32	94862	111801	  0.85	18	5	--  	          5.33	
600291	西水股份	0.31	16.37	0.05	16.37	16.38	53137	21	0.18	          0.54	16.27	16.38	16.16	16.32	   347.57	86521144	  0.76	保险	内蒙	1.35	16.28	27633	25504	  1.08	27	766	--  	          9.79	
600338	西藏珠峰	1.42	29.95	0.42	29.94	29.95	25780	6	0.06	          1.63	29.61	29.96	29.18	29.53	    30.08	76566368	  0.89	铅锌	西藏	2.64	29.70	9352	16427	  0.57	419	48	--  	          1.58	
600415	小商品城	-0.79	7.56	-0.06	7.55	7.56	182703	6	0.00	          0.34	7.62	7.63	7.40	7.62	    37.15	137443600	  1.14	商品城	浙江	3.02	7.52	78057	104645	  0.75	1478	296	--  	         54.43	
600446	金证股份	0.68	23.55	0.16	23.54	23.55	52149	2	0.12	          0.69	23.35	23.58	23.09	23.39	   151.80	121988952	  0.68	软件服务	深圳	2.09	23.39	23081	29067	  0.79	8	399	--  	          7.52	
600570	恒生电子	2.11	44.91	0.93	44.91	44.92	106479	8	0.15	          1.72	43.67	45.13	43.65	43.98	   101.33	475654592	  1.29	软件服务	浙江	3.37	44.67	46866	59612	  0.79	34	27	--  	          6.18	
600599	熊猫金控	0.41	29.45	0.12	29.44	29.45	52506	2	-0.06	          3.16	29.33	29.50	28.73	29.33	--  	152677024	  0.56	多元金融	湖南	2.63	29.08	26181	26324	  0.99	92	81	--  	          1.66	
601216	君正集团	1.92	5.30	0.10	5.30	5.31	1688323	1142	0.00	          2.00	5.18	5.35	5.10	5.20	    33.84	887112256	  1.20	化工原料	内蒙	4.81	5.25	707035	981287	  0.72	2908	4819	--  	         84.38	
601233	桐昆股份	-0.13	14.90	-0.02	14.90	14.91	120518	31	0.06	          1.25	14.81	14.95	14.53	14.92	    24.59	178241424	  0.93	化纤	浙江	2.82	14.79	51374	69144	  0.74	13	97	--  	          9.64	
601519	大智慧	-0.92	6.46	-0.06	6.46	6.47	133634	40	0.15	          0.67	6.49	6.49	6.34	6.52	--  	85669984	  1.41	软件服务	上海	2.30	6.41	61645	71989	  0.86	84	1116	--  	         19.88	
601678	滨化股份	3.47	7.16	0.24	7.14	7.15	186435	10	0.13	          1.57	6.92	7.17	6.87	6.92	    23.71	131714928	  1.62	化工原料	山东	4.34	7.06	57849	128586	  0.45	276	37	--  	         11.88	
数据来源:通达信
