代码	名称	涨幅%%	现价	涨跌	买价	卖价	总量	现量	涨速%%	换手%%	今开	最高	最低	昨收	市盈(动)	总金额	量比	细分行业	地区	振幅%%	均价	内盘	外盘	内外比	买量	卖量	未匹配量	流通股(亿)	
000401	冀东水泥	1.84	13.84	0.25	13.83	13.84	199943	2658	0.07	          1.48	13.59	13.87	13.40	13.59	--  	274311936	  1.18	水泥	河北	3.46	13.72	88017	111926	  0.79	94	4135	--  	         13.47	
000537	广宇发展	1.30	9.35	0.12	9.34	9.35	61992	1172	0.21	          1.21	9.20	9.36	9.20	9.23	    14.34	57698436	  0.82	区域地产	天津	1.73	9.31	26020	35971	  0.72	1185	657	--  	          5.13	
000638	万方发展	-0.35	14.35	-0.05	14.35	14.36	43238	509	0.00	          1.40	14.31	14.35	14.00	14.40	   397.63	61409332	  0.41	批发业	辽宁	2.43	14.20	24402	18835	  1.30	202	113	--  	          3.09	
000687	华讯方舟	0.41	16.99	0.07	16.98	16.99	110775	2692	0.23	          2.08	16.96	17.21	16.75	16.92	    79.47	187441888	  0.69	通信设备	河北	2.72	16.92	61312	49462	  1.24	140	1475	--  	          5.31	
000797	中国武夷	1.73	18.80	0.32	18.80	18.81	39903	456	0.00	          0.93	18.53	18.96	18.50	18.48	   552.51	74701808	  1.30	全国地产	福建	2.49	18.72	20135	19767	  1.02	3	133	--  	          4.28	
000848	承德露露	0.63	11.25	0.07	11.25	11.26	65021	713	0.00	          0.66	11.20	11.30	11.12	11.18	    22.68	73043752	  1.06	软饮料	河北	1.61	11.23	31807	33213	  0.96	797	4514	--  	          9.78	
000856	*ST冀装	1.20	15.17	0.18	15.16	15.17	21961	197	0.13	          0.97	14.90	15.24	14.86	14.99	    44.98	33121570	  0.85	机械基件	河北	2.54	15.08	10898	11062	  0.99	100	61	--  	          2.27	
000897	津滨发展	1.44	4.93	0.07	4.92	4.93	155311	2490	0.20	          0.96	4.82	4.95	4.80	4.86	   114.63	76195880	  0.78	区域地产	天津	3.09	4.91	68157	87154	  0.78	834	3783	--  	         16.17	
000923	河北宣工	-0.59	21.77	-0.13	21.77	21.78	51332	971	0.04	          2.59	21.90	22.03	21.26	21.90	--  	111110248	  0.64	工程机械	河北	3.52	21.65	26176	25156	  1.04	288	42	--  	          1.98	
000965	天保基建	0.72	7.02	0.05	7.01	7.02	68337	990	0.00	          0.68	6.97	7.04	6.90	6.97	    45.61	47641720	  0.65	区域地产	天津	2.01	6.97	35843	32494	  1.10	1619	278	--  	         10.09	
002108	沧州明珠	3.09	23.33	0.70	23.32	23.33	329137	2966	0.08	          5.36	22.50	23.59	22.31	22.63	    28.99	764659136	  1.74	塑料	河北	5.66	23.23	145387	183750	  0.79	274	8	--  	          6.14	
002146	荣盛发展	2.11	9.19	0.19	9.18	9.19	353195	2939	0.10	          0.91	8.98	9.28	8.81	9.00	    13.78	323110976	  2.11	全国地产	河北	5.22	9.15	158849	194346	  0.82	424	701	--  	         38.89	
002282	博深工具	--  	13.80	--  	--  	--  	0	0	--  	          0.00	--  	--  	--  	13.80	   252.38	0	  0.00	轻工机械	河北	0.00	13.80	0	0	--  	0	0	--  	          1.88	
002342	巨力索具	1.38	8.11	0.11	8.11	8.12	199781	2479	0.12	          2.31	8.01	8.16	7.88	8.00	   283.80	160534416	  0.72	机械基件	河北	3.50	8.04	107594	92187	  1.17	2150	2347	--  	          8.66	
002442	龙星化工	0.66	13.70	0.09	13.69	13.70	31043	214	-0.14	          0.97	13.65	13.76	13.43	13.61	   335.88	42491848	  1.77	化工原料	河北	2.42	13.69	13479	17563	  0.77	33	85	--  	          3.20	
002691	冀凯股份	1.22	24.10	0.29	24.10	24.11	19321	572	0.00	          0.97	23.91	24.16	23.81	23.81	   398.47	46450264	  0.54	专用机械	河北	1.47	24.04	8832	10489	  0.84	263	36	--  	          1.99	
300034	钢研高纳	3.53	22.00	0.75	22.00	22.01	77040	1186	-0.04	          1.84	21.20	22.06	21.08	21.25	   101.90	167713648	  1.60	小金属	北京	4.61	21.77	34043	42996	  0.79	255	928	--  	          4.18	
300107	建新股份	0.14	7.11	0.01	7.10	7.11	29602	177	0.14	          0.88	7.05	7.12	6.99	7.10	   173.45	20927844	  0.57	化工原料	河北	1.83	7.07	14842	14759	  1.01	178	233	--  	          3.37	
300137	先河环保	0.78	15.53	0.12	15.52	15.53	59526	1099	0.19	          2.01	15.39	15.57	15.21	15.41	    57.32	91872728	  0.76	环境保护	河北	2.34	15.43	34529	24996	  1.38	210	93	--  	          2.96	
300371	汇中股份	0.92	29.73	0.27	29.73	29.74	16964	378	0.10	          3.02	29.59	29.79	29.10	29.46	    90.17	50185160	  0.96	电器仪表	河北	2.34	29.58	6598	10366	  0.64	8	34	--  	          0.56	
600135	乐凯胶片	1.55	15.06	0.23	15.05	15.06	88829	36	0.00	          2.41	14.89	15.15	14.72	14.83	   101.71	133476176	  0.95	化工原料	河北	2.90	15.03	39769	49059	  0.81	359	574	--  	          3.68	
600149	廊坊发展	0.62	21.00	0.13	21.00	21.01	99081	12	0.04	          2.61	20.72	21.18	20.41	20.87	--  	205862992	  1.08	综合类	河北	3.69	20.78	45456	53625	  0.85	24	86	--  	          3.80	
600155	宝硕股份	0.22	13.58	0.03	13.58	13.59	36759	1	-0.07	          0.89	13.50	13.62	13.39	13.55	--  	49598280	  1.36	其他建材	河北	1.70	13.49	22567	14191	  1.59	168	205	--  	          4.13	
600158	中体产业	-1.04	19.89	-0.21	19.88	19.89	197019	30	0.25	          3.00	19.97	19.97	19.59	20.10	   614.81	390110176	  0.96	文教休闲	天津	1.89	19.80	110911	86108	  1.29	302	531	--  	          6.57	
600159	大龙地产	0.18	5.63	0.01	5.63	5.64	162124	416	-0.17	          1.95	5.60	5.68	5.57	5.62	    32.91	91141864	  1.25	区域地产	北京	1.96	5.62	86613	75510	  1.15	114	306	--  	          8.30	
600225	天津松江	0.00	6.64	0.00	--  	--  	0	0	0.00	          0.00	--  	--  	--  	6.64	--  	0	  0.00	区域地产	天津	0.00	6.64	0	0	--  	0	0	--  	          8.50	
600230	*ST沧大	-3.31	29.17	-1.00	29.13	29.15	86444	102	-0.47	          2.94	30.00	30.12	28.79	30.17	    23.13	252680672	  0.88	农药化肥	河北	4.41	29.23	49733	36711	  1.35	8	472	--  	          2.94	
600240	华业资本	0.62	11.36	0.07	11.35	11.36	75736	3	-0.08	          0.53	11.26	11.42	11.20	11.29	    14.00	85811320	  0.71	全国地产	北京	1.95	11.33	41998	33737	  1.24	89	170	--  	         14.24	
600246	万通地产	0.34	5.84	0.02	5.83	5.84	34970	8	0.51	          0.29	5.83	5.84	5.74	5.82	    42.38	20260744	  0.96	区域地产	北京	1.72	5.79	16675	18294	  0.91	161	550	--  	         12.17	
600266	北京城建	2.41	14.42	0.34	14.41	14.42	296695	47	0.13	          1.96	14.01	14.44	13.94	14.08	    24.75	423540672	  2.18	区域地产	北京	3.55	14.28	121367	175327	  0.69	1732	1106	--  	         15.17	
600322	天房发展	0.47	6.36	0.03	6.35	6.36	51251	20	0.31	          0.46	6.34	6.42	6.29	6.33	--  	32517286	  0.67	区域地产	天津	2.05	6.34	28638	22612	  1.27	122	400	--  	         11.06	
600340	华夏幸福	1.49	27.33	0.40	27.33	27.34	354624	697	0.07	          1.20	26.77	27.87	26.65	26.93	    13.16	974895232	  2.01	区域地产	河北	4.53	27.49	169817	184806	  0.92	5	109	--  	         29.55	
600376	首开股份	3.29	12.87	0.41	12.87	12.88	286036	2	0.23	          1.28	12.42	13.00	12.33	12.46	    20.66	365095328	  2.64	区域地产	北京	5.38	12.76	117521	168515	  0.70	136	1302	--  	         22.42	
600463	空港股份	0.90	15.69	0.14	15.67	15.68	62316	2	0.06	          2.08	15.59	15.93	15.38	15.55	   167.22	97935816	  1.03	园区开发	北京	3.54	15.72	31977	30338	  1.05	122	22	--  	          3.00	
600480	凌云股份	1.21	17.50	0.21	17.49	17.50	63633	7	0.05	          1.76	17.29	17.53	17.29	17.29	    31.55	110963728	  0.48	汽车配件	河北	1.39	17.44	32334	31298	  1.03	79	79	--  	          3.62	
600482	中国动力	0.18	32.67	0.06	32.69	32.70	59070	1	-0.03	          1.11	32.87	33.18	32.63	32.61	    52.94	194370208	  1.38	电气设备	河北	1.69	32.90	28811	30259	  0.95	61	243	--  	          5.31	
600657	信达地产	0.00	5.88	0.00	--  	--  	0	0	0.00	          0.00	--  	--  	--  	5.88	    39.02	0	  0.00	全国地产	北京	0.00	5.88	0	0	--  	0	0	--  	         15.24	
600717	天津港	2.39	11.14	0.26	11.13	11.14	195856	65	0.08	          1.17	10.95	11.30	10.94	10.88	    13.98	218425312	  2.84	港口	天津	3.31	11.15	83180	112676	  0.74	6	583	--  	         16.75	
600722	金牛化工	-2.34	10.85	-0.26	10.85	10.86	268515	142	0.18	          3.95	11.01	11.03	10.63	11.11	   352.04	289542368	  0.95	化工原料	河北	3.60	10.78	138182	130332	  1.06	526	190	--  	          6.80	
600743	华远地产	1.10	4.61	0.05	4.61	4.62	92418	9	0.00	          0.39	4.56	4.63	4.54	4.56	    23.15	42464024	  1.28	区域地产	北京	1.97	4.59	30033	62384	  0.48	539	2509	--  	         23.46	
600751	天海投资	-1.32	8.22	-0.11	8.22	8.23	153476	1	-0.12	          0.78	8.12	8.30	8.05	8.33	    83.14	125945184	  1.04	水运	天津	3.00	8.21	88205	65271	  1.35	468	128	--  	         19.71	
600787	中储股份	0.44	9.20	0.04	9.18	9.19	138902	333	0.10	          0.75	9.17	9.21	9.05	9.16	    35.26	127162176	  0.83	仓储物流	天津	1.75	9.15	71819	67083	  1.07	405	168	--  	         18.60	
601000	唐山港	1.77	4.59	0.08	4.59	4.60	374244	30	0.00	          0.93	4.49	4.60	4.47	4.51	    16.33	170391104	  1.41	港口	河北	2.88	4.55	154986	219257	  0.71	454	31395	--  	         40.16	
601633	长城汽车	2.12	12.98	0.27	12.97	12.98	258599	70	0.23	          0.43	12.70	13.16	12.66	12.71	    12.33	335765472	  1.64	汽车整车	河北	3.93	12.98	123882	134716	  0.92	382	355	--  	         60.28	
601992	金隅股份	1.49	4.76	0.07	4.76	4.77	852472	66	-0.20	          1.19	4.68	4.80	4.64	4.69	    16.79	404184448	  1.81	水泥	北京	3.41	4.74	377073	475398	  0.79	2092	11017	--  	         71.43	
数据来源:通达信
