代码	名称	涨幅%%	现价	涨跌	买价	卖价	总量	现量	涨速%%	换手%%	今开	最高	最低	昨收	市盈(动)	总金额	量比	细分行业	地区	振幅%%	均价	内盘	外盘	内外比	买量	卖量	未匹配量	流通股(亿)	
000547	航天发展	0.91	15.57	0.14	15.57	15.58	93983	1348	0.06	          1.04	15.43	15.62	15.37	15.43	   112.43	145818736	  0.55	通信设备	福建	1.62	15.52	45349	48634	  0.93	268	760	--  	          9.01	
000555	神州信息	1.15	22.94	0.26	22.93	22.94	92818	2076	0.08	          1.05	22.69	22.98	22.33	22.68	   134.40	210790160	  1.19	软件服务	深圳	2.87	22.71	48488	44329	  1.09	257	317	--  	          8.86	
000793	华闻传媒	1.12	10.85	0.12	10.84	10.85	346282	3135	-0.18	          1.89	10.76	10.99	10.63	10.73	    23.62	373629216	  1.99	出版业	海南	3.36	10.79	181876	164406	  1.11	3778	4489	--  	         18.27	
000977	浪潮信息	0.58	20.94	0.12	20.94	20.95	59519	897	-0.04	          0.60	20.80	21.03	20.71	20.82	    44.94	124271208	  0.69	电脑设备	山东	1.54	20.88	26377	33142	  0.80	462	556	--  	          9.95	
002065	东华软件	-0.05	21.67	-0.01	21.67	21.68	83964	730	0.09	          0.61	21.82	21.83	21.45	21.68	    40.38	181702464	  1.01	软件服务	北京	1.75	21.64	44437	39526	  1.12	1475	464	--  	         13.68	
002212	南洋股份	0.00	17.70	0.00	17.69	17.70	35702	788	0.05	          1.19	17.75	17.88	17.55	17.70	   224.81	63269836	  1.00	电气设备	广东	1.86	17.72	16543	19158	  0.86	93	954	--  	          3.01	
002268	卫 士 通	2.10	32.62	0.67	32.62	32.63	49803	523	-0.09	          1.45	31.98	32.82	31.65	31.95	  2091.57	161263712	  1.37	软件服务	四川	3.66	32.38	23896	25906	  0.92	155	23	--  	          3.45	
002298	中电鑫龙	-0.07	13.41	-0.01	13.41	13.42	54236	1282	0.07	          1.38	13.40	13.45	13.24	13.42	    68.41	72527448	  1.07	软件服务	安徽	1.56	13.37	32056	22179	  1.45	105	252	--  	          3.92	
002383	合众思壮	--  	49.60	--  	--  	--  	0	0	--  	          0.00	--  	--  	--  	49.60	   799.04	0	  0.00	通信设备	北京	0.00	49.60	0	0	--  	0	0	--  	          1.29	
002439	启明星辰	1.15	21.97	0.25	21.97	21.98	63320	1133	0.13	          1.13	21.64	21.98	21.49	21.72	   313.49	138058320	  0.82	软件服务	北京	2.26	21.80	31771	31548	  1.01	3	274	--  	          5.59	
002474	榕基软件	1.14	13.36	0.15	13.35	13.36	69001	1868	0.14	          1.57	13.20	13.36	13.02	13.21	   306.12	91332344	  0.61	软件服务	福建	2.57	13.24	30541	38460	  0.79	650	1059	--  	          4.41	
002491	通鼎互联	1.45	16.13	0.23	16.13	16.14	80985	1554	0.06	          0.73	15.88	16.19	15.75	15.90	    36.73	129435832	  1.07	通信设备	江苏	2.77	15.98	33468	47516	  0.70	39	344	--  	         11.16	
300010	立思辰	-0.24	16.38	-0.04	16.37	16.38	96452	1004	0.12	          2.23	16.38	16.44	16.18	16.42	   186.07	157340800	  1.12	软件服务	北京	1.58	16.31	57426	39025	  1.47	239	82	--  	          4.32	
300017	网宿科技	2.04	53.60	1.07	53.60	53.61	129555	1274	0.03	          2.56	52.70	54.20	52.02	52.53	    34.81	689855040	  0.83	电信运营	上海	4.15	53.25	57422	72132	  0.80	564	35	--  	          5.06	
300038	梅泰诺	-0.31	45.22	-0.14	45.21	45.22	55737	792	-0.08	          4.03	45.10	46.29	45.03	45.36	    91.92	253987728	  1.65	通信设备	北京	2.78	45.57	29181	26556	  1.10	170	99	--  	          1.38	
300077	国民技术	0.63	16.08	0.10	16.07	16.08	138202	2336	0.00	          2.57	15.90	16.11	15.69	15.98	   144.57	220199840	  0.79	半导体	深圳	2.63	15.93	65272	72929	  0.90	212	14	--  	          5.38	
300188	美亚柏科	1.62	20.68	0.33	20.68	20.69	64539	1870	0.14	          2.18	20.25	20.68	19.81	20.35	   167.26	131014224	  0.99	软件服务	福建	4.28	20.30	27167	37371	  0.73	19	683	--  	          2.96	
300229	拓尔思	1.40	17.37	0.24	17.36	17.37	40651	939	0.17	          0.95	17.12	17.37	16.87	17.13	   143.27	69698008	  0.53	软件服务	北京	2.92	17.15	17683	22967	  0.77	511	363	--  	          4.28	
300297	蓝盾股份	-0.23	13.03	-0.03	13.03	13.04	71508	1535	0.07	          1.11	12.98	13.06	12.80	13.06	    80.53	92725608	  0.94	软件服务	广东	1.99	12.97	38031	33477	  1.14	49	284	--  	          6.46	
300302	同有科技	1.55	23.53	0.36	23.52	23.53	56001	3085	0.25	          2.27	22.95	23.56	22.90	23.17	   113.05	130672816	  0.50	软件服务	北京	2.85	23.33	29552	26448	  1.12	271	90	--  	          2.46	
300306	远方光电	1.05	23.00	0.24	23.00	23.02	33591	1368	-0.69	          2.85	22.75	23.38	22.28	22.76	    81.68	75969512	  1.50	电器仪表	浙江	4.83	22.62	20685	12905	  1.60	227	69	--  	          1.18	
300311	任子行	-0.23	17.56	-0.04	17.56	17.57	71209	2037	0.57	          3.23	17.57	17.57	17.08	17.60	    84.16	123388648	  0.76	软件服务	广东	2.78	17.33	36970	34239	  1.08	258	61	--  	          2.20	
300324	旋极信息	0.93	21.60	0.20	21.60	21.61	54285	391	0.00	          0.94	21.42	22.00	21.36	21.40	    92.75	118002864	  0.83	软件服务	北京	2.99	21.74	28003	26282	  1.07	159	5	--  	          5.79	
300333	兆日科技	-0.32	15.53	-0.05	15.52	15.53	44184	1025	0.12	          1.34	15.54	15.54	15.20	15.58	   179.97	67915720	  0.91	元器件	深圳	2.18	15.37	20779	23405	  0.89	192	233	--  	          3.31	
300352	北信源	-0.55	18.22	-0.10	18.22	18.23	101231	1430	0.10	          2.68	18.25	18.40	17.92	18.32	   353.83	184150480	  0.68	软件服务	北京	2.62	18.19	44712	56519	  0.79	497	145	--  	          3.78	
300369	绿盟科技	2.00	30.13	0.59	30.12	30.13	52128	960	-0.09	          2.06	29.42	30.30	29.26	29.54	   580.24	155732096	  0.88	软件服务	北京	3.52	29.88	23993	28134	  0.85	31	63	--  	          2.53	
300379	东方通	0.60	70.40	0.42	70.40	70.41	68402	893	0.14	          8.11	69.98	70.83	69.51	69.98	   162.27	479251808	  1.07	软件服务	北京	1.89	70.06	33342	35060	  0.95	322	26	--  	          0.84	
300386	飞天诚信	1.08	23.49	0.25	23.49	23.50	45157	963	0.08	          2.66	23.18	23.53	22.86	23.24	    82.11	104717048	  0.57	软件服务	北京	2.88	23.19	20511	24646	  0.83	107	291	--  	          1.70	
300579	数字认证	1.77	68.40	1.19	68.40	68.41	36851	620	0.19	         18.43	66.70	69.00	65.30	67.21	   227.67	247340432	  0.80	软件服务	北京	5.51	67.12	18422	18428	  1.00	54	16	--  	          0.20	
300588	熙菱信息	6.04	45.99	2.62	45.98	45.99	50157	1450	-0.32	         20.06	43.47	46.28	42.98	43.37	   180.32	223749072	  1.17	软件服务	新疆	7.61	44.61	20445	29711	  0.69	29	287	--  	          0.25	
600070	浙江富润	1.61	13.88	0.22	13.88	13.89	29723	6	0.14	          0.83	13.69	13.93	13.62	13.66	   927.91	40912676	  1.11	纺织	浙江	2.27	13.76	13612	16110	  0.84	46	194	--  	          3.57	
600100	同方股份	0.22	13.94	0.03	13.94	13.95	251383	131	0.28	          1.14	13.89	13.98	13.81	13.91	     6.08	349681408	  0.75	电脑设备	北京	1.22	13.91	137961	113422	  1.22	546	901	--  	         21.98	
600271	航天信息	0.00	20.60	0.00	--  	--  	0	0	0.00	          0.00	--  	--  	--  	20.60	    30.49	0	  0.00	电脑设备	北京	0.00	20.60	0	0	--  	0	0	--  	         18.47	
600485	信威集团	0.00	14.60	0.00	--  	--  	0	0	0.00	          0.00	--  	--  	--  	14.60	    22.52	0	  0.00	通信设备	北京	0.00	14.60	0	0	--  	0	0	--  	         16.31	
600498	烽火通信	1.46	26.46	0.38	26.46	26.47	97151	10	0.03	          0.98	25.91	26.62	25.76	26.08	    39.10	255514592	  0.85	通信设备	湖北	3.30	26.30	41641	55509	  0.75	32	48	--  	          9.96	
600701	工大高新	-0.89	16.64	-0.15	16.65	16.66	395277	66	-0.06	          7.92	16.70	17.38	16.56	16.79	   224.84	669358976	  1.27	综合类	黑龙江	4.88	16.93	207076	188200	  1.10	204	16	--  	          4.99	
603019	中科曙光	1.59	27.44	0.43	27.45	27.46	98298	77	0.25	          2.74	26.64	27.69	26.63	27.01	   177.49	268271408	  0.86	电脑设备	天津	3.92	27.29	50665	47633	  1.06	14	183	--  	          3.59	
603636	南威软件	-0.11	93.66	-0.10	93.54	93.67	6932	8	0.07	          1.63	93.74	93.98	92.00	93.76	   185.06	64690256	  0.60	软件服务	福建	2.11	93.32	3124	3807	  0.82	3	17	--  	          0.43	
数据来源:通达信
