代码	名称	涨幅%%	现价	涨跌	买价	卖价	总量	现量	涨速%%	换手%%	今开	最高	最低	昨收	市盈(动)	总金额	量比	细分行业	地区	振幅%%	均价	内盘	外盘	内外比	买量	卖量	未匹配量	流通股(亿)	
000005	世纪星源	-0.15	6.63	-0.01	6.63	6.64	151310	741	0.00	          1.59	6.62	6.69	6.51	6.64	    39.35	99983144	  0.90	房产服务	深圳	2.71	6.61	61199	90110	  0.68	1030	2727	--  	          9.51	
000400	许继电气	0.97	17.65	0.17	17.65	17.66	33942	503	0.05	          0.46	17.42	17.69	17.42	17.48	    54.56	59623092	  0.89	电气设备	河南	1.54	17.57	12016	21926	  0.55	66	246	--  	          7.37	
000601	韶能股份	0.00	8.44	0.00	8.43	8.44	96015	1974	0.00	          0.89	8.43	8.45	8.33	8.44	    14.92	80518920	  0.75	水力发电	广东	1.42	8.39	59224	36790	  1.61	126	570	--  	         10.80	
000682	东方电子	--  	5.20	--  	--  	--  	0	0	--  	          0.00	--  	--  	--  	5.20	   130.36	0	  0.00	电气设备	山东	0.00	5.20	0	0	--  	0	0	--  	          9.78	
000887	中鼎股份	-1.52	24.65	-0.38	24.64	24.65	148778	2590	0.08	          1.34	25.01	25.01	24.51	25.03	    28.57	367271296	  1.28	橡胶	安徽	2.00	24.69	95377	53401	  1.79	244	216	--  	         11.14	
002028	思源电气	5.08	16.35	0.79	16.35	16.36	125669	3467	0.06	          2.17	15.71	16.36	15.45	15.56	    39.15	201148784	  1.11	电气设备	上海	5.85	16.01	50736	74932	  0.68	3	346	--  	          5.79	
002062	宏润建设	-0.15	6.59	-0.01	6.59	6.60	93444	803	-0.15	          0.99	6.60	6.68	6.55	6.60	    34.25	61686560	  1.04	建筑施工	浙江	1.97	6.60	47646	45797	  1.04	1007	775	--  	          9.42	
002074	国轩高科	2.13	34.04	0.71	34.04	34.05	190563	1230	0.02	          4.04	33.26	34.48	32.90	33.33	    30.38	648235008	  1.42	电气设备	江苏	4.74	34.02	99541	91022	  1.09	902	342	--  	          4.72	
002076	雪 莱 特	4.14	13.85	0.55	13.84	13.85	75281	4010	0.50	          3.55	13.40	13.85	13.23	13.30	   103.76	102690536	  1.90	家用电器	广东	4.66	13.64	27074	48206	  0.56	693	1225	--  	          2.12	
002121	科陆电子	-0.33	9.15	-0.03	9.14	9.15	48467	1115	0.00	          0.69	9.20	9.20	9.07	9.18	   117.01	44213000	  0.78	电器仪表	深圳	1.42	9.12	30582	17884	  1.71	859	177	--  	          7.01	
002123	梦网荣信	0.74	15.01	0.11	15.00	15.01	46551	430	0.06	          0.76	14.90	15.02	14.79	14.90	    57.54	69485040	  0.67	互联网	辽宁	1.54	14.93	22563	23988	  0.94	440	115	--  	          6.11	
002190	成飞集成	1.01	33.90	0.34	33.89	33.90	42743	821	0.08	          1.24	33.53	33.94	33.10	33.56	    97.97	143476176	  0.94	汽车配件	四川	2.50	33.57	19273	23469	  0.82	141	587	--  	          3.45	
002212	南洋股份	0.00	17.70	0.00	17.69	17.70	35702	788	0.05	          1.19	17.75	17.88	17.55	17.70	   224.81	63269836	  1.00	电气设备	广东	1.86	17.72	16543	19158	  0.86	93	954	--  	          3.01	
002227	奥 特 迅	-0.23	25.60	-0.06	25.59	25.60	20518	312	0.03	          0.93	25.60	25.76	25.30	25.66	--  	52411248	  0.86	电气设备	深圳	1.79	25.54	11225	9293	  1.21	363	467	--  	          2.20	
002276	万马股份	0.40	15.00	0.06	15.00	15.01	82115	2814	0.06	          0.89	14.90	15.01	14.71	14.94	    80.64	122196680	  0.68	电气设备	浙江	2.01	14.88	40824	41291	  0.99	1212	381	--  	          9.26	
002298	中电鑫龙	-0.07	13.41	-0.01	13.41	13.42	54236	1282	0.07	          1.38	13.40	13.45	13.24	13.42	    68.41	72527448	  1.07	软件服务	安徽	1.56	13.37	32056	22179	  1.45	105	252	--  	          3.92	
002334	英威腾	1.07	8.47	0.09	8.46	8.47	81554	1366	0.11	          1.52	8.35	8.47	8.28	8.38	    81.19	68322976	  0.60	电气设备	深圳	2.27	8.38	43854	37699	  1.16	1153	2005	--  	          5.38	
002335	科华恒盛	--  	42.90	--  	--  	--  	0	0	--  	          0.00	--  	--  	--  	42.90	    87.58	0	  0.00	电气设备	福建	0.00	42.90	0	0	--  	0	0	--  	          1.86	
002357	富临运业	2.09	13.70	0.28	13.69	13.70	34738	255	0.00	          1.11	13.46	13.71	13.38	13.42	    28.94	47281556	  1.10	公路	四川	2.46	13.61	9325	25412	  0.37	32	205	--  	          3.13	
002358	森源电气	2.07	21.21	0.43	21.20	21.21	71084	792	0.00	          1.03	20.68	21.37	20.63	20.78	    50.03	149745264	  0.61	电气设备	河南	3.56	21.07	31300	39784	  0.79	356	1132	--  	          6.92	
002363	隆基机械	0.25	12.10	0.03	12.09	12.10	38497	730	0.08	          1.00	12.02	12.19	12.01	12.07	    77.62	46529648	  0.93	汽车配件	山东	1.49	12.09	19267	19230	  1.00	186	565	--  	          3.86	
002364	中恒电气	0.05	19.00	0.01	18.99	19.00	26237	937	0.15	          0.61	19.00	19.05	18.68	18.99	    60.89	49531540	  0.67	电气设备	浙江	1.95	18.88	14542	11695	  1.24	230	29	--  	          4.27	
002518	科士达	0.10	20.90	0.02	20.88	20.90	48613	490	-0.19	          1.14	20.88	20.98	20.60	20.88	    37.73	101084056	  1.38	电器仪表	深圳	1.82	20.79	25758	22854	  1.13	65	46	--  	          4.25	
002519	银河电子	2.17	20.67	0.44	20.67	20.68	51132	766	0.00	          1.15	20.22	20.73	20.07	20.23	    45.30	103934152	  1.89	通信设备	江苏	3.26	20.33	24081	27051	  0.89	190	78	--  	          4.44	
002533	金杯电工	0.39	10.24	0.04	10.23	10.24	47207	471	0.09	          0.93	10.18	10.24	10.12	10.20	    32.87	48153380	  0.54	电气设备	湖南	1.18	10.20	25144	22063	  1.14	384	366	--  	          5.07	
002632	道明光学	0.36	11.12	0.04	11.12	11.13	43032	659	0.00	          0.78	11.06	11.16	10.96	11.08	   135.08	47709068	  0.50	化工原料	浙江	1.81	11.09	22391	20640	  1.08	140	243	--  	          5.53	
002660	茂硕电源	0.54	13.09	0.07	13.09	13.10	57516	772	0.15	          3.00	12.99	13.22	12.82	13.02	   204.58	74939192	  0.77	电气设备	深圳	3.07	13.03	27075	30440	  0.89	11	651	--  	          1.92	
002706	良信电器	-0.52	26.60	-0.14	26.60	26.65	9150	67	0.11	          0.40	26.43	26.78	26.37	26.74	    39.27	24316566	  0.95	电气设备	上海	1.53	26.57	5666	3484	  1.63	107	11	--  	          2.28	
300001	特锐德	0.06	17.81	0.01	17.81	17.82	43832	498	0.11	          0.52	17.62	17.97	17.59	17.80	   105.28	77950672	  0.54	电气设备	山东	2.13	17.78	24539	19293	  1.27	20	106	--  	          8.46	
300040	九洲电气	1.06	12.38	0.13	12.38	12.39	62000	559	-0.08	          2.75	12.16	12.47	12.13	12.25	    77.55	76599336	  0.68	电气设备	黑龙江	2.78	12.35	31560	30440	  1.04	81	368	--  	          2.25	
300048	合康新能	0.24	8.35	0.02	8.34	8.35	80301	1715	0.00	          1.16	8.31	8.37	8.25	8.33	    34.18	66854492	  0.84	电气设备	北京	1.44	8.33	43230	37071	  1.17	310	88	--  	          6.91	
300062	中能电气	-0.28	31.69	-0.09	31.68	31.69	17721	162	0.03	          2.14	31.70	31.89	31.34	31.78	    62.90	55848200	  0.74	电气设备	福建	1.73	31.51	9135	8586	  1.06	14	64	--  	          0.83	
300111	向日葵	0.19	5.14	0.01	5.13	5.14	86615	2150	0.00	          0.78	5.12	5.15	5.08	5.13	   187.83	44325860	  1.03	半导体	浙江	1.36	5.12	46078	40537	  1.14	2825	4770	--  	         11.16	
300141	和顺电气	0.63	24.06	0.15	24.05	24.06	22394	295	0.08	          2.06	23.90	24.17	23.39	23.91	   198.11	53194944	  0.67	电气设备	江苏	3.26	23.75	11587	10807	  1.07	25	23	--  	          1.09	
300209	天泽信息	--  	27.82	--  	--  	--  	0	0	--  	          0.00	--  	--  	--  	27.82	   115.15	0	  0.00	软件服务	江苏	0.00	27.82	0	0	--  	0	0	--  	          2.11	
300222	科大智能	1.83	26.17	0.47	26.17	26.18	578035	10321	0.26	         20.64	25.98	27.88	25.78	25.70	    84.87	1542609408	  1.07	电气设备	上海	8.17	26.69	270267	307768	  0.88	944	463	--  	          2.80	
300274	阳光电源	0.48	10.51	0.05	10.50	10.51	78249	1394	0.09	          0.93	10.43	10.54	10.33	10.46	    37.54	81884848	  0.84	电气设备	安徽	2.01	10.46	43880	34368	  1.28	1025	460	--  	          8.42	
300376	易事特	-0.17	53.91	-0.09	53.90	53.91	167267	2550	0.01	          9.71	53.80	54.25	52.50	54.00	    65.83	893307200	  0.70	电气设备	广东	3.24	53.41	85818	81449	  1.05	808	220	--  	          1.72	
300420	五洋科技	--  	24.98	--  	--  	--  	0	0	--  	          0.00	--  	--  	--  	24.98	    83.38	0	  0.00	机械基件	江苏	0.00	24.98	0	0	--  	0	0	--  	          0.92	
300491	通合科技	2.44	72.99	1.74	72.99	73.00	20810	362	0.12	          7.37	71.04	73.20	70.00	71.25	   163.49	150036096	  0.97	电气设备	河北	4.49	72.10	9255	11555	  0.80	78	178	--  	          0.28	
300499	高澜股份	0.16	37.82	0.06	37.82	37.83	13393	399	0.10	          2.00	37.46	37.85	36.66	37.76	   147.68	50093484	  0.44	专用机械	广东	3.15	37.40	6589	6803	  0.97	3	2	--  	          0.67	
300510	金冠电气	--  	34.91	--  	--  	--  	0	0	--  	          0.00	--  	--  	--  	34.91	   107.67	0	  0.00	电气设备	吉林	0.00	34.91	0	0	--  	0	0	--  	          0.44	
600268	国电南自	-0.24	8.22	-0.02	8.22	8.23	107010	10	0.00	          1.68	8.24	8.29	8.11	8.24	--  	87615936	  1.42	电气设备	江苏	2.18	8.19	63180	43830	  1.44	112	365	--  	          6.35	
600289	亿阳信通	1.45	13.32	0.19	13.32	13.33	91263	5	0.00	          1.61	13.13	13.40	13.04	13.13	   318.08	121288144	  1.55	软件服务	黑龙江	2.74	13.29	42738	48524	  0.88	100	894	--  	          5.66	
600405	动力源	0.72	11.23	0.08	11.22	11.23	34922	5	0.17	          0.81	11.16	11.25	11.10	11.15	   159.65	39044980	  0.57	电气设备	北京	1.35	11.18	14054	20867	  0.67	84	497	--  	          4.29	
600406	国电南瑞	0.00	16.63	0.00	--  	--  	0	0	0.00	          0.00	--  	--  	--  	16.63	    39.46	0	  0.00	软件服务	江苏	0.00	16.63	0	0	--  	0	0	--  	         22.06	
600525	长园集团	3.98	16.20	0.62	16.20	16.21	226837	238	0.18	          2.04	15.56	16.55	15.40	15.58	    35.32	368084128	  1.82	电气设备	深圳	7.38	16.23	98016	128820	  0.76	2	96	--  	         11.12	
600680	上海普天	-0.23	30.16	-0.07	30.16	30.17	27951	2	0.36	          1.09	30.00	30.20	29.61	30.23	--  	83668112	  0.71	通信设备	上海	1.95	29.93	13979	13972	  1.00	44	7	--  	          2.57	
数据来源:通达信
