代码	名称	涨幅%%	现价	涨跌	买价	卖价	总量	现量	涨速%%	换手%%	今开	最高	最低	昨收	市盈(动)	总金额	量比	细分行业	地区	振幅%%	均价	内盘	外盘	内外比	买量	卖量	未匹配量	流通股(亿)	
000026	飞亚达Ａ	1.19	14.46	0.17	14.45	14.46	84189	713	0.06	          2.36	14.25	14.52	14.14	14.29	    57.33	121192872	  0.84	其他商业	深圳	2.66	14.40	37726	46462	  0.81	414	765	--  	          3.57	
000050	深天马Ａ	--  	18.82	--  	--  	--  	0	0	--  	          0.00	--  	--  	--  	18.82	    46.33	0	  0.00	元器件	深圳	0.00	18.82	0	0	--  	0	0	--  	         12.12	
000059	华锦股份	-0.08	12.36	-0.01	12.36	12.37	345059	4097	0.24	          2.46	12.24	12.42	12.07	12.37	    12.63	423133696	  0.64	石油加工	辽宁	2.83	12.26	167379	177679	  0.94	189	1547	--  	         14.00	
000065	北方国际	1.67	31.03	0.51	31.03	31.04	28485	451	0.03	          0.71	30.52	31.15	30.05	30.52	    74.91	87849824	  0.82	建筑施工	北京	3.60	30.84	13633	14851	  0.92	34	92	--  	          4.01	
000070	特发信息	1.79	26.14	0.46	26.14	26.15	31899	497	0.00	          1.18	25.60	26.18	25.55	25.68	    49.38	82758176	  0.96	通信设备	深圳	2.45	25.94	14597	17302	  0.84	41	279	--  	          2.71	
000099	中信海直	-0.16	12.64	-0.02	12.64	12.65	80907	2046	0.31	          1.33	12.58	12.65	12.34	12.66	    75.75	101210064	  0.79	空运	深圳	2.45	12.51	40417	40489	  1.00	566	249	--  	          6.06	
000425	徐工机械	2.29	4.02	0.09	4.01	4.02	1092317	28084	0.24	          1.56	3.93	4.05	3.90	3.93	   127.77	436577120	  1.42	工程机械	江苏	3.82	4.00	416425	675892	  0.62	3276	17003	--  	         69.94	
000519	中兵红箭	1.28	16.68	0.21	16.68	16.69	214670	4016	0.12	          3.68	16.53	16.80	16.53	16.47	   377.56	358348640	  0.62	矿物制品	湖南	1.64	16.69	107399	107270	  1.00	695	1170	--  	          5.83	
000547	航天发展	0.91	15.57	0.14	15.57	15.58	93983	1348	0.06	          1.04	15.43	15.62	15.37	15.43	   112.43	145818736	  0.55	通信设备	福建	1.62	15.52	45349	48634	  0.93	268	760	--  	          9.01	
000561	烽火电子	1.43	14.93	0.21	14.93	14.94	86746	1186	0.00	          1.46	14.82	15.00	14.68	14.72	    94.66	129199328	  0.73	通信设备	陕西	2.17	14.89	41483	45262	  0.92	362	339	--  	          5.94	
000595	宝塔实业	0.68	10.34	0.07	10.34	10.35	730315	13545	0.00	         14.75	10.05	10.52	9.93	10.27	--  	751340736	  0.76	机械基件	宁夏	5.74	10.29	371549	358766	  1.04	5377	7692	--  	          4.95	
000625	长安汽车	0.84	15.62	0.13	15.62	15.63	332306	1602	-0.06	          0.88	15.46	15.65	15.37	15.49	     7.27	516725120	  0.77	汽车整车	重庆	1.81	15.55	154897	177409	  0.87	933	2360	--  	         37.61	
000687	华讯方舟	0.41	16.99	0.07	16.98	16.99	110775	2692	0.23	          2.08	16.96	17.21	16.75	16.92	    79.47	187441888	  0.69	通信设备	河北	2.72	16.92	61312	49462	  1.24	140	1475	--  	          5.31	
000733	振华科技	--  	18.82	--  	--  	--  	0	0	--  	          0.00	--  	--  	--  	18.82	    40.60	0	  0.00	元器件	贵州	0.00	18.82	0	0	--  	0	0	--  	          4.29	
000738	中航动控	1.00	25.15	0.25	25.15	25.16	83798	1056	0.03	          0.73	24.94	25.20	24.93	24.90	   136.01	209874976	  1.22	航空	江苏	1.08	25.05	30406	53392	  0.57	501	222	--  	         11.46	
000760	斯太尔	1.18	10.26	0.12	10.26	10.27	115293	1583	-0.29	          1.76	10.08	10.68	9.91	10.14	--  	118704840	  1.37	汽车配件	湖北	7.59	10.30	50721	64572	  0.79	53	403	--  	          6.54	
000768	中航飞机	0.75	24.05	0.18	24.05	24.06	187237	2281	-0.04	          0.68	23.84	24.07	23.80	23.87	   422.98	448327232	  0.56	航空	陕西	1.13	23.94	94155	93081	  1.01	416	974	--  	         27.69	
000777	中核科技	0.23	21.83	0.05	21.83	21.84	55444	491	0.00	          1.45	21.78	21.85	21.43	21.78	   133.00	120138016	  0.88	机械基件	江苏	1.93	21.67	26956	28487	  0.95	35	158	--  	          3.83	
000801	四川九洲	1.53	11.98	0.18	11.98	11.99	94746	903	-0.08	          0.93	11.87	12.08	11.80	11.80	   131.28	113355480	  0.89	通信设备	四川	2.37	11.96	49483	45263	  1.09	648	184	--  	         10.23	
000806	银河生物	-0.08	12.25	-0.01	12.24	12.25	195534	32716	0.40	          2.80	12.19	12.25	12.13	12.26	  2876.42	238400464	  1.18	生物制药	广西	0.98	12.19	98629	96904	  1.02	1354	2930	--  	          6.98	
000901	航天科技	1.03	36.34	0.37	36.33	36.34	33034	801	0.08	          1.02	36.01	36.39	35.82	35.97	   399.85	119620544	  0.56	航空	黑龙江	1.58	36.21	15431	17603	  0.88	597	146	--  	          3.24	
000977	浪潮信息	0.58	20.94	0.12	20.94	20.95	59519	897	-0.04	          0.60	20.80	21.03	20.71	20.82	    44.94	124271208	  0.69	电脑设备	山东	1.54	20.88	26377	33142	  0.80	462	556	--  	          9.95	
002013	中航机电	1.96	17.72	0.34	17.71	17.72	220396	1515	0.00	          1.58	17.44	17.83	17.44	17.38	    88.81	390419424	  1.82	航空	湖北	2.24	17.71	117399	102997	  1.14	1358	774	--  	         13.97	
002023	海特高新	1.34	14.35	0.19	14.34	14.35	79211	682	0.27	          1.20	14.21	14.42	14.09	14.16	   187.09	113034016	  0.70	航空	四川	2.33	14.27	37032	42179	  0.88	106	337	--  	          6.59	
002025	航天电器	--  	25.20	--  	--  	--  	0	0	--  	          0.00	--  	--  	--  	25.20	    40.64	0	  0.00	元器件	贵州	0.00	25.20	0	0	--  	0	0	--  	          4.29	
002036	联创电子	0.15	20.03	0.03	20.03	20.04	102918	1188	0.09	          2.63	20.01	20.21	19.70	20.00	    65.80	205667904	  1.28	元器件	浙江	2.55	19.98	57724	45194	  1.28	237	167	--  	          3.92	
002046	轴研科技	3.23	14.05	0.44	14.05	14.06	138002	4308	0.07	          4.05	13.58	14.05	13.10	13.61	--  	189352752	  1.51	机械基件	河南	6.98	13.72	60716	77286	  0.79	176	471	--  	          3.41	
002049	紫光国芯	--  	30.88	--  	--  	--  	0	0	--  	          0.00	--  	--  	--  	30.88	    50.85	0	  0.00	元器件	河北	0.00	30.88	0	0	--  	0	0	--  	          5.96	
002065	东华软件	-0.05	21.67	-0.01	21.67	21.68	83964	730	0.09	          0.61	21.82	21.83	21.45	21.68	    40.38	181702464	  1.01	软件服务	北京	1.75	21.64	44437	39526	  1.12	1475	464	--  	         13.68	
002077	大港股份	0.38	15.83	0.06	15.82	15.83	29280	350	-0.06	          1.16	15.83	15.86	15.30	15.77	   339.20	45681720	  0.78	区域地产	江苏	3.55	15.60	12985	16294	  0.80	21	125	--  	          2.52	
002089	新 海 宜	0.86	15.19	0.13	15.18	15.19	61531	1606	0.13	          1.26	15.01	15.23	14.90	15.06	   122.78	93146160	  0.63	通信设备	江苏	2.19	15.14	27981	33549	  0.83	222	594	--  	          4.90	
002097	山河智能	1.21	9.21	0.11	9.21	9.22	228659	2411	0.10	          3.63	9.10	9.35	9.06	9.10	   152.07	210899008	  0.59	工程机械	湖南	3.19	9.22	117591	111067	  1.06	635	836	--  	          6.29	
002111	威海广泰	0.36	22.13	0.08	22.13	22.14	17868	384	0.04	          0.68	21.91	22.19	21.91	22.05	    48.37	39485900	  0.70	航空	山东	1.27	22.10	9044	8823	  1.03	10	50	--  	          2.64	
002151	北斗星通	0.19	31.97	0.06	31.97	31.98	44204	466	0.06	          1.89	31.92	32.25	31.70	31.91	   235.80	141331392	  0.44	通信设备	北京	1.72	31.97	23692	20512	  1.16	654	52	--  	          2.34	
002167	东方锆业	2.43	12.63	0.30	12.62	12.63	129148	1862	-0.07	          2.74	12.33	12.74	12.16	12.33	  1948.17	161180528	  0.72	小金属	广东	4.70	12.48	53021	76127	  0.70	213	1035	--  	          4.72	
002179	中航光电	3.53	41.05	1.40	41.05	41.06	100679	1580	-0.09	          1.67	39.45	41.12	39.45	39.65	    32.95	407615872	  2.48	元器件	河南	4.21	40.49	38003	62675	  0.61	422	1	--  	          6.02	
002190	成飞集成	1.01	33.90	0.34	33.89	33.90	42743	821	0.08	          1.24	33.53	33.94	33.10	33.56	    97.97	143476176	  0.94	汽车配件	四川	2.50	33.57	19273	23469	  0.82	141	587	--  	          3.45	
002214	大立科技	0.16	12.22	0.02	12.22	12.23	74484	1213	0.16	          2.10	12.19	12.25	12.01	12.20	   145.79	90299104	  0.58	电器仪表	浙江	1.97	12.12	43318	31166	  1.39	372	413	--  	          3.55	
002224	三 力 士	0.52	15.45	0.08	15.44	15.45	119239	1722	0.12	          2.53	15.23	15.46	15.10	15.37	    49.29	182255280	  0.77	橡胶	浙江	2.34	15.28	61597	57641	  1.07	729	1637	--  	          4.72	
002231	奥维通信	1.47	13.80	0.20	13.79	13.80	37908	667	0.14	          1.51	13.55	13.83	13.51	13.60	--  	51937376	  1.08	通信设备	辽宁	2.35	13.70	13374	24534	  0.55	81	276	--  	          2.50	
002246	北化股份	-0.34	14.86	-0.05	14.86	14.87	91033	2494	0.47	          2.20	14.88	14.89	14.55	14.91	    67.03	134019176	  0.69	化工原料	四川	2.28	14.72	48388	42644	  1.13	409	61	--  	          4.14	
002253	川大智胜	1.85	30.25	0.55	30.25	30.26	145908	1717	0.06	          7.05	29.87	30.70	29.87	29.70	   247.58	442292544	  0.90	软件服务	四川	2.79	30.31	70985	74923	  0.95	704	114	--  	          2.07	
002254	泰和新材	0.16	12.54	0.02	12.53	12.54	47045	553	0.00	          0.77	12.49	12.62	12.47	12.52	   116.87	58976516	  0.75	化纤	山东	1.20	12.54	21567	25478	  0.85	269	18	--  	          6.11	
002265	西仪股份	0.78	25.93	0.20	25.93	25.94	56091	1674	-0.07	          1.93	25.64	25.96	25.32	25.73	  1805.69	144434400	  0.54	汽车配件	云南	2.49	25.75	29843	26248	  1.14	1112	182	--  	          2.91	
002268	卫 士 通	2.10	32.62	0.67	32.62	32.63	49803	523	-0.09	          1.45	31.98	32.82	31.65	31.95	  2091.57	161263712	  1.37	软件服务	四川	3.66	32.38	23896	25906	  0.92	155	23	--  	          3.45	
002276	万马股份	0.40	15.00	0.06	15.00	15.01	82115	2814	0.06	          0.89	14.90	15.01	14.71	14.94	    80.64	122196680	  0.68	电气设备	浙江	2.01	14.88	40824	41291	  0.99	1212	381	--  	          9.26	
002297	博云新材	-1.26	13.29	-0.17	13.28	13.29	139130	2139	0.07	          3.51	13.35	13.35	12.97	13.46	--  	183698384	  0.76	矿物制品	湖南	2.82	13.20	77522	61607	  1.26	2550	98	--  	          3.96	
002300	太阳电缆	-1.83	16.09	-0.30	16.09	16.10	488013	7580	0.06	          8.99	16.15	16.57	15.88	16.39	    56.62	785761344	  0.81	电气设备	福建	4.21	16.10	276061	211952	  1.30	1069	1286	--  	          5.43	
002303	美盈森	0.62	9.73	0.06	9.72	9.73	50055	641	0.00	          0.49	9.70	9.74	9.59	9.67	    53.14	48485060	  0.70	造纸	深圳	1.55	9.69	22359	27695	  0.81	667	88	--  	         10.21	
002308	威创股份	-0.52	15.21	-0.08	15.20	15.21	63919	2436	-0.19	          0.77	15.13	15.48	14.95	15.29	    81.19	97339904	  0.69	电脑设备	广东	3.47	15.23	35849	28070	  1.28	367	236	--  	          8.36	
002309	中利集团	0.49	14.23	0.07	14.22	14.23	51514	523	-0.07	          1.42	14.17	14.25	14.01	14.16	--  	72849256	  1.20	电气设备	江苏	1.69	14.14	26562	24951	  1.06	154	1095	--  	          3.63	
002328	新朋股份	0.47	10.72	0.05	10.72	10.73	50370	752	0.00	          1.55	10.65	10.73	10.50	10.67	    50.19	53619436	  0.71	汽车配件	上海	2.16	10.65	26820	23550	  1.14	2	712	--  	          3.25	
002338	奥普光电	-0.25	48.48	-0.12	48.47	48.48	10308	78	0.37	          0.87	48.40	49.10	48.27	48.60	    94.36	49995068	  1.13	电器仪表	吉林	1.71	48.50	6335	3973	  1.59	10	10	--  	          1.19	
002339	积成电子	1.67	18.91	0.31	18.90	18.91	62722	732	0.05	          2.12	18.62	18.92	18.42	18.60	    67.47	117444640	  1.08	电气设备	山东	2.69	18.72	25061	37660	  0.67	102	482	--  	          2.96	
002342	巨力索具	1.38	8.11	0.11	8.11	8.12	199781	2479	0.12	          2.31	8.01	8.16	7.88	8.00	   283.80	160534416	  0.72	机械基件	河北	3.50	8.04	107594	92187	  1.17	2150	2347	--  	          8.66	
002350	北京科锐	0.05	20.61	0.01	20.61	20.65	13161	66	-0.38	          0.60	20.40	20.75	20.30	20.60	   134.91	27025366	  0.71	电气设备	北京	2.18	20.54	5977	7183	  0.83	6	170	--  	          2.18	
002361	神剑股份	1.11	8.21	0.09	8.21	8.22	176832	3711	0.00	          3.06	8.12	8.28	8.05	8.12	    49.35	144625152	  0.92	化工原料	安徽	2.83	8.18	89462	87370	  1.02	55	1004	--  	          5.77	
002368	太极股份	0.71	32.48	0.23	32.48	32.49	29893	564	-0.03	          0.74	32.37	32.49	32.05	32.25	   156.19	96574768	  0.87	软件服务	北京	1.36	32.31	13689	16203	  0.84	7	110	--  	          4.02	
002405	四维图新	2.83	20.00	0.55	19.99	20.00	233965	4595	0.25	          2.32	19.52	20.15	19.25	19.45	   158.88	463744672	  0.93	软件服务	北京	4.63	19.82	98256	135708	  0.72	322	1677	--  	         10.08	
002406	远东传动	1.62	9.42	0.15	9.42	9.43	69361	1791	0.21	          1.75	9.28	9.43	9.23	9.27	    47.30	64957856	  0.83	汽车配件	河南	2.16	9.37	29038	40323	  0.72	147	837	--  	          3.97	
002413	雷科防务	0.48	12.54	0.06	12.54	12.55	61331	920	0.00	          0.87	12.52	12.64	12.45	12.48	   160.11	76975208	  0.56	通信设备	江苏	1.52	12.55	31869	29461	  1.08	161	509	--  	          7.08	
002414	高德红外	-0.08	24.20	-0.02	24.20	24.21	28933	116	0.04	          0.62	24.60	24.60	24.06	24.22	   270.45	70012216	  1.32	电器仪表	湖北	2.23	24.20	15803	13130	  1.20	191	30	--  	          4.65	
002423	*ST中特	0.14	13.95	0.02	13.95	13.96	38988	523	0.07	          0.84	13.78	14.07	13.56	13.93	--  	53991368	  0.53	特种钢	河南	3.66	13.85	20279	18709	  1.08	39	57	--  	          4.66	
002428	云南锗业	2.17	14.12	0.30	14.12	14.13	166742	4459	0.14	          2.60	13.78	14.18	13.63	13.82	--  	233137792	  1.03	小金属	云南	3.98	13.98	73890	92852	  0.80	1804	1089	--  	          6.42	
002434	万里扬	2.30	17.38	0.39	17.38	17.39	94288	466	-0.05	          0.94	16.97	18.00	16.91	16.99	    80.16	165575472	  2.62	汽车配件	浙江	6.42	17.56	34999	59289	  0.59	467	685	--  	         10.06	
002436	兴森科技	1.21	7.50	0.09	7.50	7.51	163296	2849	0.00	          1.68	7.36	7.52	7.25	7.41	    59.91	121252656	  0.79	元器件	深圳	3.64	7.43	74733	88563	  0.84	261	1475	--  	          9.73	
002439	启明星辰	1.15	21.97	0.25	21.97	21.98	63320	1133	0.13	          1.13	21.64	21.98	21.49	21.72	   313.49	138058320	  0.82	软件服务	北京	2.26	21.80	31771	31548	  1.01	3	274	--  	          5.59	
002446	盛路通信	2.20	23.22	0.50	23.21	23.22	29813	494	-0.04	          1.62	22.72	23.27	22.65	22.72	    43.26	68601240	  1.16	通信设备	广东	2.73	23.01	10381	19432	  0.53	2	421	--  	          1.85	
002451	摩恩电气	0.45	17.88	0.08	17.87	17.88	37582	831	0.16	          0.91	17.80	17.97	17.43	17.80	   912.21	66461484	  0.81	电气设备	上海	3.03	17.68	18916	18666	  1.01	460	359	--  	          4.12	
002465	海格通信	0.25	12.00	0.03	12.00	12.01	165131	2342	0.00	          0.90	12.05	12.07	11.91	11.97	    76.97	198092448	  0.47	通信设备	广东	1.34	12.00	91590	73541	  1.25	680	1666	--  	         18.40	
002501	利源精制	1.57	12.30	0.19	12.29	12.30	161191	2691	0.24	          2.39	12.11	12.37	11.99	12.11	    26.93	197030096	  0.85	铝	吉林	3.14	12.22	59577	101614	  0.59	1077	424	--  	          6.75	
002519	银河电子	2.17	20.67	0.44	20.67	20.68	51132	766	0.00	          1.15	20.22	20.73	20.07	20.23	    45.30	103934152	  1.89	通信设备	江苏	3.26	20.33	24081	27051	  0.89	190	78	--  	          4.44	
002520	日发精机	3.38	12.22	0.40	12.21	12.22	54913	4417	1.07	          1.04	11.84	12.22	11.81	11.82	   150.97	65809940	  1.08	机床制造	浙江	3.47	11.98	24638	30274	  0.81	30	271	--  	          5.30	
002542	中化岩土	-0.49	8.07	-0.04	8.06	8.07	57736	1060	0.12	          0.93	8.05	8.10	7.95	8.11	    74.53	46332116	  0.66	建筑施工	北京	1.85	8.02	37799	19937	  1.90	626	474	--  	          6.22	
002544	杰赛科技	-0.33	27.50	-0.09	27.49	27.50	23510	476	0.03	          0.46	27.37	27.58	27.16	27.59	   133.24	64459532	  1.48	软件服务	广东	1.52	27.42	10054	13455	  0.75	9	91	--  	          5.11	
002547	春兴精工	--  	10.94	--  	--  	--  	0	0	--  	          0.00	--  	--  	--  	10.94	    75.50	0	  0.00	通信设备	江苏	0.00	10.94	0	0	--  	0	0	--  	          6.84	
002560	通达股份	1.49	12.30	0.18	12.29	12.30	79065	2428	0.16	          2.78	12.20	12.30	12.10	12.12	    57.31	96655632	  0.98	电气设备	河南	1.65	12.22	35204	43861	  0.80	319	1080	--  	          2.84	
002564	天沃科技	0.55	11.05	0.06	11.04	11.05	139547	2450	0.27	          2.69	10.89	11.05	10.89	10.99	--  	152790160	  0.68	化工机械	江苏	1.46	10.95	71190	68356	  1.04	208	963	--  	          5.19	
002576	通达动力	--  	24.67	--  	--  	--  	0	0	--  	          0.00	--  	--  	--  	24.67	   972.54	0	  0.00	电气设备	江苏	0.00	24.67	0	0	--  	0	0	--  	          1.19	
002583	海能达	2.32	14.10	0.32	14.09	14.10	80156	648	0.00	          0.95	13.88	14.19	13.65	13.78	   176.22	111940736	  1.12	通信设备	深圳	3.92	13.97	26011	54144	  0.48	256	589	--  	          8.41	
002590	万安科技	-0.05	18.38	-0.01	18.37	18.38	94485	1586	0.00	          2.17	18.38	18.62	18.15	18.39	    81.73	173729856	  0.76	汽车配件	浙江	2.56	18.39	47605	46880	  1.02	130	59324	--  	          4.35	
002651	利君股份	-0.07	15.05	-0.01	15.05	15.06	281457	3377	0.00	          7.44	15.20	15.57	15.01	15.06	   174.98	429950144	  1.33	专用机械	四川	3.72	15.28	144600	136857	  1.06	437	206	--  	          3.78	
002669	康达新材	-0.25	27.80	-0.07	27.80	27.88	8842	52	0.00	          0.56	27.95	28.15	27.20	27.87	    71.59	24558634	  0.60	化工原料	上海	3.41	27.77	6027	2815	  2.14	2	20	--  	          1.59	
002684	猛狮科技	1.16	33.23	0.38	33.22	33.23	32125	495	-0.06	          1.49	32.83	33.45	32.38	32.85	  1565.70	106143592	  1.09	电气设备	广东	3.26	33.04	12907	19218	  0.67	20	37	--  	          2.15	
002724	海洋王	--  	25.84	--  	--  	--  	0	0	--  	          0.00	--  	--  	--  	25.84	   388.13	0	  0.00	半导体	深圳	0.00	25.84	0	0	--  	0	0	--  	          0.67	
002829	星网宇达	5.43	90.35	4.65	90.35	90.38	37688	562	-0.11	         19.84	86.70	91.97	86.10	85.70	    93.64	335471552	  1.06	通信设备	北京	6.85	89.01	17211	20477	  0.84	33	3	--  	          0.19	
300008	天海防务	0.51	25.54	0.13	25.53	25.54	76058	938	0.19	          4.12	25.43	25.69	25.35	25.41	    61.75	194043984	  0.56	船舶	上海	1.34	25.51	39999	36059	  1.11	454	62	--  	          1.85	
300010	立思辰	-0.24	16.38	-0.04	16.37	16.38	96452	1004	0.12	          2.23	16.38	16.44	16.18	16.42	   186.07	157340800	  1.12	软件服务	北京	1.58	16.31	57426	39025	  1.47	239	82	--  	          4.32	
300024	机器人	1.62	22.55	0.36	22.55	22.56	278703	2368	0.04	          1.84	22.38	22.88	22.30	22.19	    85.65	631489984	  0.60	专用机械	辽宁	2.61	22.66	132967	145736	  0.91	1372	850	--  	         15.14	
300028	金亚科技	-1.79	13.20	-0.24	13.20	13.21	178070	3051	0.00	          7.19	13.49	13.58	13.11	13.44	   390.45	236503104	  1.06	通信设备	四川	3.50	13.28	95483	82586	  1.16	464	392	--  	          2.48	
300034	钢研高纳	3.53	22.00	0.75	22.00	22.01	77040	1186	-0.04	          1.84	21.20	22.06	21.08	21.25	   101.90	167713648	  1.60	小金属	北京	4.61	21.77	34043	42996	  0.79	255	928	--  	          4.18	
300045	华力创通	-0.63	14.24	-0.09	14.23	14.24	49479	615	0.21	          1.39	14.33	14.33	14.00	14.33	   253.77	69734712	  1.52	电脑设备	北京	2.30	14.09	29761	19718	  1.51	18	105	--  	          3.57	
300046	台基股份	0.93	23.98	0.22	23.98	23.99	20942	505	-0.08	          1.47	23.76	24.02	23.41	23.76	    88.40	49511232	  1.00	半导体	湖北	2.57	23.64	9284	11658	  0.80	167	1	--  	          1.42	
300053	欧比特	3.94	13.72	0.52	13.71	13.72	120963	3075	0.14	          2.66	13.20	13.78	13.01	13.20	   176.29	162916192	  1.39	半导体	广东	5.83	13.47	45799	75163	  0.61	2049	111	--  	          4.54	
300065	海兰信	--  	38.52	--  	--  	--  	0	0	--  	          0.00	--  	--  	--  	38.52	   138.73	0	  0.00	软件服务	北京	0.00	38.52	0	0	--  	0	0	--  	          1.80	
300084	海默科技	-1.36	12.31	-0.17	12.31	12.32	31491	322	0.00	          1.26	12.49	12.49	12.25	12.48	  1696.44	38794876	  0.69	石油开采	甘肃	1.92	12.32	19158	12333	  1.55	402	93	--  	          2.50	
300092	科新机电	-0.75	13.28	-0.10	13.28	13.29	31406	245	0.07	          1.92	13.29	13.43	12.94	13.38	   176.30	41239852	  1.22	专用机械	四川	3.66	13.13	14241	17165	  0.83	615	86	--  	          1.64	
300095	华伍股份	2.96	13.92	0.40	13.91	13.92	40699	833	0.43	          1.73	13.49	13.98	13.38	13.52	   113.08	56196364	  1.60	机械基件	江西	4.44	13.81	17735	22964	  0.77	244	215	--  	          2.35	
300099	尤洛卡	2.90	12.42	0.35	12.42	12.43	297862	4139	-0.08	          7.85	12.22	12.68	12.22	12.07	--  	370860384	  1.29	电器仪表	山东	3.81	12.45	146659	151202	  0.97	1053	1028	--  	          3.79	
300101	振芯科技	0.00	19.22	0.00	19.22	19.23	116232	1745	0.00	          2.12	19.19	19.45	19.11	19.22	   122.48	224144944	  0.82	通信设备	四川	1.77	19.28	56507	59725	  0.95	1485	541	--  	          5.49	
300114	中航电测	0.73	24.76	0.18	24.75	24.76	17446	454	0.12	          0.57	24.59	24.76	24.58	24.58	    86.11	43021296	  0.88	元器件	陕西	0.73	24.66	8024	9421	  0.85	166	147	--  	          3.04	
300123	太阳鸟	-0.57	19.15	-0.11	19.13	19.15	92386	3247	0.47	          3.37	19.20	19.34	18.77	19.26	   449.28	175719488	  0.54	船舶	湖南	2.96	19.02	53246	39140	  1.36	2	1197	--  	          2.74	
300159	新研股份	2.07	14.80	0.30	14.79	14.80	63483	698	0.40	          0.83	14.73	14.85	14.47	14.50	   154.29	93456264	  0.63	农用机械	新疆	2.62	14.72	24434	39048	  0.63	541	7	--  	          7.65	
300177	中海达	1.10	13.75	0.15	13.75	13.76	34844	762	0.07	          1.11	13.58	13.77	13.50	13.60	   214.38	47695292	  0.57	通信设备	广东	1.99	13.69	15819	19024	  0.83	52	305	--  	          3.13	
300185	通裕重工	-0.65	3.05	-0.02	3.05	3.06	449118	3743	0.00	          1.66	3.03	3.06	3.00	3.07	    64.26	135977264	  1.97	工程机械	山东	1.95	3.03	176650	272468	  0.65	8619	14651	--  	         27.13	
300201	海伦哲	--  	8.70	--  	--  	--  	0	0	--  	          0.00	--  	--  	--  	8.70	   191.70	0	  0.00	专用机械	江苏	0.00	8.70	0	0	--  	0	0	--  	          8.53	
300213	佳讯飞鸿	1.68	24.25	0.40	24.24	24.25	44313	990	0.12	          2.84	23.86	24.25	23.61	23.85	    71.30	106464360	  0.85	通信设备	北京	2.68	24.03	21336	22977	  0.93	109	189	--  	          1.56	
300229	拓尔思	1.40	17.37	0.24	17.36	17.37	40651	939	0.17	          0.95	17.12	17.37	16.87	17.13	   143.27	69698008	  0.53	软件服务	北京	2.92	17.15	17683	22967	  0.77	511	363	--  	          4.28	
300252	金信诺	1.16	28.00	0.32	28.00	28.05	31470	325	0.00	          1.18	27.75	28.26	27.69	27.68	    62.02	88387032	  1.37	电气设备	深圳	2.06	28.09	14815	16655	  0.89	137	160	--  	          2.66	
300265	通光线缆	1.19	15.35	0.18	15.34	15.35	26906	567	0.00	          0.80	15.10	15.42	15.10	15.17	    43.21	41278656	  0.86	电气设备	江苏	2.11	15.34	9821	17085	  0.57	42	1667	--  	          3.37	
300278	华昌达	0.24	21.15	0.05	21.14	21.15	39398	329	0.00	          1.76	21.20	21.59	21.09	21.10	   113.36	83807256	  1.12	专用机械	湖北	2.37	21.27	24137	15261	  1.58	212	53	--  	          2.24	
300281	金明精机	0.16	19.15	0.03	19.15	19.16	9412	101	0.26	          0.66	19.00	19.21	18.94	19.12	   119.46	17970742	  0.61	专用机械	广东	1.41	19.09	5422	3990	  1.36	33	992	--  	          1.42	
300297	蓝盾股份	-0.23	13.03	-0.03	13.03	13.04	71508	1535	0.07	          1.11	12.98	13.06	12.80	13.06	    80.53	92725608	  0.94	软件服务	广东	1.99	12.97	38031	33477	  1.14	49	284	--  	          6.46	
300302	同有科技	1.55	23.53	0.36	23.52	23.53	56001	3085	0.25	          2.27	22.95	23.56	22.90	23.17	   113.05	130672816	  0.50	软件服务	北京	2.85	23.33	29552	26448	  1.12	271	90	--  	          2.46	
300311	任子行	-0.23	17.56	-0.04	17.56	17.57	71209	2037	0.57	          3.23	17.57	17.57	17.08	17.60	    84.16	123388648	  0.76	软件服务	广东	2.78	17.33	36970	34239	  1.08	258	61	--  	          2.20	
300324	旋极信息	0.93	21.60	0.20	21.60	21.61	54285	391	0.00	          0.94	21.42	22.00	21.36	21.40	    92.75	118002864	  0.83	软件服务	北京	2.99	21.74	28003	26282	  1.07	159	5	--  	          5.79	
300325	德威新材	0.16	6.38	0.01	6.37	6.38	83964	1242	0.00	          1.06	6.39	6.43	6.34	6.37	    90.58	53564088	  1.25	塑料	江苏	1.41	6.38	37016	46948	  0.79	1891	3528	--  	          7.94	
300337	银邦股份	-0.72	9.64	-0.07	9.64	9.65	33341	419	0.10	          0.47	9.70	9.70	9.61	9.71	   574.49	32151074	  0.72	铝	江苏	0.93	9.64	12414	20927	  0.59	480	538	--  	          7.08	
300342	天银机电	0.64	23.69	0.15	23.68	23.69	13290	161	0.00	          0.47	23.55	23.77	23.41	23.54	    54.21	31371000	  0.74	元器件	江苏	1.53	23.60	6536	6754	  0.97	33	17	--  	          2.81	
300351	永贵电器	0.04	24.04	0.01	24.03	24.04	20000	590	0.16	          1.02	24.01	24.05	23.81	24.03	    64.79	47891864	  0.87	元器件	浙江	1.00	23.95	10931	9069	  1.21	222	299	--  	          1.96	
300352	北信源	-0.55	18.22	-0.10	18.22	18.23	101231	1430	0.10	          2.68	18.25	18.40	17.92	18.32	   353.83	184150480	  0.68	软件服务	北京	2.62	18.19	44712	56519	  0.79	497	145	--  	          3.78	
300353	东土科技	-1.89	18.65	-0.36	18.65	18.66	197429	2038	-0.10	          8.20	18.65	18.91	17.95	19.01	   106.50	362031904	  1.10	通信设备	北京	5.05	18.34	106985	90443	  1.18	389	448	--  	          2.41	
300354	东华测试	0.99	22.55	0.22	22.51	22.55	16269	356	0.22	          2.24	22.38	22.58	22.03	22.33	  2045.32	36374572	  0.76	电器仪表	江苏	2.46	22.36	6320	9949	  0.64	70	594	--  	          0.73	
300379	东方通	0.60	70.40	0.42	70.40	70.41	68402	893	0.14	          8.11	69.98	70.83	69.51	69.98	   162.27	479251808	  1.07	软件服务	北京	1.89	70.06	33342	35060	  0.95	322	26	--  	          0.84	
300395	菲利华	1.10	23.98	0.26	23.97	23.98	20776	782	0.12	          1.49	23.85	23.98	23.66	23.72	    47.62	49580696	  0.69	玻璃	湖北	1.35	23.86	8692	12084	  0.72	222	28	--  	          1.40	
300397	天和防务	-0.28	28.62	-0.08	28.62	28.63	91217	1357	-0.03	          8.84	28.50	28.95	28.30	28.70	--  	260767712	  0.83	通信设备	陕西	2.26	28.59	51428	39788	  1.29	168	125	--  	          1.03	
300402	宝色股份	-3.23	27.60	-0.92	27.59	27.60	71531	2289	0.07	         10.82	28.24	28.25	27.40	28.52	--  	197832384	  0.80	专用机械	江苏	2.98	27.66	42164	29366	  1.44	127	29	--  	          0.66	
300411	金盾股份	-1.07	38.67	-0.42	38.67	38.68	23352	902	0.70	          3.85	38.91	39.07	37.96	39.09	   145.05	89528472	  1.62	专用机械	浙江	2.84	38.34	12887	10465	  1.23	18	119	--  	          0.61	
300414	中光防雷	0.93	31.45	0.29	31.44	31.45	6510	128	0.06	          1.00	31.24	31.45	30.87	31.16	    85.54	20340132	  0.55	元器件	四川	1.86	31.25	2680	3829	  0.70	1	86	--  	          0.65	
300427	红相电力	-1.56	25.84	-0.41	25.83	25.84	102377	1978	0.19	         10.28	26.35	26.57	25.32	26.25	   385.45	263591360	  0.83	电气设备	福建	4.76	25.75	57515	44861	  1.28	83	713	--  	          1.00	
300447	全信股份	0.99	51.20	0.50	51.20	51.21	20819	697	0.00	          3.79	50.60	51.34	50.05	50.70	    91.93	106237352	  0.82	电气设备	江苏	2.54	51.03	10504	10315	  1.02	351	58	--  	          0.55	
300456	耐威科技	2.26	48.41	1.07	48.41	48.47	20049	171	0.06	          2.82	47.30	49.37	46.89	47.34	   381.44	96056968	  1.29	元器件	北京	5.24	47.91	9821	10227	  0.96	31	43	--  	          0.71	
300474	景嘉微	-0.12	51.61	-0.06	51.61	51.62	53666	855	-0.11	          8.01	51.28	53.18	51.26	51.67	   113.61	280799840	  1.23	元器件	湖南	3.72	52.32	28220	25445	  1.11	199	22	--  	          0.67	
300480	光力科技	0.71	25.46	0.18	25.46	25.47	26789	333	0.11	          4.20	25.28	25.48	24.80	25.28	   235.08	67473616	  0.49	电器仪表	河南	2.69	25.19	12161	14627	  0.83	355	65	--  	          0.64	
300516	久之洋	1.34	94.72	1.25	94.72	94.73	12116	257	0.07	          4.04	93.68	94.72	92.15	93.47	   163.51	113409760	  0.93	电器仪表	湖北	2.75	93.60	5851	6264	  0.93	2	2	--  	          0.30	
300527	华舟应急	0.86	27.01	0.23	27.00	27.01	52348	1367	0.00	          4.52	26.79	27.03	26.30	26.78	   113.96	139890816	  0.68	专用机械	湖北	2.73	26.72	25737	26611	  0.97	907	186	--  	          1.16	
300542	新晨科技	1.10	49.65	0.54	49.65	49.66	18366	415	0.44	          8.14	48.79	49.85	48.16	49.11	   346.69	90004984	  0.97	软件服务	北京	3.44	49.01	9572	8793	  1.09	23	12	--  	          0.23	
300581	晨曦航空	3.30	121.66	3.89	121.66	121.67	16954	185	0.10	         15.00	117.00	121.94	115.12	117.77	   190.49	202396992	  0.63	航空	陕西	5.79	119.38	7253	9701	  0.75	13	2	--  	          0.11	
300593	新雷能	1.41	41.75	0.58	41.74	41.75	42540	555	-0.04	         14.72	41.04	42.07	39.40	41.17	    96.59	173674848	  0.65	电气设备	北京	6.49	40.83	22569	19970	  1.13	30	17	--  	          0.29	
600031	三一重工	2.13	7.66	0.16	7.66	7.67	877449	17	0.13	          1.16	7.58	7.75	7.53	7.50	   252.00	671845696	  1.60	工程机械	湖南	2.93	7.66	406280	471169	  0.86	100	1053	--  	         75.94	
600038	中直股份	0.46	52.68	0.24	52.69	52.70	33043	52	0.03	          0.56	52.40	52.75	52.22	52.44	    76.69	173703440	  0.48	航空	黑龙江	1.01	52.57	16084	16959	  0.95	42	90	--  	          5.89	
600072	中船科技	0.34	20.91	0.07	20.90	20.91	98747	10	0.14	          2.06	20.74	21.06	20.49	20.84	--  	205816032	  0.43	船舶	上海	2.74	20.84	48247	50499	  0.96	334	37	--  	          4.78	
600100	同方股份	0.22	13.94	0.03	13.94	13.95	251383	131	0.28	          1.14	13.89	13.98	13.81	13.91	     6.08	349681408	  0.75	电脑设备	北京	1.22	13.91	137961	113422	  1.22	546	901	--  	         21.98	
600118	中国卫星	0.85	33.07	0.28	33.07	33.08	87971	5	0.06	          0.74	32.79	33.15	32.51	32.79	    98.34	289613120	  0.76	航空	北京	1.95	32.92	45875	42095	  1.09	52	282	--  	         11.82	
600148	长春一东	-1.23	34.61	-0.43	34.61	34.62	52664	16	0.28	          3.72	34.83	34.83	34.23	35.04	   355.78	181738512	  0.90	汽车配件	吉林	1.71	34.51	26223	26441	  0.99	87	42	--  	          1.42	
600150	中国船舶	0.83	27.92	0.23	27.92	27.93	133033	11	0.03	          0.97	27.66	27.94	27.43	27.69	--  	368965600	  0.69	船舶	上海	1.84	27.73	63431	69602	  0.91	6	450	--  	         13.78	
600151	航天机电	0.00	10.97	0.00	--  	--  	0	0	0.00	          0.00	--  	--  	--  	10.97	   126.25	0	  0.00	半导体	上海	0.00	10.97	0	0	--  	0	0	--  	         12.50	
600178	东安动力	0.32	12.64	0.04	12.64	12.65	72301	20	0.23	          1.56	12.62	12.65	12.42	12.60	    61.02	90854664	  0.90	汽车配件	黑龙江	1.83	12.57	37627	34673	  1.09	15	1106	--  	          4.62	
600184	光电股份	1.60	24.11	0.38	24.09	24.10	35505	36	0.20	          0.85	23.75	24.23	23.75	23.73	  1205.58	85304992	  0.79	专用机械	湖北	2.02	24.03	16079	19425	  0.83	48	3	--  	          4.19	
600260	凯乐科技	3.28	20.48	0.65	20.48	20.49	206663	2	-0.38	          3.88	19.78	20.65	19.69	19.83	    90.72	419938912	  1.33	通信设备	湖北	4.84	20.32	94862	111801	  0.85	18	5	--  	          5.33	
600262	北方股份	2.99	34.40	1.00	34.41	34.42	73058	1	0.05	          4.30	33.43	34.69	32.89	33.40	--  	247163840	  3.46	汽车整车	内蒙	5.39	33.83	22594	50464	  0.45	34	95	--  	          1.70	
600271	航天信息	0.00	20.60	0.00	--  	--  	0	0	0.00	          0.00	--  	--  	--  	20.60	    30.49	0	  0.00	电脑设备	北京	0.00	20.60	0	0	--  	0	0	--  	         18.47	
600316	洪都航空	1.52	21.43	0.32	21.42	21.43	54742	23	-0.04	          0.76	21.25	21.54	21.13	21.11	  9299.52	116737248	  0.64	航空	江西	1.94	21.33	26717	28024	  0.95	345	10	--  	          7.17	
600330	天通股份	0.47	10.75	0.05	10.75	10.76	77399	2	-0.18	          0.94	10.70	10.80	10.60	10.70	    61.68	83003456	  0.67	元器件	浙江	1.87	10.72	37338	40060	  0.93	50	361	--  	          8.20	
600343	航天动力	0.31	22.70	0.07	22.69	22.70	52375	16	0.00	          0.82	22.63	22.80	22.55	22.63	   580.98	118912640	  0.53	航空	陕西	1.10	22.70	26682	25693	  1.04	411	25	--  	          6.38	
600353	旭光股份	0.88	10.29	0.09	10.29	10.30	81282	6	0.09	          1.49	10.20	10.30	10.13	10.20	   123.58	83403376	  0.62	元器件	四川	1.67	10.26	38573	42708	  0.90	126	3508	--  	          5.44	
600363	联创光电	-0.32	18.71	-0.06	18.61	18.70	213627	20	0.05	          4.82	18.75	18.76	18.15	18.77	    39.77	394041280	  0.65	元器件	江西	3.25	18.45	130697	82929	  1.58	30	1980	--  	          4.43	
600372	中航电子	2.02	20.23	0.40	20.21	20.22	108914	1	0.09	          0.62	19.85	20.32	19.85	19.83	   120.28	219246048	  1.17	航空	北京	2.37	20.13	37697	71217	  0.53	138	3	--  	         17.59	
600391	成发科技	1.03	37.14	0.38	37.15	37.16	29360	9	-0.02	          0.89	36.80	37.19	36.80	36.76	   231.63	108761984	  0.62	航空	四川	1.06	37.04	13801	15558	  0.89	26	153	--  	          3.30	
600399	抚顺特钢	0.81	7.43	0.06	7.42	7.43	162682	89	0.26	          1.44	7.35	7.44	7.27	7.37	    54.87	119845120	  0.66	特种钢	辽宁	2.31	7.37	84351	78331	  1.08	560	100	--  	         11.30	
600416	湘电股份	1.89	17.23	0.32	17.22	17.23	170118	60	0.34	          2.42	16.90	17.39	16.84	16.91	   125.36	292364608	  1.21	电气设备	湖南	3.25	17.19	77617	92501	  0.84	7	242	--  	          7.03	
600435	北方导航	0.06	16.28	0.01	16.28	16.29	650072	147	0.18	          4.36	16.30	16.66	16.16	16.27	  4761.61	1064255936	  1.19	专用机械	北京	3.07	16.37	320213	329859	  0.97	778	581	--  	         14.89	
600456	宝钛股份	1.83	23.38	0.42	23.39	23.40	145097	97	0.73	          3.37	22.78	23.41	22.44	22.96	--  	332005312	  0.73	小金属	陕西	4.22	22.88	72277	72820	  0.99	856	545	--  	          4.30	
600480	凌云股份	1.21	17.50	0.21	17.49	17.50	63633	7	0.05	          1.76	17.29	17.53	17.29	17.29	    31.55	110963728	  0.48	汽车配件	河北	1.39	17.44	32334	31298	  1.03	79	79	--  	          3.62	
600482	中国动力	0.18	32.67	0.06	32.69	32.70	59070	1	-0.03	          1.11	32.87	33.18	32.63	32.61	    52.94	194370208	  1.38	电气设备	河北	1.69	32.90	28811	30259	  0.95	61	243	--  	          5.31	
600485	信威集团	0.00	14.60	0.00	--  	--  	0	0	0.00	          0.00	--  	--  	--  	14.60	    22.52	0	  0.00	通信设备	北京	0.00	14.60	0	0	--  	0	0	--  	         16.31	
600495	晋西车轴	0.37	8.06	0.03	8.05	8.06	161517	305	0.24	          1.34	8.02	8.06	7.95	8.03	   361.43	129420048	  0.88	运输设备	山西	1.37	8.01	77405	84111	  0.92	672	906	--  	         12.08	
600501	航天晨光	0.93	19.56	0.18	19.55	19.56	30508	1	0.05	          0.75	19.41	19.61	19.28	19.38	--  	59480992	  0.50	汽车配件	江苏	1.70	19.50	13748	16759	  0.82	165	7	--  	          4.07	
600523	贵航股份	2.30	24.91	0.56	24.91	24.92	67070	8	0.08	          2.32	24.38	24.98	24.30	24.35	    52.48	165566400	  0.78	汽车配件	贵州	2.79	24.69	30341	36728	  0.83	4	227	--  	          2.89	
600562	国睿科技	0.12	33.54	0.04	33.53	33.54	23018	4	0.05	          0.70	33.48	33.65	33.25	33.50	    90.41	77030976	  0.71	通信设备	江苏	1.19	33.47	12897	10120	  1.27	99	11	--  	          3.28	
600565	迪马股份	0.74	6.78	0.05	6.78	6.79	200554	30	0.14	          1.36	6.71	6.79	6.69	6.73	    95.45	135151072	  1.03	全国地产	重庆	1.49	6.74	101032	99521	  1.02	26	5756	--  	         14.72	
600590	泰豪科技	0.00	15.72	0.00	--  	--  	0	0	0.00	          0.00	--  	--  	--  	15.72	   116.79	0	  0.00	电气设备	江西	0.00	15.72	0	0	--  	0	0	--  	          5.16	
600592	龙溪股份	5.32	17.43	0.88	17.43	17.49	212170	504	0.46	          5.31	16.66	17.52	16.52	16.55	--  	362430400	  0.91	机械基件	福建	6.04	17.08	89792	122378	  0.73	47	152	--  	          4.00	
600602	云赛智联	0.00	9.39	0.00	--  	--  	0	0	0.00	          0.00	--  	--  	--  	9.39	    41.24	0	  0.00	软件服务	上海	0.00	9.39	0	0	--  	0	0	--  	          8.80	
600614	鹏起科技	0.93	12.97	0.12	12.97	12.98	194954	21	0.15	          1.65	12.88	13.13	12.74	12.85	    87.15	253360496	  0.65	综合类	上海	3.04	13.00	96774	98179	  0.99	278	455	--  	         11.80	
600634	中技控股	-0.33	18.17	-0.06	18.16	18.18	71863	2	-0.05	          1.25	18.13	18.42	18.13	18.23	   188.30	130900784	  0.91	互联网	上海	1.59	18.22	51553	20309	  2.54	225	49	--  	          5.76	
600677	航天通信	1.09	18.57	0.20	18.57	18.58	71935	57	-0.10	          1.73	18.28	18.66	18.22	18.37	   362.85	133452024	  0.50	通信设备	浙江	2.40	18.55	33874	38060	  0.89	132	621	--  	          4.16	
600685	中船防务	0.63	33.48	0.21	33.48	33.49	67591	15	-0.02	          1.23	33.23	33.65	32.75	33.27	  5374.25	225026352	  0.68	船舶	广东	2.71	33.29	32797	34793	  0.94	19	6	--  	          5.49	
600698	湖南天雁	0.66	12.26	0.08	12.25	12.26	307250	7	0.16	          7.12	12.18	12.39	12.08	12.18	  1133.46	375622464	  0.68	汽车配件	湖南	2.55	12.23	157125	150125	  1.05	894	218	--  	          4.31	
600760	中航黑豹	-3.49	33.69	-1.22	33.67	33.69	427403	246	-0.02	         12.39	34.30	38.30	33.50	34.91	   321.79	1509028224	  2.63	汽车整车	山东	13.75	35.31	198514	228888	  0.87	154	62	--  	          3.45	
600764	中电广通	-2.74	33.38	-0.94	33.37	33.38	51558	20	-0.02	          1.56	34.04	34.44	32.83	34.32	   398.51	171626560	  1.37	通信设备	北京	4.69	33.29	30799	20759	  1.48	3	812	--  	          3.30	
600765	中航重机	0.76	15.91	0.12	15.88	15.90	81607	8	-0.18	          1.05	15.79	15.95	15.72	15.79	    85.40	129504056	  0.58	机械基件	贵州	1.46	15.87	39529	42077	  0.94	65	22	--  	          7.78	
600850	华东电脑	0.67	24.13	0.16	24.13	24.18	19161	206	0.12	          0.46	23.85	24.18	23.65	23.97	    36.29	45984176	  0.73	软件服务	上海	2.21	24.00	9774	9387	  1.04	76	131	--  	          4.20	
600855	航天长峰	0.00	28.89	0.00	--  	--  	0	0	0.00	          0.00	--  	--  	--  	28.89	   846.16	0	  0.00	专用机械	北京	0.00	28.89	0	0	--  	0	0	--  	          3.30	
600862	中航高科	1.22	12.42	0.15	12.40	12.42	39432	56	0.00	          0.50	12.32	12.45	12.21	12.27	   168.45	48739760	  0.54	航空	江苏	1.96	12.36	16351	23081	  0.71	216	37	--  	          7.90	
600877	中国嘉陵	1.17	9.52	0.11	9.51	9.52	107454	19	0.10	          1.56	9.43	9.56	9.40	9.41	--  	102075768	  0.62	摩托车	重庆	1.70	9.50	51674	55779	  0.93	93	282	--  	          6.87	
600879	航天电子	3.05	18.60	0.55	18.59	18.60	507941	254	0.05	          6.37	18.07	18.64	18.03	18.05	    52.87	936865088	  1.08	航空	湖北	3.38	18.44	235646	272295	  0.87	313	294	--  	          7.98	
600893	中航动力	0.54	33.53	0.18	33.52	33.53	49185	2	-0.02	          0.36	33.31	33.55	33.29	33.35	   163.21	164355296	  0.99	航空	陕西	0.78	33.42	22655	26529	  0.85	137	6	--  	         13.68	
600967	北方创业	1.42	14.30	0.20	14.30	14.31	129591	200	0.14	          1.57	13.91	14.33	13.91	14.10	--  	183726608	  0.91	运输设备	内蒙	2.98	14.18	59574	70016	  0.85	5	853	--  	          8.23	
600990	四创电子	0.33	74.95	0.25	74.94	74.96	12164	45	0.17	          0.89	75.10	75.86	74.61	74.70	   256.48	91505952	  0.80	通信设备	安徽	1.67	75.23	6595	5569	  1.18	23	14	--  	          1.37	
601118	海南橡胶	0.00	7.19	0.00	7.21	7.22	331743	577	0.70	          0.84	7.18	7.22	7.03	7.19	--  	235575312	  1.08	橡胶	海南	2.64	7.10	156306	175436	  0.89	257	769	--  	         39.31	
601208	东材科技	0.50	7.98	0.04	7.97	7.98	74798	100	0.25	          1.19	7.91	7.98	7.83	7.94	    93.62	59185032	  0.70	化工原料	四川	1.89	7.91	41005	33793	  1.21	371	89	--  	          6.27	
601611	中国核建	0.59	17.12	0.10	17.12	17.13	135926	63	0.05	          2.59	17.02	17.15	16.81	17.02	    67.00	231335952	  0.69	建筑施工	北京	2.00	17.02	70774	65152	  1.09	384	130	--  	          5.25	
601718	际华集团	1.49	8.83	0.13	8.82	8.83	163376	130	0.00	          0.42	8.70	8.85	8.70	8.70	    33.20	143620624	  0.69	服饰	北京	1.72	8.79	64436	98939	  0.65	468	647	--  	         38.57	
601727	上海电气	0.00	8.42	0.00	--  	--  	0	0	0.00	          0.00	--  	--  	--  	8.42	    47.95	0	  0.00	电气设备	上海	0.00	8.42	0	0	--  	0	0	--  	         98.51	
601989	中国重工	0.41	7.34	0.03	7.34	7.35	803530	178	0.00	          0.44	7.32	7.37	7.25	7.31	   119.37	588544064	  0.76	船舶	北京	1.64	7.32	390537	412992	  0.95	5337	6822	--  	        183.62	
603019	中科曙光	1.59	27.44	0.43	27.45	27.46	98298	77	0.25	          2.74	26.64	27.69	26.63	27.01	   177.49	268271408	  0.86	电脑设备	天津	3.92	27.29	50665	47633	  1.06	14	183	--  	          3.59	
603678	火炬电子	1.68	78.02	1.29	78.00	78.03	6668	13	0.02	          0.83	76.73	78.35	76.52	76.73	    73.08	51895416	  1.07	元器件	福建	2.38	77.83	3920	2747	  1.43	5	2	--  	          0.81	
603766	隆鑫通用	0.14	21.41	0.03	21.40	21.41	55845	1	0.09	          0.68	21.42	21.46	21.22	21.38	    20.78	119393072	  0.92	摩托车	重庆	1.12	21.38	28897	26948	  1.07	232	293	--  	          8.26	
603885	吉祥航空	0.74	24.50	0.18	24.49	24.50	18710	1	0.00	          0.87	24.30	24.53	24.16	24.32	    18.65	45605380	  0.72	空运	上海	1.52	24.37	8374	10336	  0.81	38	104	--  	          2.15	
数据来源:通达信
