代码	名称	涨幅%%	现价	涨跌	买价	卖价	总量	现量	涨速%%	换手%%	今开	最高	最低	昨收	市盈(动)	总金额	量比	细分行业	地区	振幅%%	均价	内盘	外盘	内外比	买量	卖量	未匹配量	流通股(亿)	
000027	深圳能源	0.86	7.02	0.06	7.02	7.03	102799	264	0.00	          0.26	6.95	7.03	6.81	6.96	    15.60	71411424	  1.57	火力发电	深圳	3.16	6.95	52456	50342	  1.04	392	3512	--  	         39.64	
000158	常山股份	2.02	12.10	0.24	12.09	12.10	65750	416	0.24	          0.86	11.84	12.10	11.75	11.86	--  	78109528	  0.98	纺织	河北	2.95	11.88	29484	36266	  0.81	54	1000	--  	          7.66	
000301	东方市场	--  	5.10	--  	--  	--  	0	0	--  	          0.00	--  	--  	--  	5.10	    31.74	0	  0.00	综合类	江苏	0.00	5.10	0	0	--  	0	0	--  	         12.18	
000423	东阿阿胶	2.09	59.55	1.22	59.54	59.55	158430	1215	0.13	          2.42	58.48	60.20	58.45	58.33	    21.02	945015168	  1.89	中成药	山东	3.00	59.65	60040	98389	  0.61	46	2795	--  	          6.54	
000429	粤高速Ａ	-0.13	7.42	-0.01	7.41	7.42	41557	189	0.00	          0.89	7.43	7.46	7.32	7.43	    14.59	30689606	  0.59	路桥	广东	1.88	7.38	22242	19314	  1.15	368	225	--  	          4.69	
000532	力合股份	0.38	18.29	0.07	18.29	18.30	40054	759	0.16	          1.17	18.21	18.30	17.81	18.22	   158.27	72338856	  0.63	元器件	广东	2.69	18.06	21222	18832	  1.13	171	421	--  	          3.43	
000538	云南白药	0.49	77.23	0.38	77.22	77.23	35254	280	0.10	          0.34	76.85	77.43	76.22	76.85	    25.56	271833952	  1.19	中成药	云南	1.57	77.11	18516	16738	  1.11	22	409	--  	         10.41	
000606	*ST易桥	--  	12.64	--  	--  	--  	0	0	--  	          0.00	--  	--  	--  	12.64	   211.26	0	  0.00	化学制药	青海	0.00	12.64	0	0	--  	0	0	--  	          4.68	
000627	天茂集团	0.00	7.64	0.00	7.64	7.65	76914	1708	-0.13	          0.57	7.63	7.65	7.54	7.64	    28.96	58586504	  0.92	保险	湖北	1.44	7.62	43290	33623	  1.29	628	2720	--  	         13.54	
000628	高新发展	0.94	13.91	0.13	13.91	13.92	31716	237	0.00	          1.69	13.76	14.09	13.47	13.78	   106.58	43773360	  1.32	园区开发	四川	4.50	13.80	14413	17302	  0.83	135	653	--  	          1.88	
000657	中钨高新	1.18	15.48	0.18	15.48	15.49	89698	2746	0.06	          3.65	15.28	15.48	15.06	15.30	   330.82	137447824	  0.61	小金属	海南	2.75	15.32	40249	49449	  0.81	785	722	--  	          2.46	
000729	燕京啤酒	0.68	7.45	0.05	7.45	7.46	58314	1183	0.00	          0.23	7.40	7.45	7.36	7.40	    25.47	43258688	  1.11	啤酒	北京	1.22	7.42	27547	30766	  0.90	930	1610	--  	         25.09	
000753	漳州发展	0.00	5.47	0.00	5.47	5.48	126315	2637	0.00	          1.54	5.45	5.48	5.39	5.47	   251.18	68755392	  0.77	汽车服务	福建	1.65	5.44	71637	54678	  1.31	1157	3632	--  	          8.19	
000793	华闻传媒	1.12	10.85	0.12	10.84	10.85	346282	3135	-0.18	          1.89	10.76	10.99	10.63	10.73	    23.62	373629216	  1.99	出版业	海南	3.36	10.79	181876	164406	  1.11	3778	4489	--  	         18.27	
000850	华茂股份	0.65	6.22	0.04	6.21	6.22	63397	1790	0.16	          0.67	6.16	6.23	6.15	6.18	    71.07	39304156	  0.80	纺织	安徽	1.29	6.20	30061	33335	  0.90	1906	780	--  	          9.43	
000851	高鸿股份	2.63	12.50	0.32	12.49	12.50	181052	2040	0.08	          3.48	12.18	12.55	12.07	12.18	   145.01	224786416	  1.39	软件服务	贵州	3.94	12.42	80118	100933	  0.79	1003	1849	--  	          5.20	
000881	中广核技	-0.19	26.71	-0.05	26.71	26.72	27830	531	0.03	          0.90	26.54	26.85	26.29	26.76	 35504.14	74101056	  0.52	综合类	辽宁	2.09	26.63	13058	14771	  0.88	336	374	--  	          3.08	
000913	*ST钱江	-1.83	17.75	-0.33	17.75	17.78	22819	762	-0.39	          0.50	18.04	18.04	17.71	18.08	   109.51	40745684	  0.77	摩托车	浙江	1.83	17.86	14290	8528	  1.68	266	1	--  	          4.53	
000917	电广传媒	1.92	14.36	0.27	14.35	14.36	181244	2053	0.06	          1.71	14.13	14.46	14.04	14.09	    71.28	258767568	  1.49	影视音像	湖南	2.98	14.28	73307	107936	  0.68	136	131	--  	         10.62	
000923	河北宣工	-0.59	21.77	-0.13	21.77	21.78	51332	971	0.04	          2.59	21.90	22.03	21.26	21.90	--  	111110248	  0.64	工程机械	河北	3.52	21.65	26176	25156	  1.04	288	42	--  	          1.98	
000931	中 关 村	0.52	9.68	0.05	9.68	9.69	107249	1741	0.20	          1.61	9.60	9.72	9.50	9.63	   968.82	103112208	  0.83	区域地产	北京	2.28	9.61	53324	53925	  0.99	941	703	--  	          6.68	
000938	紫光股份	--  	56.89	--  	--  	--  	0	0	--  	          0.00	--  	--  	--  	56.89	    85.57	0	  0.00	软件服务	北京	0.00	56.89	0	0	--  	0	0	--  	          2.06	
000948	南天信息	0.42	16.73	0.07	16.73	16.74	22746	674	0.05	          0.92	16.67	16.77	16.42	16.66	--  	37916904	  0.70	软件服务	云南	2.10	16.67	11381	11365	  1.00	42	222	--  	          2.46	
000966	长源电力	0.34	5.95	0.02	5.95	5.96	42722	396	-0.16	          0.39	5.93	5.96	5.90	5.93	     9.30	25355326	  0.79	火力发电	湖北	1.01	5.93	18335	24387	  0.75	717	1922	--  	         11.08	
000988	华工科技	2.30	16.02	0.36	16.01	16.02	184570	2453	0.12	          2.07	15.66	16.08	15.55	15.66	    63.87	293708800	  1.42	电器仪表	湖北	3.38	15.91	78738	105832	  0.74	1592	2041	--  	          8.91	
000997	新 大 陆	3.68	19.17	0.68	19.16	19.17	223482	3992	0.05	          2.42	18.68	19.21	18.52	18.49	    37.57	424840672	  2.03	软件服务	福建	3.73	19.01	105007	118474	  0.89	1261	1045	--  	          9.24	
000998	隆平高科	0.83	19.47	0.16	19.47	19.48	85239	582	-0.05	          0.89	19.27	19.50	19.04	19.31	   183.15	164501504	  1.20	种植业	湖南	2.38	19.30	41129	44110	  0.93	680	672	--  	          9.56	
002001	新 和 成	0.96	19.95	0.19	19.95	19.96	72813	3185	0.15	          0.68	19.75	19.95	19.58	19.76	    19.27	143959136	  0.89	化学制药	浙江	1.87	19.77	34948	37864	  0.92	322	273	--  	         10.73	
002008	大族激光	4.29	26.28	1.08	26.28	26.29	233238	2237	0.15	          2.36	25.21	26.52	25.16	25.20	    33.20	607490112	  1.27	电器仪表	深圳	5.40	26.05	102167	131071	  0.78	682	436	--  	          9.90	
002026	山东威达	-0.54	11.13	-0.06	11.13	11.14	74402	994	0.08	          2.10	11.20	11.24	10.99	11.19	    40.56	82557968	  0.70	机械基件	山东	2.23	11.10	46744	27657	  1.69	586	506	--  	          3.54	
002054	德美化工	3.27	11.69	0.37	11.69	11.70	247627	2264	0.08	          7.87	11.30	11.91	11.27	11.32	    28.07	287863680	  4.14	化工原料	广东	5.65	11.62	115371	132256	  0.87	433	681	--  	          3.15	
002079	苏州固锝	2.84	9.40	0.26	9.39	9.40	139144	3810	0.10	          1.92	9.14	9.41	9.07	9.14	    64.31	129617120	  1.52	半导体	江苏	3.72	9.32	53175	85969	  0.62	880	3940	--  	          7.26	
002107	沃华医药	0.60	15.20	0.09	15.19	15.20	20059	528	0.06	          0.57	15.06	15.24	15.03	15.11	   112.35	30414944	  0.97	中成药	山东	1.39	15.16	9053	11006	  0.82	300	96	--  	          3.49	
002148	北纬通信	0.37	21.78	0.08	21.78	21.79	112848	1298	0.32	          5.63	21.64	22.31	21.56	21.70	    89.78	247743392	  1.12	互联网	北京	3.46	21.95	58554	54293	  1.08	181	44	--  	          2.01	
002156	通富微电	2.71	11.00	0.29	11.00	11.01	126500	2154	0.09	          1.30	10.73	11.08	10.65	10.71	    64.63	137922592	  1.46	半导体	江苏	4.01	10.90	50902	75598	  0.67	111	733	--  	          9.72	
002195	二三四五	7.73	12.82	0.92	12.82	12.83	838539	16550	0.23	          8.02	12.07	12.96	11.86	11.90	    39.02	1038276352	  2.42	软件服务	上海	9.24	12.38	327762	510777	  0.64	169	487	--  	         10.46	
002245	澳洋顺昌	0.10	10.36	0.01	10.35	10.36	172564	1381	0.19	          1.90	10.29	10.48	10.13	10.35	    49.18	178201600	  0.66	仓储物流	江苏	3.38	10.33	91462	81101	  1.13	541	358	--  	          9.09	
002439	启明星辰	1.15	21.97	0.25	21.97	21.98	63320	1133	0.13	          1.13	21.64	21.98	21.49	21.72	   313.49	138058320	  0.82	软件服务	北京	2.26	21.80	31771	31548	  1.01	3	274	--  	          5.59	
002500	山西证券	1.34	11.31	0.15	11.31	11.32	180310	4668	0.17	          0.64	11.16	11.32	11.04	11.16	    74.04	202570720	  0.98	证券	山西	2.51	11.23	73484	106825	  0.69	521	3186	--  	         28.29	
002515	金字火腿	0.00	16.96	0.00	16.96	16.97	54079	900	0.05	          1.50	16.85	16.98	16.60	16.96	   371.38	90794368	  0.47	食品	浙江	2.24	16.79	28116	25963	  1.08	533	512	--  	          3.62	
002559	亚威股份	1.40	13.77	0.19	13.77	13.78	56704	900	0.07	          1.84	13.58	13.93	13.50	13.58	    69.67	78188840	  1.21	机床制造	江苏	3.17	13.79	24682	32021	  0.77	7	6	--  	          3.08	
002658	雪迪龙	0.37	16.32	0.06	16.32	16.33	25816	618	0.00	          0.85	16.20	16.40	16.18	16.26	    79.41	42117960	  0.61	环境保护	北京	1.35	16.31	11816	13999	  0.84	428	14	--  	          3.04	
300118	东方日升	--  	16.01	--  	--  	--  	0	0	--  	          0.00	--  	--  	--  	16.01	    15.62	0	  0.00	半导体	浙江	0.00	16.01	0	0	--  	0	0	--  	          4.68	
300467	迅游科技	--  	46.60	--  	--  	--  	0	0	--  	          0.00	--  	--  	--  	46.60	   163.83	0	  0.00	互联网	四川	0.00	46.60	0	0	--  	0	0	--  	          0.92	
600064	南京高科	0.47	17.28	0.08	17.28	17.29	46534	20	0.05	          0.60	17.16	17.32	17.07	17.20	    11.04	80177504	  0.96	园区开发	江苏	1.45	17.23	21994	24539	  0.90	99	179	--  	          7.72	
600082	海泰发展	1.09	8.34	0.09	8.33	8.34	92703	1	0.24	          1.47	8.21	8.37	8.13	8.25	--  	76673472	  0.71	园区开发	天津	2.91	8.27	43774	48929	  0.89	449	459	--  	          6.33	
600100	同方股份	0.22	13.94	0.03	13.94	13.95	251383	131	0.28	          1.14	13.89	13.98	13.81	13.91	     6.08	349681408	  0.75	电脑设备	北京	1.22	13.91	137961	113422	  1.22	546	901	--  	         21.98	
600105	永鼎股份	0.61	9.95	0.06	9.95	9.96	43882	101	0.10	          0.58	9.96	9.96	9.83	9.89	    44.17	43529228	  0.81	通信设备	江苏	1.31	9.92	20501	23381	  0.88	8	356	--  	          7.62	
600128	弘业股份	0.27	14.74	0.04	14.74	14.75	27560	100	0.00	          1.12	14.71	14.79	14.50	14.70	    74.33	40432880	  1.10	商贸代理	江苏	1.97	14.67	11910	15649	  0.76	23	860	--  	          2.47	
600133	东湖高新	1.71	8.35	0.14	8.34	8.35	68222	500	-0.11	          1.27	8.23	8.39	8.19	8.21	   118.28	56882180	  1.26	园区开发	湖北	2.44	8.34	29562	38660	  0.76	129	510	--  	          5.38	
600145	*ST新亿	0.00	1.87	0.00	--  	--  	0	0	0.00	          0.00	--  	--  	--  	1.87	    88.67	0	  0.00	陶瓷	新疆	0.00	1.87	0	0	--  	0	0	--  	         14.91	
600160	巨化股份	2.70	12.15	0.32	12.16	12.17	303207	90	0.33	          1.67	11.79	12.16	11.70	11.83	   272.30	363280384	  1.36	化工原料	浙江	3.89	11.98	143798	159408	  0.90	110	1108	--  	         18.11	
600198	大唐电信	-0.29	16.94	-0.05	16.94	16.95	169353	17	-0.05	          2.02	16.98	17.17	16.53	16.99	--  	284652096	  0.96	通信设备	北京	3.77	16.81	83585	85768	  0.97	960	468	--  	          8.39	
600201	生物股份	-0.26	34.34	-0.09	34.31	34.40	35623	910	-0.17	          0.63	34.40	34.76	34.20	34.43	    32.55	122714144	  0.84	生物制药	内蒙	1.63	34.45	15396	20227	  0.76	16	32	--  	          5.69	
600210	紫江企业	0.71	5.65	0.04	5.65	5.66	218494	59	0.00	          1.52	5.62	5.66	5.55	5.61	    26.09	122647248	  0.79	广告包装	上海	1.96	5.61	102091	116402	  0.88	165	3929	--  	         14.37	
600227	赤天化	0.27	7.30	0.02	7.29	7.30	80962	11	0.27	          0.85	7.28	7.36	7.18	7.28	--  	58965432	  0.56	农药化肥	贵州	2.47	7.28	41856	39106	  1.07	695	913	--  	          9.50	
600231	凌钢股份	0.89	3.40	0.03	3.40	3.41	242872	552	0.29	          1.51	3.35	3.40	3.30	3.37	    63.95	81382152	  0.87	普钢	辽宁	2.97	3.35	117570	125301	  0.94	7591	7583	--  	         16.08	
600235	民丰特纸	-0.09	10.60	-0.01	10.59	10.60	30696	200	0.00	          0.87	10.63	10.67	10.45	10.61	   344.54	32463388	  0.78	造纸	浙江	2.07	10.58	14790	15906	  0.93	116	36	--  	          3.51	
600250	南纺股份	-1.19	14.94	-0.18	14.93	14.94	17900	25	-0.06	          0.69	15.00	15.17	14.90	15.12	--  	26800466	  1.05	商贸代理	江苏	1.79	14.97	10680	7219	  1.48	67	125	--  	          2.59	
600257	大湖股份	-0.30	9.93	-0.03	9.92	9.94	50784	410	0.20	          1.19	10.00	10.01	9.85	9.96	   684.55	50334912	  1.06	渔业	湖南	1.61	9.91	27390	23394	  1.17	160	468	--  	          4.27	
600266	北京城建	2.41	14.42	0.34	14.41	14.42	296695	47	0.13	          1.96	14.01	14.44	13.94	14.08	    24.75	423540672	  2.18	区域地产	北京	3.55	14.28	121367	175327	  0.69	1732	1106	--  	         15.17	
600283	钱江水利	-0.64	12.45	-0.08	12.43	12.44	43653	1158	-0.08	          1.30	12.52	12.52	12.30	12.53	--  	54107668	  0.67	水务	浙江	1.76	12.39	22227	21426	  1.04	70	17	--  	          3.36	
600300	维维股份	0.74	6.85	0.05	6.85	6.86	59722	1	-0.14	          0.36	6.80	6.87	6.77	6.80	    89.09	40837100	  0.49	软饮料	江苏	1.47	6.84	25106	34616	  0.73	174	806	--  	         16.72	
600309	万华化学	0.41	26.75	0.11	26.74	26.75	206678	15	0.18	          0.96	26.43	27.08	26.43	26.64	    18.28	553718784	  0.89	化工原料	山东	2.44	26.79	102471	104207	  0.98	15	177	--  	         21.62	
600366	宁波韵升	1.05	20.16	0.21	20.16	20.17	57042	100	0.04	          1.08	19.92	20.17	19.87	19.95	    10.86	114288928	  0.65	电器仪表	浙江	1.50	20.04	26201	30840	  0.85	164	474	--  	          5.29	
600387	海越股份	0.00	17.94	0.00	--  	--  	0	0	0.00	          0.00	--  	--  	--  	17.94	--  	0	  0.00	石油贸易	浙江	0.00	17.94	0	0	--  	0	0	--  	          3.86	
600461	洪城水业	1.55	7.85	0.12	7.84	7.85	45489	1	0.12	          0.77	7.73	7.85	7.71	7.73	    20.38	35521208	  0.65	水务	江西	1.81	7.81	16927	28562	  0.59	7	895	--  	          5.94	
600487	亨通光电	2.36	23.44	0.54	23.38	23.39	504711	11	0.47	          4.07	22.95	23.85	22.70	22.90	    20.83	1176621440	  1.43	通信设备	江苏	5.02	23.31	241231	263480	  0.92	8	3	--  	         12.41	
600596	新安股份	0.90	10.10	0.09	10.10	10.11	122862	71	0.00	          1.81	10.00	10.17	9.74	10.01	--  	122119752	  0.62	农药化肥	浙江	4.30	9.94	56846	66015	  0.86	425	121	--  	          6.79	
600624	复旦复华	0.58	8.69	0.05	8.68	8.69	52208	5	0.00	          0.90	8.61	8.69	8.55	8.64	   116.91	45112420	  0.44	综合类	上海	1.62	8.64	25515	26693	  0.96	223	476	--  	          5.83	
600630	龙头股份	0.86	15.22	0.13	15.22	15.24	77322	15	0.00	          1.82	15.09	15.24	14.83	15.09	    68.92	116314608	  0.95	纺织	上海	2.72	15.04	35953	41369	  0.87	3	431	--  	          4.25	
600633	浙报传媒	1.75	18.63	0.32	18.63	18.64	182060	15	-0.10	          1.53	18.11	18.75	17.93	18.31	    45.68	336685504	  1.27	出版业	浙江	4.48	18.49	85354	96706	  0.88	143	4	--  	         11.88	
600635	大众公用	0.46	6.53	0.03	6.53	6.54	221545	30	0.15	          0.92	6.52	6.58	6.48	6.50	    33.11	144735808	  0.88	供气供热	上海	1.54	6.53	125790	95754	  1.31	1351	5764	--  	         24.19	
600649	城投控股	0.00	20.34	0.00	--  	--  	0	0	0.00	          0.00	--  	--  	--  	20.34	    24.56	0	  0.00	区域地产	上海	0.00	20.34	0	0	--  	0	0	--  	         24.21	
600658	电子城	-0.29	13.79	-0.04	13.75	13.82	28267	29	0.29	          0.49	13.72	13.82	13.51	13.83	    64.41	38607732	  0.85	园区开发	北京	2.24	13.66	14655	13612	  1.08	108	1	--  	          5.80	
600683	京投发展	-0.97	9.20	-0.09	9.19	9.20	52169	10	0.00	          0.70	9.23	9.31	9.10	9.29	    51.99	47932508	  1.66	区域地产	浙江	2.26	9.19	33997	18172	  1.87	71	2	--  	          7.41	
600689	上海三毛	-0.11	17.43	-0.02	17.43	17.44	22600	19	0.00	          1.48	17.46	17.46	17.18	17.45	--  	39141416	  0.59	纺织	上海	1.60	17.32	11683	10916	  1.07	114	148	--  	          1.52	
600736	苏州高新	0.00	8.51	0.00	--  	--  	0	0	0.00	          0.00	--  	--  	--  	8.51	    33.09	0	  0.00	园区开发	江苏	0.00	8.51	0	0	--  	0	0	--  	         11.39	
600744	华银电力	0.58	5.18	0.03	5.17	5.18	48763	20	0.19	          0.59	5.15	5.18	5.10	5.15	--  	25089348	  0.87	火力发电	湖南	1.55	5.15	25006	23756	  1.05	573	1790	--  	          8.28	
600747	大连控股	0.00	5.20	0.00	--  	--  	0	0	0.00	          0.00	--  	--  	--  	5.20	--  	0	  0.00	多元金融	辽宁	0.00	5.20	0	0	--  	0	0	--  	         10.64	
600770	综艺股份	0.51	9.89	0.05	9.89	9.90	71105	48	0.10	          0.64	9.83	9.90	9.71	9.84	   235.72	69826048	  0.62	综合类	江苏	1.93	9.82	37485	33620	  1.11	132	1217	--  	         11.05	
600781	辅仁药业	0.22	18.57	0.04	18.55	18.59	15087	33	0.05	          0.85	18.55	18.59	18.35	18.53	   121.36	27917660	  0.74	中成药	河南	1.30	18.50	7138	7948	  0.90	36	42	--  	          1.78	
600783	鲁信创投	1.06	24.71	0.26	24.69	24.70	47998	30	0.20	          0.64	24.42	24.73	24.40	24.45	    41.54	118123904	  0.57	矿物制品	山东	1.35	24.61	21197	26801	  0.79	56	42	--  	          7.44	
600820	隧道股份	0.36	11.23	0.04	11.23	11.24	320296	4	0.26	          1.02	11.16	11.24	10.99	11.19	    25.24	356230560	  1.17	建筑施工	上海	2.23	11.12	152583	167713	  0.91	270	2323	--  	         31.44	
600824	益民集团	0.71	7.06	0.05	7.05	7.06	53335	12	0.14	          0.51	7.00	7.06	6.94	7.01	    40.85	37341408	  0.89	百货	上海	1.71	7.00	25025	28309	  0.88	458	741	--  	         10.54	
600831	广电网络	-0.08	13.14	-0.01	13.14	13.15	58990	10	0.30	          1.05	13.14	13.14	12.98	13.15	    48.51	77142376	  1.05	影视音像	陕西	1.22	13.08	37028	21962	  1.69	8	372	--  	          5.63	
600862	中航高科	1.22	12.42	0.15	12.40	12.42	39432	56	0.00	          0.50	12.32	12.45	12.21	12.27	   168.45	48739760	  0.54	航空	江苏	1.96	12.36	16351	23081	  0.71	216	37	--  	          7.90	
600880	博瑞传播	1.66	8.57	0.14	8.56	8.57	173659	32	0.11	          2.37	8.45	8.57	8.44	8.43	   155.81	147949232	  0.94	广告包装	四川	1.54	8.52	68922	104737	  0.66	180	444	--  	          7.32	
600884	杉杉股份	-0.46	14.99	-0.07	14.98	14.99	189178	65	0.20	          2.30	14.98	15.30	14.80	15.06	    47.10	285711168	  0.85	服饰	浙江	3.32	15.10	95851	93327	  1.03	300	55	--  	          8.22	
600895	张江高科	0.84	18.03	0.15	18.03	18.04	61449	9	0.00	          0.40	17.88	18.05	17.78	17.88	    53.99	110192512	  0.75	园区开发	上海	1.51	17.93	28025	33424	  0.84	253	430	--  	         15.49	
600896	览海投资	0.09	10.73	0.01	10.73	10.74	32754	6	0.00	          0.57	10.72	10.76	10.57	10.72	--  	34963616	  1.16	水运	海南	1.77	10.67	14352	18401	  0.78	11	872	--  	          5.77	
600900	长江电力	0.93	13.02	0.12	13.02	13.03	160446	21	0.07	          0.16	12.95	13.05	12.91	12.90	    13.15	208548224	  0.96	水力发电	北京	1.09	13.00	66314	94132	  0.70	24	1788	--  	         97.46	
600981	汇鸿集团	0.34	8.93	0.03	8.92	8.93	28952	2	0.00	          1.20	8.90	8.94	8.83	8.90	    26.74	25729668	  0.66	商贸代理	江苏	1.24	8.89	17279	11673	  1.48	293	10	--  	          2.42	
601333	广深铁路	0.74	5.43	0.04	5.42	5.43	337002	586	0.00	          0.60	5.39	5.43	5.33	5.39	    26.48	181739392	  0.99	铁路	深圳	1.86	5.39	157735	179266	  0.88	5513	7627	--  	         56.52	
601555	东吴证券	0.77	13.05	0.10	13.04	13.05	162428	606	0.23	          0.56	12.91	13.05	12.83	12.95	    23.50	210319360	  0.92	证券	江苏	1.70	12.95	84086	78341	  1.07	48	341	--  	         28.91	
601599	鹿港文化	0.46	8.69	0.04	8.68	8.69	44697	7	-0.11	          0.52	8.70	8.76	8.57	8.65	    51.63	38727432	  0.59	影视音像	江苏	2.20	8.66	20605	24091	  0.86	221	66	--  	          8.53	
数据来源:通达信
