代码	名称	涨幅%%	现价	涨跌	买价	卖价	总量	现量	涨速%%	换手%%	今开	最高	最低	昨收	市盈(动)	总金额	量比	细分行业	地区	振幅%%	均价	内盘	外盘	内外比	买量	卖量	未匹配量	流通股(亿)	
000829	天音控股	--  	11.28	--  	--  	--  	0	0	--  	          0.00	--  	--  	--  	11.28	   132.17	0	  0.00	其他商业	江西	0.00	11.28	0	0	--  	0	0	--  	          9.47	
000851	高鸿股份	2.63	12.50	0.32	12.49	12.50	181052	2040	0.08	          3.48	12.18	12.55	12.07	12.18	   145.01	224786416	  1.39	软件服务	贵州	3.94	12.42	80118	100933	  0.79	1003	1849	--  	          5.20	
000971	高升控股	-0.05	21.29	-0.01	21.28	21.29	28230	287	0.04	          1.16	21.36	21.42	21.09	21.30	    98.03	59994108	  0.59	互联网	湖北	1.55	21.25	15083	13147	  1.15	126	253	--  	          2.43	
000981	银亿股份	--  	10.14	--  	--  	--  	0	0	--  	          0.00	--  	--  	--  	10.14	    43.99	0	  0.00	区域地产	甘肃	0.00	10.14	0	0	--  	0	0	--  	         25.74	
002072	凯瑞德	1.17	24.18	0.28	24.17	24.18	42768	3047	0.62	          2.43	23.90	24.18	23.50	23.90	    97.64	102672528	  0.89	纺织	山东	2.85	24.01	15658	27110	  0.58	3	356	--  	          1.76	
002117	东港股份	-0.30	30.10	-0.09	30.10	30.12	24044	225	-0.26	          0.66	30.15	30.61	29.82	30.19	    55.12	72882176	  0.74	广告包装	山东	2.62	30.31	11005	13038	  0.84	171	93	--  	          3.64	
002181	粤 传 媒	-0.28	7.20	-0.02	7.20	7.21	26045	189	-0.13	          0.23	7.19	7.23	7.09	7.22	--  	18692818	  0.47	出版业	广东	1.94	7.18	14395	11649	  1.24	859	207	--  	         11.41	
002197	证通电子	0.83	15.82	0.13	15.82	15.83	28902	649	0.06	          0.85	15.73	15.83	15.58	15.69	   193.36	45486832	  0.78	电器仪表	深圳	1.59	15.74	13317	15584	  0.85	387	436	--  	          3.40	
002229	鸿博股份	1.26	22.44	0.28	22.44	22.45	41637	992	-0.04	          1.97	22.16	22.50	21.73	22.16	--  	92252624	  0.95	广告包装	福建	3.47	22.16	18092	23545	  0.77	435	230	--  	          2.12	
002235	安妮股份	2.73	16.18	0.43	16.18	16.19	76214	1667	0.12	          3.35	15.79	16.18	15.33	15.75	   455.57	120852992	  1.14	造纸	福建	5.40	15.86	35005	41209	  0.85	731	533	--  	          2.27	
002261	拓维信息	-0.16	12.13	-0.02	12.13	12.14	60972	392	0.08	          0.82	12.17	12.19	12.00	12.15	    61.83	73817440	  0.61	互联网	湖南	1.56	12.11	33652	27319	  1.23	221	522	--  	          7.45	
002264	新 华 都	-1.04	10.45	-0.11	10.45	10.46	77726	2150	0.09	          1.40	10.55	10.55	10.26	10.56	    25.32	80697208	  1.04	超市连锁	福建	2.75	10.38	45885	31841	  1.44	869	164	--  	          5.56	
002277	友阿股份	1.05	16.30	0.17	16.29	16.30	290508	3266	0.00	          5.13	16.15	16.52	15.99	16.13	    38.59	472230336	  1.64	百货	湖南	3.29	16.26	134841	155666	  0.87	1280	175	--  	          5.66	
002416	爱施德	4.25	13.74	0.56	13.73	13.74	123859	4692	0.14	          1.28	13.21	13.74	13.18	13.18	    75.59	167523632	  1.99	电器连锁	深圳	4.25	13.53	35865	87993	  0.41	1134	103	--  	          9.71	
002419	天虹商场	1.04	16.59	0.17	16.58	16.59	209303	1592	0.12	          2.62	16.35	16.69	16.15	16.42	    25.33	344457312	  1.75	百货	深圳	3.29	16.46	107255	102048	  1.05	130	162	--  	          8.00	
002450	康得新	1.78	19.39	0.34	19.38	19.39	601147	2469	-0.05	          2.09	19.07	19.56	18.93	19.05	    36.23	1160432768	  2.06	化工原料	江苏	3.31	19.30	260050	341096	  0.76	2526	576	--  	         28.76	
002605	姚记扑克	0.37	16.23	0.06	16.22	16.23	18975	287	0.18	          0.71	16.20	16.24	16.01	16.17	    69.30	30626238	  0.88	文教休闲	上海	1.42	16.14	9068	9906	  0.92	116	268	--  	          2.69	
002697	红旗连锁	0.13	7.92	0.01	7.91	7.92	133401	2432	0.00	          1.82	7.88	7.94	7.81	7.91	    59.90	105067376	  0.84	超市连锁	四川	1.64	7.88	64080	69320	  0.92	3238	119	--  	          7.31	
300028	金亚科技	-1.79	13.20	-0.24	13.20	13.21	178070	3051	0.00	          7.19	13.49	13.58	13.11	13.44	   390.45	236503104	  1.06	通信设备	四川	3.50	13.28	95483	82586	  1.16	464	392	--  	          2.48	
300033	同花顺	1.17	68.25	0.79	68.24	68.25	59592	536	0.01	          2.26	67.69	68.50	66.71	67.46	    30.28	404813088	  1.59	软件服务	浙江	2.65	67.93	26625	32966	  0.81	42	1558	--  	          2.64	
300052	中青宝	1.55	24.96	0.38	24.96	24.97	98037	1336	0.04	          3.77	24.50	25.20	24.21	24.58	   580.61	243006624	  1.02	互联网	深圳	4.03	24.79	42383	55654	  0.76	1038	536	--  	          2.60	
300059	东方财富	0.00	16.00	0.00	15.99	16.00	244255	4469	0.06	          0.92	15.98	16.05	15.72	16.00	    79.76	388575616	  0.71	互联网	上海	2.06	15.91	122596	121658	  1.01	2455	3983	--  	         26.48	
600037	歌华有线	0.73	15.24	0.11	15.24	15.25	47957	2	0.00	          0.41	15.12	15.25	15.05	15.13	    26.74	72808064	  0.65	影视音像	北京	1.32	15.18	23774	24183	  0.98	211	1966	--  	         11.68	
600138	中青旅	0.00	21.88	0.00	21.88	21.89	63689	10	-0.04	          0.91	21.94	21.96	21.61	21.88	    27.08	138864208	  0.67	旅游服务	北京	1.60	21.80	28408	35280	  0.81	143	340	--  	          7.03	
600158	中体产业	-1.04	19.89	-0.21	19.88	19.89	197019	30	0.25	          3.00	19.97	19.97	19.59	20.10	   614.81	390110176	  0.96	文教休闲	天津	1.89	19.80	110911	86108	  1.29	302	531	--  	          6.57	
600433	冠豪高新	0.53	7.62	0.04	7.62	7.63	92894	706	0.13	          0.78	7.57	7.63	7.49	7.58	   118.59	70388888	  0.93	造纸	广东	1.85	7.58	41868	51026	  0.82	30	728	--  	         11.90	
600640	号百控股	-0.15	19.88	-0.03	19.87	19.88	33460	5	0.15	          0.62	19.93	19.95	19.63	19.91	   477.63	66071160	  0.47	酒店餐饮	上海	1.61	19.75	20339	13120	  1.55	84	174	--  	          5.35	
600696	匹凸匹	0.00	10.98	0.00	--  	--  	0	0	0.00	          0.00	--  	--  	--  	10.98	--  	0	  0.00	区域地产	上海	0.00	10.98	0	0	--  	0	0	--  	          3.41	
600770	综艺股份	0.51	9.89	0.05	9.89	9.90	71105	48	0.10	          0.64	9.83	9.90	9.71	9.84	   235.72	69826048	  0.62	综合类	江苏	1.93	9.82	37485	33620	  1.11	132	1217	--  	         11.05	
600823	世茂股份	1.93	7.38	0.14	7.38	7.39	240782	43	0.00	          0.90	7.25	7.40	7.22	7.24	    10.50	176660448	  2.86	全国地产	上海	2.49	7.34	95661	145121	  0.66	19	5797	--  	         26.79	
601216	君正集团	1.92	5.30	0.10	5.30	5.31	1688323	1142	0.00	          2.00	5.18	5.35	5.10	5.20	    33.84	887112256	  1.20	化工原料	内蒙	4.81	5.25	707035	981287	  0.72	2908	4819	--  	         84.38	
601519	大智慧	-0.92	6.46	-0.06	6.46	6.47	133634	40	0.15	          0.67	6.49	6.49	6.34	6.52	--  	85669984	  1.41	软件服务	上海	2.30	6.41	61645	71989	  0.86	84	1116	--  	         19.88	
603000	人民网	0.06	16.36	0.01	16.35	16.36	62621	20	0.06	          0.57	16.35	16.41	16.13	16.35	   180.60	101725520	  1.30	互联网	北京	1.71	16.24	36113	26507	  1.36	118	234	--  	         11.06	
数据来源:通达信
