代码	名称	涨幅%%	现价	涨跌	买价	卖价	总量	现量	涨速%%	换手%%	今开	最高	最低	昨收	市盈(动)	总金额	量比	细分行业	地区	振幅%%	均价	内盘	外盘	内外比	买量	卖量	未匹配量	流通股(亿)	
000011	深物业A	-1.40	16.91	-0.24	16.91	16.92	58737	735	-0.05	          3.34	16.95	16.96	16.65	17.15	--  	98866232	  0.94	区域地产	深圳	1.81	16.83	33195	25542	  1.30	461	162	--  	          1.76	
000012	南 玻Ａ	0.80	11.35	0.09	11.35	11.36	136958	1537	0.00	          1.05	11.24	11.36	11.11	11.26	    24.71	154130288	  0.79	玻璃	深圳	2.22	11.25	60849	76108	  0.80	828	1731	--  	         13.04	
000016	深康佳Ａ	0.90	4.49	0.04	4.49	4.50	103436	3223	0.22	          0.65	4.46	4.50	4.42	4.45	--  	46192644	  1.03	家用电器	深圳	1.80	4.47	31930	71506	  0.45	104	10170	--  	         15.97	
000017	深中华A	-0.80	11.22	-0.09	11.22	11.23	85020	1666	0.26	          2.81	11.29	11.29	10.92	11.31	  2230.04	94405112	  0.74	文教休闲	深圳	3.27	11.10	47244	37775	  1.25	122	76	--  	          3.03	
000018	神州长城	-0.82	9.66	-0.08	9.66	9.67	172647	1087	0.00	          2.29	9.72	9.75	9.54	9.74	    40.58	166010368	  1.51	装修装饰	深圳	2.16	9.62	108631	64016	  1.70	292	580	--  	          7.53	
000019	深深宝Ａ	-2.68	16.32	-0.45	16.32	16.33	267722	3838	-0.18	          7.08	16.42	16.53	16.11	16.77	--  	435080320	  1.32	软饮料	深圳	2.50	16.25	147003	120718	  1.22	191	1047	--  	          3.78	
000020	深华发Ａ	-0.98	21.28	-0.21	21.28	21.29	14761	127	0.04	          0.81	21.49	21.60	21.08	21.49	  1002.23	31359002	  1.18	元器件	深圳	2.42	21.24	8692	6068	  1.43	101	42	--  	          1.81	
000022	深赤湾Ａ	0.20	19.75	0.04	19.75	19.76	59899	3418	-0.30	          1.29	19.50	19.88	19.33	19.71	    22.35	117773880	  0.52	港口	深圳	2.79	19.66	29129	30770	  0.95	94	20	--  	          4.65	
000025	特 力Ａ	-0.06	51.15	-0.03	51.15	51.16	14561	515	0.00	          0.75	51.14	51.29	50.56	51.18	   435.03	74206448	  0.67	汽车服务	深圳	1.43	50.96	7974	6586	  1.21	28	84	--  	          1.94	
000026	飞亚达Ａ	1.19	14.46	0.17	14.45	14.46	84189	713	0.06	          2.36	14.25	14.52	14.14	14.29	    57.33	121192872	  0.84	其他商业	深圳	2.66	14.40	37726	46462	  0.81	414	765	--  	          3.57	
000028	国药一致	-0.06	70.33	-0.04	70.30	70.33	12554	23	0.15	          0.54	70.37	71.12	70.20	70.37	    31.24	88632824	  1.25	医药商业	深圳	1.31	70.60	9230	3323	  2.78	1	15	--  	          2.33	
000029	深深房Ａ	--  	11.17	--  	--  	--  	0	0	--  	          0.00	--  	--  	--  	11.17	    35.78	0	  0.00	区域地产	深圳	0.00	11.17	0	0	--  	0	0	--  	          8.92	
000030	富奥股份	1.96	8.83	0.17	8.82	8.83	103535	704	0.11	          0.83	8.66	8.95	8.61	8.66	    16.50	90658352	  1.84	汽车配件	吉林	3.93	8.76	45744	57790	  0.79	314	770	--  	         12.47	
000037	*ST南电A	1.22	12.40	0.15	12.30	12.40	54370	5666	0.89	          1.60	12.20	12.40	12.10	12.25	--  	66601536	  1.01	火力发电	深圳	2.45	12.25	27273	27097	  1.01	33	651	--  	          3.39	
000045	深纺织Ａ	-1.54	14.09	-0.22	14.09	14.10	105598	1681	0.00	          2.31	14.15	14.19	13.84	14.31	--  	147672256	  0.96	纺织	深圳	2.45	13.98	59358	46239	  1.28	2247	1635	--  	          4.57	
000055	方大集团	1.72	14.80	0.25	14.79	14.80	49768	793	0.06	          1.18	14.59	14.82	14.46	14.55	    76.66	73105288	  1.48	其他建材	深圳	2.47	14.69	18908	30859	  0.61	1180	198	--  	          4.20	
000056	皇庭国际	0.16	12.85	0.02	12.85	12.86	16204	554	0.00	          0.57	12.83	12.90	12.71	12.83	   148.09	20795786	  0.80	房产服务	深圳	1.48	12.83	7180	9024	  0.80	233	256	--  	          2.86	
000058	深 赛 格	-0.28	10.61	-0.03	10.61	10.62	36247	518	0.09	          0.67	10.55	10.64	10.51	10.64	   232.57	38363800	  0.77	元器件	深圳	1.22	10.58	19977	16269	  1.23	96	201	--  	          5.38	
000413	东旭光电	--  	10.21	--  	--  	--  	0	0	--  	          0.00	--  	--  	--  	10.21	    47.18	0	  0.00	元器件	河北	0.00	10.21	0	0	--  	0	0	--  	         29.89	
000418	小天鹅Ａ	1.17	38.81	0.45	38.81	38.82	48697	343	0.18	          1.11	38.35	39.88	38.13	38.36	    20.89	190247408	  1.61	家用电器	江苏	4.56	39.07	23536	25160	  0.94	24	13	--  	          4.39	
000429	粤高速Ａ	-0.13	7.42	-0.01	7.41	7.42	41557	189	0.00	          0.89	7.43	7.46	7.32	7.43	    14.59	30689606	  0.59	路桥	广东	1.88	7.38	22242	19314	  1.15	368	225	--  	          4.69	
000488	晨鸣纸业	2.26	12.22	0.27	12.21	12.22	238905	4629	0.08	          2.16	11.95	12.23	11.80	11.95	    11.46	288615360	  0.98	造纸	山东	3.60	12.08	99787	139117	  0.72	2251	905	--  	         11.06	
000505	*ST珠江	-0.54	10.98	-0.06	10.98	10.99	28196	438	0.09	          0.78	11.00	11.08	10.91	11.04	--  	30903444	  0.61	房产服务	海南	1.54	10.96	18107	10089	  1.79	38	124	--  	          3.60	
000521	美菱电器	0.83	7.30	0.06	7.29	7.30	165283	1273	0.13	          2.79	7.25	7.45	7.19	7.24	    34.60	121197200	  2.19	家用电器	安徽	3.59	7.33	74367	90915	  0.82	586	190	--  	          5.92	
000530	大冷股份	0.27	11.28	0.03	11.27	11.28	73947	995	0.00	          2.07	11.23	11.30	11.14	11.25	    39.28	83027936	  1.69	机械基件	辽宁	1.42	11.23	40536	33411	  1.21	12	70	--  	          3.57	
000539	粤电力Ａ	0.73	5.53	0.04	5.53	5.54	64680	1422	0.00	          0.25	5.49	5.54	5.45	5.49	    14.75	35546316	  0.84	火力发电	广东	1.64	5.50	32739	31941	  1.02	1195	2765	--  	         25.54	
000541	佛山照明	0.10	10.51	0.01	10.50	10.51	72599	620	0.00	          0.74	10.54	10.58	10.33	10.50	    35.80	75995360	  0.57	家用电器	广东	2.38	10.47	38001	34597	  1.10	840	323	--  	          9.75	
000550	江铃汽车	1.22	28.18	0.34	28.15	28.18	29149	764	0.07	          0.56	27.84	28.22	27.57	27.84	    16.68	81449496	  1.15	汽车整车	江西	2.33	27.94	13638	15510	  0.88	12	703	--  	          5.17	
000553	沙隆达Ａ	1.63	14.95	0.24	14.95	14.96	64942	1075	0.00	          1.78	14.60	15.07	14.50	14.71	   324.85	96545856	  0.89	农药化肥	湖北	3.87	14.87	29053	35888	  0.81	28	221	--  	          3.64	
000570	苏常柴Ａ	0.77	9.13	0.07	9.12	9.13	45177	200	0.10	          1.10	9.04	9.14	8.90	9.06	    69.75	40871644	  0.94	机械基件	江苏	2.65	9.05	21988	23188	  0.95	277	464	--  	          4.11	
000581	威孚高科	1.98	23.72	0.46	23.72	23.73	56572	887	0.12	          0.68	23.26	23.76	23.18	23.26	    13.70	133363208	  1.08	汽车配件	江苏	2.49	23.57	22461	34111	  0.66	633	395	--  	          8.36	
000596	古井贡酒	0.81	54.47	0.44	54.47	54.48	25448	54	0.18	          0.66	53.92	55.28	53.54	54.03	    35.32	139114912	  1.07	白酒	安徽	3.22	54.67	14498	10950	  1.32	19	4	--  	          3.84	
000613	大东海A	--  	15.04	--  	--  	--  	0	0	--  	          0.00	--  	--  	--  	15.04	--  	0	  0.00	旅游服务	海南	0.00	15.04	0	0	--  	0	0	--  	          2.66	
000625	长安汽车	0.84	15.62	0.13	15.62	15.63	332306	1602	-0.06	          0.88	15.46	15.65	15.37	15.49	     7.27	516725120	  0.77	汽车整车	重庆	1.81	15.55	154897	177409	  0.87	933	2360	--  	         37.61	
000725	京东方Ａ	1.91	3.20	0.06	3.20	3.21	3809817	28719	-0.31	          1.59	3.13	3.21	3.12	3.14	   599.76	1206541312	  1.88	元器件	北京	2.87	3.17	1356919	2452897	  0.55	45648	105935	--  	        240.29	
000726	鲁 泰Ａ	0.16	12.63	0.02	12.63	12.64	60526	1280	0.00	          1.08	12.55	12.64	12.48	12.61	    15.04	76137632	  0.81	纺织	山东	1.27	12.58	30024	30502	  0.98	361	710	--  	          5.61	
000761	本钢板材	1.32	6.12	0.08	6.12	6.13	93823	911	0.00	          0.34	6.07	6.15	5.98	6.04	    25.05	57011668	  1.01	钢加工	辽宁	2.81	6.08	40426	53397	  0.76	887	457	--  	         27.36	
000869	张 裕Ａ	0.98	37.07	0.36	37.07	37.08	21788	455	0.02	          0.48	36.75	37.09	36.40	36.71	    23.11	80252136	  1.03	红黄药酒	山东	1.88	36.83	10560	11228	  0.94	193	58	--  	          4.53	
600054	黄山旅游	0.17	17.69	0.03	17.69	17.70	41897	3	0.28	          0.82	17.66	17.74	17.40	17.66	    30.40	73596448	  0.48	旅游景点	安徽	1.93	17.57	21991	19905	  1.10	6	322	--  	          5.13	
600094	大名城	0.12	8.41	0.01	8.40	8.41	76818	3	0.11	          0.42	8.40	8.41	8.34	8.40	    19.64	64455036	  1.10	区域地产	上海	0.83	8.39	38805	38013	  1.02	551	5756	--  	         18.13	
600190	锦州港	1.63	4.37	0.07	4.35	4.37	56545	9	0.69	          0.32	4.30	4.37	4.28	4.30	   164.04	24429004	  0.80	港口	辽宁	2.09	4.32	26712	29833	  0.90	56	1699	--  	         17.79	
600221	海南航空	0.59	3.40	0.02	3.39	3.40	715938	37	0.29	          0.61	3.38	3.40	3.35	3.38	    12.59	241815584	  1.18	空运	海南	1.48	3.38	288445	427493	  0.67	3760	97029	--  	        118.12	
600272	开开实业	0.11	18.54	0.02	18.51	18.55	13235	20	-0.16	          0.83	18.48	18.58	18.25	18.52	   237.77	24468456	  0.77	服饰	上海	1.78	18.49	4572	8662	  0.53	10	10	--  	          1.60	
600295	鄂尔多斯	0.80	10.14	0.08	10.14	10.15	49509	125	0.29	          0.81	10.06	10.15	10.01	10.06	    43.15	49853488	  0.90	小金属	内蒙	1.39	10.07	25012	24496	  1.02	66	586	--  	          6.12	
600320	振华重工	1.31	5.42	0.07	5.41	5.42	115086	18	-0.36	          0.42	5.34	5.44	5.30	5.35	   114.72	61834936	  0.86	工程机械	上海	2.62	5.37	48988	66098	  0.74	1376	136	--  	         27.68	
600555	海航创新	-0.17	5.82	-0.01	5.81	5.83	64264	20	0.00	          0.66	5.82	5.84	5.70	5.83	--  	37161684	  1.54	旅游景点	海南	2.40	5.78	36323	27941	  1.30	127	431	--  	          9.74	
600602	云赛智联	0.00	9.39	0.00	--  	--  	0	0	0.00	          0.00	--  	--  	--  	9.39	    41.24	0	  0.00	软件服务	上海	0.00	9.39	0	0	--  	0	0	--  	          8.80	
600604	市北高新	0.05	18.73	0.01	18.73	18.74	31711	5	0.10	          0.83	18.70	18.74	18.52	18.72	    80.22	59108296	  1.02	园区开发	上海	1.18	18.64	17874	13836	  1.29	56	208	--  	          3.82	
600610	中毅达	0.19	10.76	0.02	10.75	10.76	78903	1	0.00	          2.10	10.70	10.82	10.55	10.74	--  	84143200	  0.81	建筑施工	上海	2.51	10.66	36236	42666	  0.85	176	49	--  	          3.76	
600611	大众交通	0.31	6.39	0.02	6.38	6.39	60984	8	0.00	          0.39	6.37	6.39	6.32	6.37	    26.11	38802464	  0.71	公共交通	上海	1.10	6.36	36730	24253	  1.51	1063	2867	--  	         15.63	
600612	老凤祥	1.25	40.37	0.50	40.37	40.50	13147	1	-0.44	          0.41	39.99	40.66	39.62	39.87	    19.72	52959064	  1.77	服饰	上海	2.61	40.28	4005	9142	  0.44	10	4	--  	          3.17	
600613	神奇制药	-0.19	15.71	-0.03	15.71	15.72	127578	11	0.31	          2.66	15.57	15.86	15.27	15.74	    64.19	199682704	  1.26	中成药	上海	3.75	15.65	68083	59494	  1.14	73	1	--  	          4.79	
600614	鹏起科技	0.93	12.97	0.12	12.97	12.98	194954	21	0.15	          1.65	12.88	13.13	12.74	12.85	    87.15	253360496	  0.65	综合类	上海	3.04	13.00	96774	98179	  0.99	278	455	--  	         11.80	
600617	国新能源	0.93	10.88	0.10	10.87	10.88	12045	3	0.09	          0.13	10.78	10.90	10.68	10.78	    23.89	13024799	  0.81	供气供热	山西	2.04	10.81	5293	6751	  0.78	26	564	--  	          8.98	
600618	氯碱化工	0.38	13.11	0.05	13.10	13.11	26129	57	0.00	          0.35	13.00	13.12	12.95	13.06	--  	34101656	  0.98	化工原料	上海	1.30	13.05	13308	12820	  1.04	1086	511	--  	          7.50	
600619	海立股份	0.70	12.94	0.09	12.93	12.94	55405	9	0.38	          1.20	12.84	12.96	12.59	12.85	   153.84	70710104	  1.00	机械基件	上海	2.88	12.76	26714	28691	  0.93	80	193	--  	          4.61	
600623	华谊集团	0.24	12.39	0.03	12.39	12.40	83575	10	0.32	          0.90	12.38	12.44	12.15	12.36	    72.85	102657368	  0.97	汽车配件	上海	2.35	12.28	44548	39026	  1.14	1233	16	--  	          9.34	
600639	浦东金桥	0.60	18.38	0.11	18.38	18.39	17647	1	0.00	          0.25	18.25	18.40	18.17	18.27	    32.74	32352752	  0.59	园区开发	上海	1.26	18.33	6700	10946	  0.61	17	383	--  	          7.03	
600648	外高桥	0.25	20.19	0.05	20.18	20.19	21261	10	0.04	          0.23	20.10	20.20	19.93	20.14	    27.59	42723352	  0.92	园区开发	上海	1.34	20.09	11054	10206	  1.08	517	43	--  	          9.35	
600650	锦江投资	0.22	23.18	0.05	23.17	23.18	38220	24	0.12	          0.98	23.10	23.19	22.76	23.13	    53.87	87781504	  0.68	公共交通	上海	1.86	22.97	21589	16630	  1.30	54	15	--  	          3.91	
600663	陆家嘴	-0.13	22.44	-0.03	22.43	22.44	27284	2	0.00	          0.11	22.33	22.46	22.25	22.47	    41.84	60949320	  1.21	园区开发	上海	0.93	22.34	15510	11773	  1.32	34	101	--  	         24.45	
600679	上海凤凰	0.84	35.84	0.30	35.84	35.86	57044	26	0.33	          3.06	35.40	35.88	35.00	35.54	   314.65	202522688	  0.68	文教休闲	上海	2.48	35.50	27366	29678	  0.92	87	1	--  	          1.87	
600680	上海普天	-0.23	30.16	-0.07	30.16	30.17	27951	2	0.36	          1.09	30.00	30.20	29.61	30.23	--  	83668112	  0.71	通信设备	上海	1.95	29.93	13979	13972	  1.00	44	7	--  	          2.57	
600689	上海三毛	-0.11	17.43	-0.02	17.43	17.44	22600	19	0.00	          1.48	17.46	17.46	17.18	17.45	--  	39141416	  0.59	纺织	上海	1.60	17.32	11683	10916	  1.07	114	148	--  	          1.52	
600695	绿庭投资	-0.21	9.70	-0.02	9.70	9.72	26866	27	-0.10	          0.73	9.65	9.80	9.65	9.72	  1337.13	26115348	  0.77	多元金融	上海	1.54	9.72	14408	12458	  1.16	99	136	--  	          3.66	
600698	湖南天雁	0.66	12.26	0.08	12.25	12.26	307250	7	0.16	          7.12	12.18	12.39	12.08	12.18	  1133.46	375622464	  0.68	汽车配件	湖南	2.55	12.23	157125	150125	  1.05	894	218	--  	          4.31	
600726	华电能源	0.60	5.05	0.03	5.04	5.05	46179	40	0.19	          0.30	5.02	5.06	4.98	5.02	    29.27	23198852	  0.78	火力发电	黑龙江	1.59	5.02	21118	25060	  0.84	1057	1493	--  	         15.35	
600751	天海投资	-1.32	8.22	-0.11	8.22	8.23	153476	1	-0.12	          0.78	8.12	8.30	8.05	8.33	    83.14	125945184	  1.04	水运	天津	3.00	8.21	88205	65271	  1.35	468	128	--  	         19.71	
600754	锦江股份	0.07	29.84	0.02	29.84	29.86	16410	17	0.03	          0.37	29.74	29.86	29.53	29.82	    42.40	48726908	  0.84	酒店餐饮	上海	1.11	29.69	9291	7118	  1.31	115	64	--  	          4.47	
600776	东方通信	-0.12	8.46	-0.01	8.46	8.47	45914	3	0.11	          0.48	8.49	8.49	8.34	8.47	   118.35	38642804	  0.81	通信设备	浙江	1.77	8.42	21447	24467	  0.88	343	1231	--  	          9.56	
600801	华新水泥	0.64	9.37	0.06	9.36	9.37	124260	49	0.10	          1.28	9.30	9.39	9.20	9.31	    65.45	115820912	  0.71	水泥	湖北	2.04	9.32	56878	67382	  0.84	483	141	--  	          9.73	
600818	中路股份	0.13	30.40	0.04	30.39	30.40	39381	51	-0.13	          1.65	30.50	30.53	29.76	30.36	    92.25	118803792	  0.51	文教休闲	上海	2.54	30.17	21570	17811	  1.21	62	10	--  	          2.38	
600819	耀皮玻璃	0.93	8.70	0.08	8.70	8.71	53873	23	0.34	          0.72	8.64	8.71	8.53	8.62	   146.04	46455824	  0.89	玻璃	上海	2.09	8.62	29179	24693	  1.18	157	454	--  	          7.47	
600822	上海物贸	-1.29	17.61	-0.23	17.61	17.62	54537	41	0.00	          1.38	17.81	17.81	17.24	17.84	   394.81	95249944	  1.04	商贸代理	上海	3.20	17.47	25544	28992	  0.88	33	263	--  	          3.96	
600827	百联股份	-1.16	16.99	-0.20	16.98	16.99	305070	62	0.00	          1.98	17.00	17.08	16.68	17.19	    30.46	514052384	  1.09	超市连锁	上海	2.33	16.85	174475	130594	  1.34	338	3	--  	         15.43	
600835	上海机电	0.83	20.64	0.17	20.64	20.65	31436	103	0.04	          0.39	20.45	20.68	20.31	20.47	    13.85	64525624	  0.98	运输设备	上海	1.81	20.53	15066	16369	  0.92	5	175	--  	          8.07	
600841	上柴股份	-0.84	15.30	-0.13	15.28	15.29	45605	3	0.06	          0.87	15.39	15.39	15.05	15.43	   147.05	69363848	  0.73	机械基件	上海	2.20	15.21	23869	21736	  1.10	646	83	--  	          5.22	
600843	上工申贝	0.18	16.92	0.03	16.92	16.93	48101	5	0.00	          1.58	16.88	16.93	16.58	16.89	    44.26	80783072	  0.79	纺织机械	上海	2.07	16.79	24502	23598	  1.04	334	134	--  	          3.05	
600844	丹化科技	1.48	7.56	0.11	7.56	7.57	32943	43	0.00	          0.56	7.45	7.60	7.40	7.45	--  	24850352	  1.00	化工原料	上海	2.68	7.54	11221	21721	  0.52	118	636	--  	          5.85	
600845	宝信软件	1.50	18.90	0.28	18.90	18.91	28534	9	0.15	          0.54	18.62	18.93	18.44	18.62	    44.10	53548860	  0.94	软件服务	上海	2.63	18.77	12479	16055	  0.78	185	37	--  	          5.24	
600848	上海临港	-1.56	20.78	-0.33	20.77	20.78	75689	15	0.00	          1.89	20.92	20.99	20.00	21.11	   112.29	155017776	  1.98	园区开发	上海	4.69	20.48	43234	32455	  1.33	127	28	--  	          4.00	
600851	海欣股份	-0.61	11.48	-0.07	11.48	11.49	26023	24	0.17	          0.35	11.60	11.60	11.43	11.55	    65.12	29887424	  1.08	纺织	上海	1.47	11.49	17573	8449	  2.08	100	135	--  	          7.38	
数据来源:通达信
