代码	名称	涨幅%%	现价	涨跌	买价	卖价	总量	现量	涨速%%	换手%%	今开	最高	最低	昨收	市盈(动)	总金额	量比	细分行业	地区	振幅%%	均价	内盘	外盘	内外比	买量	卖量	未匹配量	流通股(亿)	
000420	吉林化纤	0.25	4.09	0.01	4.08	4.09	77355	1583	0.00	          1.22	4.07	4.09	4.03	4.08	   270.64	31466874	  0.65	化纤	吉林	1.47	4.07	37846	39508	  0.96	2545	5195	--  	          6.37	
000545	金浦钛业	0.29	6.93	0.02	6.92	6.93	486033	11949	0.28	          5.07	6.85	6.93	6.74	6.91	    56.61	332620896	  0.49	化工原料	吉林	2.75	6.84	251586	234447	  1.07	8229	934	--  	          9.59	
000546	金圆股份	-1.12	12.33	-0.14	12.32	12.33	147217	2574	0.16	          5.38	12.43	12.44	12.06	12.47	    24.66	180584320	  0.61	水泥	吉林	3.05	12.27	81321	65896	  1.23	827	1283	--  	          2.74	
000631	顺发恒业	1.02	4.94	0.05	4.93	4.94	78499	463	0.00	          0.36	4.87	4.94	4.86	4.89	    32.09	38578728	  1.16	区域地产	吉林	1.64	4.91	33326	45173	  0.74	4476	1851	--  	         21.66	
000661	长春高新	1.81	112.18	1.99	112.13	112.18	26219	111	0.08	          1.54	110.56	113.76	110.56	110.19	    39.36	295113216	  1.19	生物制药	吉林	2.90	112.56	12698	13521	  0.94	10	10	--  	          1.70	
000669	金鸿能源	-0.17	17.42	-0.03	17.42	17.43	18936	300	0.05	          0.40	17.45	17.48	17.18	17.45	    36.42	32884294	  0.68	供气供热	吉林	1.72	17.37	12050	6886	  1.75	44	331	--  	          4.79	
000718	苏宁环球	0.41	7.27	0.03	7.26	7.27	177690	4333	0.00	          0.78	7.23	7.29	7.08	7.24	    20.54	127732040	  1.49	区域地产	吉林	2.90	7.19	75804	101886	  0.74	1560	1086	--  	         22.89	
000766	通化金马	-0.66	17.98	-0.12	17.98	18.03	22191	266	-0.27	          0.49	18.16	18.17	17.93	18.10	    97.13	39989148	  0.89	中成药	吉林	1.33	18.02	11850	10340	  1.15	298	331	--  	          4.49	
000800	一汽轿车	3.85	12.40	0.46	12.39	12.40	356619	23391	-0.72	          2.53	11.91	12.55	11.91	11.94	--  	440303744	  2.29	汽车整车	吉林	5.36	12.35	156701	199918	  0.78	584	6848	--  	         14.12	
000875	吉电股份	0.50	6.08	0.03	6.08	6.09	82805	756	0.00	          0.74	6.05	6.09	6.01	6.05	   162.96	50200372	  0.83	火力发电	吉林	1.32	6.06	35385	47420	  0.75	1076	4991	--  	         11.16	
000928	中钢国际	3.55	19.81	0.68	19.80	19.81	139295	858	-0.15	          3.37	19.00	19.88	18.90	19.13	    28.13	271801728	  1.15	建筑施工	吉林	5.12	19.51	60472	78822	  0.77	732	507	--  	          4.13	
002118	紫鑫药业	3.10	7.31	0.22	7.31	7.32	152209	2714	0.00	          1.48	7.13	7.34	7.11	7.09	    93.33	110374856	  2.66	中成药	吉林	3.24	7.25	56033	96176	  0.58	699	1902	--  	         10.25	
002232	启明信息	1.49	12.97	0.19	12.96	12.97	42511	370	0.15	          1.06	12.75	13.05	12.55	12.78	  8513.61	54543276	  1.07	软件服务	吉林	3.91	12.83	18828	23683	  0.80	195	17	--  	          4.02	
002501	利源精制	1.57	12.30	0.19	12.29	12.30	161191	2691	0.24	          2.39	12.11	12.37	11.99	12.11	    26.93	197030096	  0.85	铝	吉林	3.14	12.22	59577	101614	  0.59	1077	424	--  	          6.75	
002566	益盛药业	0.61	13.15	0.08	13.14	13.15	27167	3618	0.15	          1.36	13.07	13.15	12.89	13.07	   104.86	35395504	  0.77	中成药	吉林	1.99	13.03	12756	14410	  0.89	199	300	--  	          2.00	
002622	融钰集团	-1.99	12.83	-0.26	12.82	12.83	110361	4668	-0.07	          1.53	13.13	13.13	12.81	13.09	   290.09	142714320	  0.90	电气设备	吉林	2.44	12.93	61668	48693	  1.27	211	3913	--  	          7.24	
300108	双龙股份	1.00	9.10	0.09	9.09	9.10	36583	460	0.00	          1.11	8.99	9.11	8.91	9.01	    40.63	33053276	  0.83	中成药	吉林	2.22	9.04	12721	23861	  0.53	269	567	--  	          3.31	
600110	诺德股份	1.25	13.01	0.16	13.00	13.01	502709	200	0.54	          4.37	12.85	13.09	12.72	12.85	   412.65	649377600	  0.93	电气设备	吉林	2.88	12.92	239302	263407	  0.91	0	10	--  	         11.50	
600148	长春一东	-1.23	34.61	-0.43	34.61	34.62	52664	16	0.28	          3.72	34.83	34.83	34.23	35.04	   355.78	181738512	  0.90	汽车配件	吉林	1.71	34.51	26223	26441	  0.99	87	42	--  	          1.42	
600189	吉林森工	1.08	12.12	0.13	12.12	12.13	130838	50	0.08	          4.21	11.95	12.25	11.92	11.99	    72.79	158678368	  1.42	林业	吉林	2.75	12.13	62265	68573	  0.91	215	720	--  	          3.11	
600215	长春经开	-3.25	12.49	-0.42	12.50	12.51	249296	18	-0.15	          5.36	12.79	12.90	12.26	12.91	   288.58	310505888	  1.13	园区开发	吉林	4.96	12.46	138912	110384	  1.26	15	166	--  	          4.65	
600247	ST成城	-0.96	12.34	-0.12	12.33	12.35	14444	10	-0.48	          0.43	12.37	12.45	12.27	12.46	--  	17839318	  0.81	商贸代理	吉林	1.44	12.35	7913	6531	  1.21	47	72	--  	          3.36	
600333	长春燃气	0.48	8.44	0.04	8.43	8.44	90538	3	0.00	          1.71	8.37	8.45	8.30	8.40	   118.26	75984208	  0.57	供气供热	吉林	1.79	8.39	41634	48904	  0.85	1188	214	--  	          5.30	
600360	华微电子	2.03	9.04	0.18	9.02	9.03	123035	31	0.00	          1.67	8.88	9.08	8.75	8.86	   131.84	109990672	  2.01	半导体	吉林	3.72	8.94	49753	73282	  0.68	163	5	--  	          7.38	
600462	九有股份	0.00	8.21	0.00	8.20	8.21	53481	100	0.00	          1.00	8.16	8.25	8.11	8.21	   836.30	43775720	  0.96	元器件	深圳	1.71	8.19	25780	27701	  0.93	153	299	--  	          5.34	
600697	欧亚集团	0.24	33.52	0.08	33.55	33.56	19833	2	-0.08	          1.28	33.40	33.58	33.03	33.44	    19.21	66014156	  1.31	百货	吉林	1.64	33.29	10459	9373	  1.12	28	72	--  	          1.55	
600699	均胜电子	1.05	31.78	0.33	31.78	31.80	61512	13	0.00	          0.89	31.40	31.97	31.05	31.45	    56.08	194309440	  0.97	汽车配件	浙江	2.93	31.59	28614	32897	  0.87	26	1447	--  	          6.89	
600742	一汽富维	1.07	19.90	0.21	19.89	19.90	86742	7	0.35	          2.05	19.81	19.90	19.50	19.69	    18.50	170987040	  1.12	汽车配件	吉林	2.03	19.71	48029	38712	  1.24	15	729	--  	          4.23	
600856	中天能源	0.79	11.55	0.09	11.55	11.56	61942	29	-0.08	          0.80	11.46	11.59	11.40	11.46	    29.72	71147560	  0.68	供气供热	吉林	1.66	11.49	32637	29304	  1.11	72	268	--  	          7.71	
600881	亚泰集团	0.00	5.90	0.00	5.91	5.92	126672	31	-0.16	          0.67	5.88	5.93	5.85	5.90	    98.26	74657296	  0.95	水泥	吉林	1.36	5.89	70899	55772	  1.27	20	2784	--  	         18.95	
601518	吉林高速	0.92	4.40	0.04	4.40	4.41	46531	1	-0.22	          0.38	4.36	4.41	4.31	4.36	    25.92	20366556	  0.81	路桥	吉林	2.29	4.38	14706	31824	  0.46	713	2766	--  	         12.13	
601929	吉视传媒	0.72	4.20	0.03	4.19	4.20	108275	65	0.00	          0.35	4.17	4.20	4.15	4.17	    41.75	45284376	  0.83	影视音像	吉林	1.20	4.18	39892	68383	  0.58	2848	3847	--  	         31.11	
数据来源:通达信
