代码	名称	涨幅%%	现价	涨跌	买价	卖价	总量	现量	涨速%%	换手%%	今开	最高	最低	昨收	市盈(动)	总金额	量比	细分行业	地区	振幅%%	均价	内盘	外盘	内外比	买量	卖量	未匹配量	流通股(亿)	
000009	中国宝安	0.41	9.75	0.04	9.74	9.75	192589	2225	0.20	          0.91	9.66	9.77	9.62	9.71	    74.71	186969376	  0.79	综合类	深圳	1.54	9.71	93919	98669	  0.95	6003	2316	--  	         21.20	
000048	康达尔	-0.27	32.71	-0.09	32.70	32.71	7665	303	-0.09	          0.20	32.81	32.89	32.61	32.80	   318.39	25089384	  0.73	饲料	深圳	0.85	32.73	4111	3553	  1.16	36	112	--  	          3.82	
000055	方大集团	1.72	14.80	0.25	14.79	14.80	49768	793	0.06	          1.18	14.59	14.82	14.46	14.55	    76.66	73105288	  1.48	其他建材	深圳	2.47	14.69	18908	30859	  0.61	1180	198	--  	          4.20	
000523	广州浪奇	1.22	11.59	0.14	11.58	11.59	39931	195	0.00	          0.90	11.45	11.65	11.35	11.45	   224.46	46036364	  0.68	日用化工	广东	2.62	11.53	17527	22404	  0.78	1532	460	--  	          4.46	
000537	广宇发展	1.30	9.35	0.12	9.34	9.35	61992	1172	0.21	          1.21	9.20	9.36	9.20	9.23	    14.34	57698436	  0.82	区域地产	天津	1.73	9.31	26020	35971	  0.72	1185	657	--  	          5.13	
000620	新华联	0.00	8.52	0.00	8.51	8.52	49502	488	0.00	          0.27	8.51	8.53	8.36	8.52	    76.53	41967960	  0.79	全国地产	北京	2.00	8.48	25402	24099	  1.05	254	5	--  	         18.37	
000715	中兴商业	-0.41	14.70	-0.06	14.69	14.70	34948	424	0.13	          1.25	14.75	14.75	14.34	14.76	    98.45	50902968	  0.60	百货	辽宁	2.78	14.57	15860	19088	  0.83	33	123	--  	          2.79	
000735	罗 牛 山	-0.42	7.11	-0.03	7.11	7.12	114422	1429	-0.14	          1.30	7.11	7.13	7.01	7.14	    76.65	80903072	  0.46	农业综合	海南	1.68	7.07	68815	45606	  1.51	1969	1391	--  	          8.79	
000736	中房地产	-0.43	18.34	-0.08	18.33	18.34	32677	361	0.00	          1.10	18.26	18.38	18.00	18.42	    43.42	59400032	  0.49	全国地产	重庆	2.06	18.18	18493	14183	  1.30	92	61	--  	          2.97	
000797	中国武夷	1.73	18.80	0.32	18.80	18.81	39903	456	0.00	          0.93	18.53	18.96	18.50	18.48	   552.51	74701808	  1.30	全国地产	福建	2.49	18.72	20135	19767	  1.02	3	133	--  	          4.28	
000979	中弘股份	--  	2.66	--  	--  	--  	0	0	--  	          0.00	--  	--  	--  	2.66	    74.11	0	  0.00	区域地产	安徽	0.00	2.66	0	0	--  	0	0	--  	         46.08	
002016	世荣兆业	0.81	9.98	0.08	9.97	9.98	39982	378	0.00	          0.62	9.91	10.02	9.80	9.90	    65.18	39760048	  0.81	区域地产	广东	2.22	9.94	20553	19429	  1.06	104	220	--  	          6.46	
002067	景兴纸业	0.44	6.87	0.03	6.86	6.87	159482	1648	0.00	          1.66	6.84	6.88	6.70	6.84	    32.80	108477040	  0.71	造纸	浙江	2.63	6.80	72620	86862	  0.84	1800	699	--  	          9.60	
002070	众和股份	-0.75	14.55	-0.11	14.55	14.56	248769	2158	0.06	          4.39	14.50	14.78	14.35	14.66	   134.19	361634656	  0.71	纺织	福建	2.93	14.54	133579	115190	  1.16	736	648	--  	          5.67	
002087	新野纺织	0.14	7.00	0.01	6.99	7.00	69392	4169	0.14	          1.03	6.96	7.00	6.80	6.99	    30.55	48074040	  0.85	纺织	河南	2.86	6.93	27774	41617	  0.67	281	1322	--  	          6.76	
002170	芭田股份	0.11	9.31	0.01	9.30	9.31	46493	221	-0.10	          0.70	9.28	9.33	9.17	9.30	    47.11	43046728	  1.06	农药化肥	深圳	1.72	9.26	23425	23068	  1.02	110	353	--  	          6.64	
002185	华天科技	2.59	12.69	0.32	12.68	12.69	306214	1987	0.07	          2.87	12.36	12.74	12.32	12.37	    34.80	386538176	  1.62	半导体	甘肃	3.40	12.62	122018	184195	  0.66	317	37	--  	         10.65	
002366	台海核电	0.57	47.74	0.27	47.74	47.75	19028	147	0.00	          0.82	47.43	47.95	47.15	47.47	    43.88	90624208	  0.59	专用机械	四川	1.69	47.63	9749	9278	  1.05	222	156	--  	          2.31	
002403	爱仕达	1.11	14.61	0.16	14.60	14.61	20572	504	0.06	          0.71	14.39	14.68	14.38	14.45	    38.55	29868064	  1.01	家用电器	浙江	2.08	14.52	9792	10780	  0.91	36	18	--  	          2.89	
002556	辉隆股份	0.31	9.75	0.03	9.75	9.76	95180	1473	0.00	          1.36	9.71	9.76	9.61	9.72	    51.64	92189072	  0.52	其他商业	安徽	1.54	9.69	47946	47233	  1.02	1022	266	--  	          6.98	
300021	大禹节水	-1.64	19.16	-0.32	19.16	19.17	71404	1621	0.05	          4.31	19.33	19.35	19.00	19.48	   218.76	136841808	  0.70	农业综合	甘肃	1.80	19.16	38203	33200	  1.15	218	110	--  	          1.66	
600094	大名城	0.12	8.41	0.01	8.40	8.41	76818	3	0.11	          0.42	8.40	8.41	8.34	8.40	    19.64	64455036	  1.10	区域地产	上海	0.83	8.39	38805	38013	  1.02	551	5756	--  	         18.13	
600108	亚盛集团	0.56	5.43	0.03	5.42	5.43	148788	14	0.18	          0.76	5.40	5.43	5.35	5.40	   145.89	80207504	  0.85	农业综合	甘肃	1.48	5.39	75714	73073	  1.04	2707	6845	--  	         19.47	
600156	华升股份	-2.26	10.83	-0.25	10.85	10.86	52135	5	-0.18	          1.30	10.99	11.00	10.76	11.08	--  	56569896	  1.13	纺织	湖南	2.17	10.85	34137	17998	  1.90	60	3	--  	          4.02	
600158	中体产业	-1.04	19.89	-0.21	19.88	19.89	197019	30	0.25	          3.00	19.97	19.97	19.59	20.10	   614.81	390110176	  0.96	文教休闲	天津	1.89	19.80	110911	86108	  1.29	302	531	--  	          6.57	
600189	吉林森工	1.08	12.12	0.13	12.12	12.13	130838	50	0.08	          4.21	11.95	12.25	11.92	11.99	    72.79	158678368	  1.42	林业	吉林	2.75	12.13	62265	68573	  0.91	215	720	--  	          3.11	
600209	罗顿发展	-3.78	14.76	-0.58	14.79	14.80	614521	654	0.20	         14.41	15.02	15.05	14.50	15.34	--  	905431872	  0.69	综合类	海南	3.59	14.73	334723	279798	  1.20	6	461	--  	          4.26	
600215	长春经开	-3.25	12.49	-0.42	12.50	12.51	249296	18	-0.15	          5.36	12.79	12.90	12.26	12.91	   288.58	310505888	  1.13	园区开发	吉林	4.96	12.46	138912	110384	  1.26	15	166	--  	          4.65	
600240	华业资本	0.62	11.36	0.07	11.35	11.36	75736	3	-0.08	          0.53	11.26	11.42	11.20	11.29	    14.00	85811320	  0.71	全国地产	北京	1.95	11.33	41998	33737	  1.24	89	170	--  	         14.24	
600246	万通地产	0.34	5.84	0.02	5.83	5.84	34970	8	0.51	          0.29	5.83	5.84	5.74	5.82	    42.38	20260744	  0.96	区域地产	北京	1.72	5.79	16675	18294	  0.91	161	550	--  	         12.17	
600257	大湖股份	-0.30	9.93	-0.03	9.92	9.94	50784	410	0.20	          1.19	10.00	10.01	9.85	9.96	   684.55	50334912	  1.06	渔业	湖南	1.61	9.91	27390	23394	  1.17	160	468	--  	          4.27	
600313	农发种业	0.00	5.95	0.00	5.95	5.96	96936	66	0.00	          0.98	5.90	5.98	5.86	5.95	   306.73	57511808	  0.54	种植业	北京	2.02	5.93	49002	47933	  1.02	150	1879	--  	          9.94	
600354	敦煌种业	-0.24	8.28	-0.02	8.27	8.28	97366	10	0.00	          2.17	8.30	8.31	8.11	8.30	--  	80028888	  1.11	种植业	甘肃	2.41	8.22	49575	47790	  1.04	471	1028	--  	          4.48	
600506	香梨股份	-2.85	24.22	-0.71	24.22	24.23	35538	10	-0.04	          2.41	24.85	24.85	23.89	24.93	--  	86047672	  0.95	种植业	新疆	3.85	24.21	19947	15590	  1.28	6	35	--  	          1.48	
600510	黑牡丹	1.41	9.32	0.13	9.31	9.32	84343	1	-0.10	          1.06	9.13	9.34	9.12	9.19	    27.62	78160792	  1.77	全国地产	江苏	2.39	9.27	37367	46976	  0.80	64	338	--  	          7.96	
600515	海航基础	1.35	12.05	0.16	12.05	12.06	27486	70	0.08	          0.65	11.93	12.10	11.82	11.89	    53.88	32864886	  1.27	百货	海南	2.35	11.96	11250	16235	  0.69	47	157	--  	          4.23	
600555	海航创新	-0.17	5.82	-0.01	5.81	5.83	64264	20	0.00	          0.66	5.82	5.84	5.70	5.83	--  	37161684	  1.54	旅游景点	海南	2.40	5.78	36323	27941	  1.30	127	431	--  	          9.74	
600598	北大荒	0.17	11.75	0.02	11.75	11.76	118824	10	0.00	          0.67	11.72	11.76	11.56	11.73	    19.67	138768048	  0.82	种植业	黑龙江	1.71	11.68	58051	60773	  0.96	93	1247	--  	         17.78	
600626	申达股份	2.21	12.03	0.26	12.02	12.03	103135	5	0.08	          1.45	11.78	12.06	11.75	11.77	    41.88	123510904	  1.35	纺织	上海	2.63	11.98	40672	62462	  0.65	171	176	--  	          7.10	
600662	强生控股	1.05	10.55	0.11	10.54	10.55	65044	248	0.18	          0.62	10.44	10.55	10.41	10.44	    63.43	68150376	  0.98	公共交通	上海	1.34	10.48	32552	32491	  1.00	12	1153	--  	         10.53	
600675	中华企业	1.50	7.46	0.11	7.45	7.46	166014	80	0.13	          0.89	7.29	7.47	7.29	7.35	    21.25	123069360	  0.72	区域地产	上海	2.45	7.41	71714	94299	  0.76	507	1724	--  	         18.67	
600683	京投发展	-0.97	9.20	-0.09	9.19	9.20	52169	10	0.00	          0.70	9.23	9.31	9.10	9.29	    51.99	47932508	  1.66	区域地产	浙江	2.26	9.19	33997	18172	  1.87	71	2	--  	          7.41	
600692	亚通股份	0.91	17.83	0.16	17.82	17.83	108447	111	0.11	          4.25	17.51	17.84	17.22	17.67	   147.87	189790256	  1.07	水运	上海	3.51	17.50	55796	52651	  1.06	1157	42	--  	          2.55	
600748	上实发展	0.73	8.30	0.06	8.30	8.31	51929	1000	0.00	          0.37	8.23	8.33	8.09	8.24	    36.33	42740908	  0.99	全国地产	上海	2.91	8.23	27167	24761	  1.10	18	14	--  	         14.08	
600759	洲际油气	-0.37	8.08	-0.03	8.07	8.08	124624	168	0.00	          0.79	8.08	8.09	8.02	8.11	  1562.96	100439608	  0.67	石油开采	海南	0.86	8.06	69457	55167	  1.26	1687	769	--  	         15.81	
601118	海南橡胶	0.00	7.19	0.00	7.21	7.22	331743	577	0.70	          0.84	7.18	7.22	7.03	7.19	--  	235575312	  1.08	橡胶	海南	2.64	7.10	156306	175436	  0.89	257	769	--  	         39.31	
601996	丰林集团	-0.57	12.25	-0.07	12.21	12.22	273290	295	0.32	          5.83	12.25	12.34	12.05	12.32	    60.82	332609568	  0.71	林业	广西	2.35	12.17	150051	123239	  1.22	376	141	--  	          4.69	
数据来源:通达信
