代码	名称	涨幅%%	现价	涨跌	买价	卖价	总量	现量	涨速%%	换手%%	今开	最高	最低	昨收	市盈(动)	总金额	量比	细分行业	地区	振幅%%	均价	内盘	外盘	内外比	买量	卖量	未匹配量	流通股(亿)	
000012	南 玻Ａ	0.80	11.35	0.09	11.35	11.36	136958	1537	0.00	          1.05	11.24	11.36	11.11	11.26	    24.71	154130288	  0.79	玻璃	深圳	2.22	11.25	60849	76108	  0.80	828	1731	--  	         13.04	
000040	东旭蓝天	1.70	12.56	0.21	12.55	12.56	23248	120	0.00	          0.50	12.35	12.60	12.31	12.35	    95.76	29008358	  1.17	全国地产	深圳	2.35	12.48	8364	14883	  0.56	102	374	--  	          4.65	
000055	方大集团	1.72	14.80	0.25	14.79	14.80	49768	793	0.06	          1.18	14.59	14.82	14.46	14.55	    76.66	73105288	  1.48	其他建材	深圳	2.47	14.69	18908	30859	  0.61	1180	198	--  	          4.20	
000066	长城电脑	-0.55	10.91	-0.06	10.91	10.92	303119	3963	-0.18	          1.22	10.97	11.01	10.78	10.97	   896.23	330198304	  0.96	电脑设备	深圳	2.10	10.89	166833	136285	  1.22	2065	880	--  	         24.91	
000418	小天鹅Ａ	1.17	38.81	0.45	38.81	38.82	48697	343	0.18	          1.11	38.35	39.88	38.13	38.36	    20.89	190247408	  1.61	家用电器	江苏	4.56	39.07	23536	25160	  0.94	24	13	--  	          4.39	
000533	万 家 乐	0.00	10.22	0.00	10.22	10.23	30837	1302	0.29	          0.45	10.24	10.26	10.15	10.22	   330.53	31441462	  0.73	家用电器	广东	1.08	10.20	16256	14580	  1.11	2075	593	--  	          6.85	
000591	太阳能	-1.43	14.49	-0.21	14.49	14.50	68326	957	-0.06	          2.49	14.60	14.60	14.23	14.70	    36.42	98610568	  0.46	新型电力	重庆	2.52	14.43	39753	28573	  1.39	76	572	--  	          2.75	
000656	金科股份	1.93	5.82	0.11	5.81	5.82	288312	2685	0.17	          0.78	5.71	5.85	5.68	5.71	    23.13	167100464	  1.04	区域地产	重庆	2.98	5.80	120217	168094	  0.72	2660	12990	--  	         36.74	
000815	美利云	0.27	18.50	0.05	18.50	18.53	11058	438	-0.05	          0.35	18.45	18.61	18.28	18.45	--  	20392592	  0.56	造纸	宁夏	1.79	18.44	5481	5577	  0.98	362	5	--  	          3.17	
000862	银星能源	--  	7.90	--  	--  	--  	0	0	--  	          0.00	--  	--  	--  	7.90	   507.54	0	  0.00	新型电力	宁夏	0.00	7.90	0	0	--  	0	0	--  	          3.34	
000916	华北高速	--  	5.01	--  	--  	--  	0	0	--  	          0.00	--  	--  	--  	5.01	    15.29	0	  0.00	路桥	北京	0.00	5.01	0	0	--  	0	0	--  	         10.90	
000926	福星股份	1.28	12.63	0.16	12.62	12.63	184434	2752	0.00	          1.94	12.53	12.65	12.43	12.47	    13.45	231688496	  1.87	区域地产	湖北	1.76	12.56	73896	110538	  0.67	1460	79	--  	          9.48	
000958	东方能源	0.21	14.07	0.03	14.07	14.08	44656	200	0.00	          1.34	13.99	14.12	13.83	14.04	    20.45	62543204	  0.73	火力发电	河北	2.07	14.01	20385	24271	  0.84	174	796	--  	          3.33	
000959	首钢股份	0.14	7.19	0.01	7.19	7.20	35633	266	0.00	          0.12	7.17	7.23	7.12	7.18	   208.47	25588390	  0.93	普钢	北京	1.53	7.18	15424	20209	  0.76	51	1278	--  	         29.67	
000962	*ST东钽	0.45	13.26	0.06	13.25	13.26	80417	2215	0.15	          1.82	13.06	13.31	12.96	13.20	   201.53	105832152	  0.95	小金属	宁夏	2.65	13.16	39943	40474	  0.99	845	252	--  	          4.41	
000973	佛塑科技	2.25	9.07	0.20	9.07	9.08	1197242	16813	0.11	         12.38	8.71	9.30	8.61	8.87	   124.55	1080684160	  0.83	塑料	广东	7.78	9.03	576771	620471	  0.93	5086	3757	--  	          9.67	
002006	精功科技	0.61	9.96	0.06	9.95	9.96	42807	609	0.10	          0.97	9.88	9.96	9.87	9.90	    64.50	42447372	  0.57	专用机械	浙江	0.91	9.92	25361	17445	  1.45	321	248	--  	          4.43	
002008	大族激光	4.29	26.28	1.08	26.28	26.29	233238	2237	0.15	          2.36	25.21	26.52	25.16	25.20	    33.20	607490112	  1.27	电器仪表	深圳	5.40	26.05	102167	131071	  0.78	682	436	--  	          9.90	
002019	亿帆医药	-0.42	16.73	-0.07	16.72	16.73	147763	1189	0.17	          2.64	16.81	16.84	16.35	16.80	    25.74	245106176	  1.02	化学制药	浙江	2.92	16.59	74919	72843	  1.03	149	209	--  	          5.60	
002035	华帝股份	0.03	32.75	0.01	32.73	32.75	45580	128	0.24	          1.43	32.36	34.24	32.30	32.74	    44.39	151889200	  2.00	家用电器	广东	5.93	33.32	30420	15160	  2.01	4	23	--  	          3.20	
002050	三花智控	--  	10.81	--  	--  	--  	0	0	--  	          0.00	--  	--  	--  	10.81	    21.75	0	  0.00	机械基件	浙江	0.00	10.81	0	0	--  	0	0	--  	         15.64	
002056	横店东磁	1.45	14.71	0.21	14.71	14.72	127883	1852	0.13	          1.56	14.49	14.74	14.24	14.50	    29.29	186021648	  1.12	元器件	浙江	3.45	14.55	59071	68812	  0.86	106	595	--  	          8.22	
002062	宏润建设	-0.15	6.59	-0.01	6.59	6.60	93444	803	-0.15	          0.99	6.60	6.68	6.55	6.60	    34.25	61686560	  1.04	建筑施工	浙江	1.97	6.60	47646	45797	  1.04	1007	775	--  	          9.42	
002077	大港股份	0.38	15.83	0.06	15.82	15.83	29280	350	-0.06	          1.16	15.83	15.86	15.30	15.77	   339.20	45681720	  0.78	区域地产	江苏	3.55	15.60	12985	16294	  0.80	21	125	--  	          2.52	
002083	孚日股份	0.42	7.17	0.03	7.16	7.17	52267	431	0.00	          0.61	7.14	7.17	7.11	7.14	    20.20	37375308	  0.89	纺织	山东	0.84	7.15	26855	25411	  1.06	549	1016	--  	          8.56	
002121	科陆电子	-0.33	9.15	-0.03	9.14	9.15	48467	1115	0.00	          0.69	9.20	9.20	9.07	9.18	   117.01	44213000	  0.78	电器仪表	深圳	1.42	9.12	30582	17884	  1.71	859	177	--  	          7.01	
002129	中环股份	--  	8.27	--  	--  	--  	0	0	--  	          0.00	--  	--  	--  	8.27	    46.77	0	  0.00	半导体	天津	0.00	8.27	0	0	--  	0	0	--  	         26.44	
002132	恒星科技	--  	6.58	--  	--  	--  	0	0	--  	          0.00	--  	--  	--  	6.58	    75.52	0	  0.00	钢加工	河南	0.00	6.58	0	0	--  	0	0	--  	          7.14	
002139	拓邦股份	2.86	14.38	0.40	14.37	14.38	99772	2456	0.06	          3.45	13.96	14.38	13.82	13.98	    46.49	141763648	  1.41	元器件	深圳	4.01	14.21	40070	59701	  0.67	1133	298	--  	          2.89	
002163	中航三鑫	0.10	10.33	0.01	10.32	10.33	153189	3275	0.00	          2.06	10.30	10.34	10.11	10.32	--  	156529568	  0.80	装修装饰	深圳	2.23	10.22	85093	68096	  1.25	1103	3234	--  	          7.42	
002165	红 宝 丽	0.38	7.87	0.03	7.87	7.88	40199	549	-0.12	          0.76	7.83	7.88	7.74	7.84	    47.70	31437534	  0.59	化工原料	江苏	1.79	7.82	19250	20948	  0.92	816	835	--  	          5.28	
002189	利达光电	0.97	22.85	0.22	22.84	22.85	28006	218	0.00	          1.41	22.69	22.87	22.30	22.63	   251.88	63631072	  0.84	元器件	河南	2.52	22.72	14170	13836	  1.02	17	1398	--  	          1.99	
002218	拓日新能	-0.11	9.37	-0.01	9.37	9.38	71676	913	0.00	          1.18	9.34	9.38	9.23	9.38	    51.48	66843208	  0.94	半导体	深圳	1.60	9.33	44214	27461	  1.61	454	564	--  	          6.08	
002248	华东数控	--  	10.84	--  	--  	--  	0	0	--  	          0.00	--  	--  	--  	10.84	--  	0	  0.00	机床制造	山东	0.00	10.84	0	0	--  	0	0	--  	          2.37	
002256	兆新股份	-0.62	6.37	-0.04	6.37	6.38	108308	1293	0.00	          0.86	6.42	6.42	6.33	6.41	    99.00	68929424	  0.67	染料涂料	深圳	1.40	6.36	66136	42171	  1.57	214	2598	--  	         12.53	
002273	水晶光电	3.20	22.27	0.69	22.27	22.28	183297	1111	0.04	          3.00	21.58	22.33	21.40	21.58	    65.26	403571840	  0.93	元器件	浙江	4.31	22.02	76144	107152	  0.71	555	565	--  	          6.10	
002309	中利集团	0.49	14.23	0.07	14.22	14.23	51514	523	-0.07	          1.42	14.17	14.25	14.01	14.16	--  	72849256	  1.20	电气设备	江苏	1.69	14.14	26562	24951	  1.06	154	1095	--  	          3.63	
002323	雅百特	-2.91	17.01	-0.51	17.01	17.02	236081	3153	0.05	          9.03	17.39	17.39	16.62	17.52	    54.79	399897888	  0.91	建筑施工	江苏	4.39	16.94	122264	113817	  1.07	1016	869	--  	          2.61	
002335	科华恒盛	--  	42.90	--  	--  	--  	0	0	--  	          0.00	--  	--  	--  	42.90	    87.58	0	  0.00	电气设备	福建	0.00	42.90	0	0	--  	0	0	--  	          1.86	
002340	格林美	0.47	8.48	0.04	8.48	8.49	1474944	39663	0.59	          6.32	8.40	8.54	8.25	8.44	    94.11	1236827904	  0.71	小金属	深圳	3.44	8.39	774051	700893	  1.10	1553	6185	--  	         23.34	
002358	森源电气	2.07	21.21	0.43	21.20	21.21	71084	792	0.00	          1.03	20.68	21.37	20.63	20.78	    50.03	149745264	  0.61	电气设备	河南	3.56	21.07	31300	39784	  0.79	356	1132	--  	          6.92	
002371	北方华创	3.76	31.44	1.14	31.44	31.45	106491	1610	0.06	          6.51	30.15	31.48	29.90	30.30	   172.04	330657984	  1.26	半导体	北京	5.21	31.05	47027	59463	  0.79	655	259	--  	          1.64	
002384	东山精密	1.38	21.36	0.29	21.35	21.36	128713	2403	0.09	          2.33	20.92	21.36	20.37	21.07	    92.23	269338240	  1.23	通信设备	江苏	4.70	20.93	62676	66037	  0.95	153	845	--  	          5.52	
002389	南洋科技	3.06	22.93	0.68	22.93	22.94	304896	3745	0.17	          5.78	22.41	23.29	22.27	22.25	   123.91	699564032	  1.23	元器件	浙江	4.58	22.94	138543	166352	  0.83	400	482	--  	          5.28	
002506	协鑫集成	0.60	5.04	0.03	5.03	5.04	121823	2121	0.00	          0.55	5.01	5.04	4.97	5.01	    91.16	61019300	  0.84	半导体	上海	1.40	5.01	59351	62471	  0.95	3600	1870	--  	         22.08	
002516	旷达科技	0.46	6.52	0.03	6.51	6.52	46258	587	0.30	          0.85	6.50	6.53	6.43	6.49	    29.28	30005768	  0.41	纺织	江苏	1.54	6.49	27226	19031	  1.43	1681	1782	--  	          5.44	
002518	科士达	0.10	20.90	0.02	20.88	20.90	48613	490	-0.19	          1.14	20.88	20.98	20.60	20.88	    37.73	101084056	  1.38	电器仪表	深圳	1.82	20.79	25758	22854	  1.13	65	46	--  	          4.25	
002610	爱康科技	-0.65	3.08	-0.02	3.08	3.09	275662	1237	0.32	          0.99	3.09	3.10	3.05	3.10	   123.60	84575304	  1.23	电气设备	江苏	1.61	3.07	137223	138438	  0.99	2274	14517	--  	         27.96	
002613	北玻股份	1.97	7.78	0.15	7.77	7.78	70733	985	-0.12	          1.76	7.62	7.85	7.51	7.63	   213.10	54588440	  1.84	专用机械	河南	4.46	7.72	27239	43494	  0.63	614	192	--  	          4.03	
002620	瑞和股份	-0.30	50.05	-0.15	50.05	50.06	38208	873	-0.11	          4.08	50.10	50.40	49.10	50.20	    72.26	189949328	  1.02	装修装饰	深圳	2.59	49.71	20653	17554	  1.18	27	58	--  	          0.94	
002623	亚玛顿	0.03	37.88	0.01	37.88	37.89	14740	178	-0.05	          0.92	37.94	38.14	37.00	37.87	    99.94	55652564	  0.42	玻璃	江苏	3.01	37.76	7390	7350	  1.01	103	30	--  	          1.59	
002641	永高股份	1.22	8.28	0.10	8.27	8.28	33409	108	0.12	          0.49	8.17	8.30	8.08	8.18	    24.84	27441122	  1.36	塑料	浙江	2.69	8.21	12292	21116	  0.58	85	71	--  	          6.81	
002660	茂硕电源	0.54	13.09	0.07	13.09	13.10	57516	772	0.15	          3.00	12.99	13.22	12.82	13.02	   204.58	74939192	  0.77	电气设备	深圳	3.07	13.03	27075	30440	  0.89	11	651	--  	          1.92	
002669	康达新材	-0.25	27.80	-0.07	27.80	27.88	8842	52	0.00	          0.56	27.95	28.15	27.20	27.87	    71.59	24558634	  0.60	化工原料	上海	3.41	27.77	6027	2815	  2.14	2	20	--  	          1.59	
002684	猛狮科技	1.16	33.23	0.38	33.22	33.23	32125	495	-0.06	          1.49	32.83	33.45	32.38	32.85	  1565.70	106143592	  1.09	电气设备	广东	3.26	33.04	12907	19218	  0.67	20	37	--  	          2.15	
300029	天龙光电	-0.14	13.80	-0.02	13.79	13.80	25087	500	0.21	          1.30	13.80	13.82	13.58	13.82	--  	34333196	  0.95	专用机械	江苏	1.74	13.69	13258	11828	  1.12	24	116	--  	          1.93	
300062	中能电气	-0.28	31.69	-0.09	31.68	31.69	17721	162	0.03	          2.14	31.70	31.89	31.34	31.78	    62.90	55848200	  0.74	电气设备	福建	1.73	31.51	9135	8586	  1.06	14	64	--  	          0.83	
300080	易成新能	1.39	9.49	0.13	9.49	9.50	196706	3737	0.21	          3.92	9.25	9.58	9.23	9.36	  1030.29	185364064	  1.81	半导体	河南	3.74	9.42	96120	100585	  0.96	1589	1787	--  	          5.02	
300082	奥克股份	0.68	8.93	0.06	8.92	8.93	47149	737	0.11	          0.70	8.78	8.94	8.75	8.87	    47.70	41731316	  0.64	化工原料	辽宁	2.14	8.85	23427	23722	  0.99	721	1278	--  	          6.74	
300093	金刚玻璃	0.25	23.73	0.06	23.73	23.74	27945	258	0.21	          1.30	23.60	23.95	23.33	23.67	  7284.93	66215804	  0.88	玻璃	广东	2.62	23.70	15713	12231	  1.28	574	11	--  	          2.15	
300095	华伍股份	2.96	13.92	0.40	13.91	13.92	40699	833	0.43	          1.73	13.49	13.98	13.38	13.52	   113.08	56196364	  1.60	机械基件	江西	4.44	13.81	17735	22964	  0.77	244	215	--  	          2.35	
300102	乾照光电	0.37	8.21	0.03	8.20	8.21	129210	3335	0.24	          2.12	8.18	8.25	8.11	8.18	   119.56	105840040	  0.79	半导体	福建	1.71	8.19	69546	59663	  1.17	764	1255	--  	          6.10	
300111	向日葵	0.19	5.14	0.01	5.13	5.14	86615	2150	0.00	          0.78	5.12	5.15	5.08	5.13	   187.83	44325860	  1.03	半导体	浙江	1.36	5.12	46078	40537	  1.14	2825	4770	--  	         11.16	
300118	东方日升	--  	16.01	--  	--  	--  	0	0	--  	          0.00	--  	--  	--  	16.01	    15.62	0	  0.00	半导体	浙江	0.00	16.01	0	0	--  	0	0	--  	          4.68	
300125	易世达	-0.04	27.63	-0.01	27.63	27.65	8517	41	0.00	          0.95	27.80	27.80	27.04	27.64	--  	23339412	  0.71	电气设备	辽宁	2.75	27.40	3540	4977	  0.71	28	10	--  	          0.90	
300141	和顺电气	0.63	24.06	0.15	24.05	24.06	22394	295	0.08	          2.06	23.90	24.17	23.39	23.91	   198.11	53194944	  0.67	电气设备	江苏	3.26	23.75	11587	10807	  1.07	25	23	--  	          1.09	
300160	秀强股份	-5.03	12.65	-0.67	12.65	12.66	247313	1835	-0.23	          4.14	13.30	13.30	12.01	13.32	    65.50	312290944	  0.99	玻璃	江苏	9.68	12.63	119633	127679	  0.94	691	49	--  	          5.98	
300187	永清环保	0.56	12.67	0.07	12.67	12.68	44319	881	0.07	          0.74	12.59	12.69	12.44	12.60	    78.19	55749072	  0.92	环境保护	湖南	1.98	12.58	25320	18998	  1.33	300	380	--  	          5.95	
300274	阳光电源	0.48	10.51	0.05	10.50	10.51	78249	1394	0.09	          0.93	10.43	10.54	10.33	10.46	    37.54	81884848	  0.84	电气设备	安徽	2.01	10.46	43880	34368	  1.28	1025	460	--  	          8.42	
300304	云意电气	-3.15	18.45	-0.60	18.44	18.45	1828777	30691	-0.43	         24.82	19.78	20.14	18.21	19.05	   144.50	3494462976	  1.22	汽车配件	江苏	10.13	19.11	890771	938006	  0.95	328	7949	--  	          7.37	
300317	珈伟股份	1.92	38.66	0.73	38.66	38.67	141771	981	0.00	          8.45	37.98	39.37	37.80	37.93	    66.22	547859456	  1.93	半导体	深圳	4.14	38.64	70836	70935	  1.00	245	52	--  	          1.68	
300376	易事特	-0.17	53.91	-0.09	53.90	53.91	167267	2550	0.01	          9.71	53.80	54.25	52.50	54.00	    65.83	893307200	  0.70	电气设备	广东	3.24	53.41	85818	81449	  1.05	808	220	--  	          1.72	
300391	康跃科技	0.28	21.84	0.06	21.84	21.85	14358	154	-0.04	          2.33	21.78	21.98	21.60	21.78	   862.40	31257024	  0.59	机械基件	山东	1.74	21.77	6934	7424	  0.93	71	5	--  	          0.62	
300393	中来股份	0.29	54.45	0.16	54.45	54.49	6882	160	-0.09	          0.89	54.29	54.97	53.66	54.29	    60.10	37566572	  0.92	塑料	江苏	2.41	54.59	3367	3514	  0.96	212	5	--  	          0.77	
300450	先导智能	0.97	41.80	0.40	41.79	41.80	148149	1503	-0.07	          8.77	41.00	42.18	40.11	41.40	    58.68	611173440	  1.05	专用机械	江苏	5.00	41.25	75289	72860	  1.03	7	375	--  	          1.69	
300538	同益股份	0.52	70.06	0.36	70.05	70.06	16330	215	0.00	         11.66	69.10	70.81	68.67	69.70	   106.58	113535320	  1.79	批发业	深圳	3.07	69.52	8233	8097	  1.02	178	37	--  	          0.14	
600021	上海电力	0.88	12.59	0.11	12.57	12.58	84590	2	-0.07	          0.40	12.49	12.61	12.25	12.48	    24.69	105369688	  0.83	火力发电	上海	2.88	12.46	40656	43934	  0.93	113	77	--  	         21.40	
600089	特变电工	1.06	10.53	0.11	10.54	10.55	437797	51	0.19	          1.37	10.46	10.62	10.36	10.42	    14.47	458537184	  1.35	电气设备	新疆	2.50	10.47	222598	215198	  1.03	1480	1624	--  	         32.00	
600095	哈高科	2.33	14.49	0.33	14.48	14.50	327971	6	0.06	          9.08	14.07	14.58	13.95	14.16	--  	466679168	  1.98	区域地产	黑龙江	4.45	14.23	123584	204387	  0.60	746	66	--  	          3.61	
600135	乐凯胶片	1.55	15.06	0.23	15.05	15.06	88829	36	0.00	          2.41	14.89	15.15	14.72	14.83	   101.71	133476176	  0.95	化工原料	河北	2.90	15.03	39769	49059	  0.81	359	574	--  	          3.68	
600151	航天机电	0.00	10.97	0.00	--  	--  	0	0	0.00	          0.00	--  	--  	--  	10.97	   126.25	0	  0.00	半导体	上海	0.00	10.97	0	0	--  	0	0	--  	         12.50	
600184	光电股份	1.60	24.11	0.38	24.09	24.10	35505	36	0.20	          0.85	23.75	24.23	23.75	23.73	  1205.58	85304992	  0.79	专用机械	湖北	2.02	24.03	16079	19425	  0.83	48	3	--  	          4.19	
600207	安彩高科	0.40	10.05	0.04	10.04	10.05	43581	16	0.09	          0.63	9.98	10.07	9.92	10.01	  4080.38	43654528	  0.61	元器件	河南	1.50	10.02	22580	21001	  1.08	600	325	--  	          6.90	
600220	江苏阳光	1.89	4.31	0.08	4.30	4.31	135160	5	-0.23	          0.76	4.25	4.35	4.22	4.23	    43.99	57852008	  1.45	纺织	江苏	3.07	4.28	53071	82089	  0.65	2139	19	--  	         17.83	
600273	嘉化能源	0.54	9.31	0.05	9.30	9.31	77904	110	0.00	          1.34	9.23	9.39	9.22	9.26	    17.01	72519168	  0.83	化工原料	浙江	1.84	9.31	42433	35471	  1.20	911	1759	--  	          5.80	
600295	鄂尔多斯	0.80	10.14	0.08	10.14	10.15	49509	125	0.29	          0.81	10.06	10.15	10.01	10.06	    43.15	49853488	  0.90	小金属	内蒙	1.39	10.07	25012	24496	  1.02	66	586	--  	          6.12	
600308	华泰股份	1.36	5.95	0.08	5.94	5.95	154983	10	-0.16	          1.33	5.87	5.98	5.74	5.87	    43.71	90993152	  1.03	造纸	山东	4.09	5.87	47902	107080	  0.45	382	260	--  	         11.68	
600330	天通股份	0.47	10.75	0.05	10.75	10.76	77399	2	-0.18	          0.94	10.70	10.80	10.60	10.70	    61.68	83003456	  0.67	元器件	浙江	1.87	10.72	37338	40060	  0.93	50	361	--  	          8.20	
600359	新农开发	-2.16	9.52	-0.21	9.51	9.52	164904	22	0.10	          4.32	9.65	9.67	9.36	9.73	--  	156076048	  0.55	农业综合	新疆	3.19	9.46	95755	69149	  1.38	468	154	--  	          3.82	
600438	通威股份	4.14	6.54	0.26	6.53	6.54	434162	1	0.00	          2.25	6.60	6.79	6.42	6.28	    21.12	283799296	  2.94	饲料	四川	5.89	6.54	224691	209470	  1.07	899	438	--  	         19.34	
600482	中国动力	0.18	32.67	0.06	32.69	32.70	59070	1	-0.03	          1.11	32.87	33.18	32.63	32.61	    52.94	194370208	  1.38	电气设备	河北	1.69	32.90	28811	30259	  0.95	61	243	--  	          5.31	
600509	天富能源	0.25	8.03	0.02	8.03	8.04	68257	6	0.00	          0.75	8.01	8.04	7.90	8.01	    19.94	54358592	  0.81	火力发电	新疆	1.75	7.96	36591	31665	  1.16	333	1064	--  	          9.06	
600537	亿晶光电	0.83	7.32	0.06	7.31	7.32	104709	12	0.41	          0.89	7.27	7.32	7.22	7.26	    16.73	76313016	  0.83	半导体	浙江	1.38	7.29	57485	47224	  1.22	273	2920	--  	         11.76	
600550	保变电气	-0.29	6.89	-0.02	6.88	6.89	91893	20	0.14	          0.67	6.91	6.92	6.80	6.91	   721.95	62961648	  1.26	电气设备	河北	1.74	6.85	52152	39741	  1.31	1304	477	--  	         13.73	
600586	金晶科技	1.07	4.72	0.05	4.71	4.72	151259	41	0.21	          1.06	4.66	4.74	4.63	4.67	   121.33	70891616	  1.00	玻璃	山东	2.36	4.69	65078	86180	  0.76	2312	5530	--  	         14.23	
600589	广东榕泰	0.69	8.70	0.06	8.69	8.70	187119	8	-0.22	          3.11	8.60	8.76	8.28	8.64	    58.10	160871056	  2.13	塑料	广东	5.56	8.60	105185	81933	  1.28	65	146	--  	          6.02	
600644	乐山电力	0.11	9.26	0.01	9.26	9.27	55660	69	0.21	          1.70	9.18	9.29	9.09	9.25	    23.58	51185096	  0.46	水力发电	四川	2.16	9.20	31787	23872	  1.33	197	210	--  	          3.26	
600661	新南洋	0.76	27.89	0.21	27.90	27.91	15281	19	-0.07	          0.84	27.69	27.99	27.50	27.68	    41.63	42528528	  0.87	文教休闲	上海	1.77	27.83	6705	8575	  0.78	9	64	--  	          1.81	
600673	东阳光科	0.00	7.29	0.00	--  	--  	0	0	0.00	          0.00	--  	--  	--  	7.29	   191.04	0	  0.00	铝	广东	0.00	7.29	0	0	--  	0	0	--  	         24.57	
600674	川投能源	0.23	8.82	0.02	8.82	8.83	153298	5	-0.11	          0.35	8.79	8.83	8.75	8.80	    10.40	134747552	  1.40	水力发电	四川	0.91	8.79	78200	75097	  1.04	2710	2392	--  	         44.02	
600690	青岛海尔	2.36	11.29	0.26	11.28	11.29	712079	76	0.00	          1.30	11.05	11.40	10.95	11.03	    13.51	800984448	  1.84	家用电器	山东	4.08	11.25	318240	393838	  0.81	7203	663	--  	         54.91	
600703	三安光电	0.38	15.69	0.06	15.68	15.69	138221	7	0.00	          0.34	15.60	15.84	15.42	15.63	    32.09	216638704	  0.88	半导体	湖北	2.69	15.67	64370	73850	  0.87	52	146	--  	         40.78	
600770	综艺股份	0.51	9.89	0.05	9.89	9.90	71105	48	0.10	          0.64	9.83	9.90	9.71	9.84	   235.72	69826048	  0.62	综合类	江苏	1.93	9.82	37485	33620	  1.11	132	1217	--  	         11.05	
600796	钱江生化	0.35	11.56	0.04	11.55	11.56	35249	3	0.00	          1.17	11.51	11.59	11.39	11.52	    69.39	40558692	  0.71	农药化肥	浙江	1.74	11.51	15863	19386	  0.82	9	44	--  	          3.01	
600893	中航动力	0.54	33.53	0.18	33.52	33.53	49185	2	-0.02	          0.36	33.31	33.55	33.29	33.35	   163.21	164355296	  0.99	航空	陕西	0.78	33.42	22655	26529	  0.85	137	6	--  	         13.68	
601012	隆基股份	0.61	14.85	0.09	14.87	14.88	251881	44	-0.06	          1.43	14.83	14.97	14.68	14.76	    19.16	374162496	  1.72	半导体	陕西	1.96	14.85	103186	148694	  0.69	99	663	--  	         17.56	
601208	东材科技	0.50	7.98	0.04	7.97	7.98	74798	100	0.25	          1.19	7.91	7.98	7.83	7.94	    93.62	59185032	  0.70	化工原料	四川	1.89	7.91	41005	33793	  1.21	371	89	--  	          6.27	
601222	林洋能源	0.38	7.97	0.03	7.96	7.97	104173	111	0.25	          0.73	7.97	7.98	7.85	7.94	    29.79	82539176	  0.61	电器仪表	江苏	1.64	7.92	55651	48522	  1.15	580	1685	--  	         14.23	
601636	旗滨集团	0.92	4.37	0.04	4.37	4.38	211165	7	0.00	          0.85	4.33	4.38	4.28	4.33	    19.78	91664536	  0.85	玻璃	湖南	2.31	4.34	85540	125624	  0.68	893	8195	--  	         24.72	
601669	中国电建	0.41	7.31	0.03	7.30	7.31	450290	15	0.13	          0.47	7.25	7.34	7.17	7.28	    14.08	327104192	  1.19	建筑施工	北京	2.34	7.26	198222	252067	  0.79	2508	457	--  	         96.00	
601877	正泰电器	2.32	20.30	0.46	20.29	20.30	77041	68	0.04	          0.58	19.92	20.33	19.80	19.84	    25.27	154986560	  2.08	电气设备	浙江	2.67	20.12	26481	50559	  0.52	65	328	--  	         13.19	
601886	江河集团	1.14	10.67	0.12	10.67	10.68	37933	14	0.09	          0.40	10.56	10.68	10.50	10.55	    28.75	40214888	  0.98	装修装饰	北京	1.71	10.60	15006	22926	  0.65	34	451	--  	          9.41	
601908	京运通	1.51	6.74	0.10	6.72	6.73	96271	25	1.04	          0.48	6.65	6.76	6.61	6.64	    33.56	64040684	  1.18	半导体	北京	2.26	6.65	44253	52018	  0.85	215	33	--  	         19.93	
603366	日出东方	2.14	10.02	0.21	10.02	10.03	128889	5	-0.09	          1.61	9.84	10.25	9.72	9.81	    27.07	128856096	  3.14	家用电器	江苏	5.40	10.00	55140	73748	  0.75	292	779	--  	          8.00	
603628	清源股份	2.92	35.90	1.02	35.80	36.00	245823	356	0.81	         35.91	35.15	36.52	33.50	34.88	   151.24	862635712	  0.94	电气设备	福建	8.66	35.09	114477	131346	  0.87	94	131	--  	          0.68	
603806	福斯特	-0.12	49.17	-0.06	49.15	49.16	18096	37	0.04	          2.01	49.07	49.75	48.15	49.23	    24.21	89051728	  0.95	塑料	浙江	3.25	49.21	10916	7180	  1.52	18	3	--  	          0.90	
数据来源:通达信
