代码	名称	涨幅%%	现价	涨跌	买价	卖价	总量	现量	涨速%%	换手%%	今开	最高	最低	昨收	市盈(动)	总金额	量比	细分行业	地区	振幅%%	均价	内盘	外盘	内外比	买量	卖量	未匹配量	流通股(亿)	
000021	深科技	1.44	9.89	0.14	9.89	9.90	94782	1772	0.00	          0.64	9.79	9.91	9.67	9.75	    35.95	92995136	  0.91	电脑设备	深圳	2.46	9.81	42993	51789	  0.83	260	6524	--  	         14.70	
000028	国药一致	-0.06	70.33	-0.04	70.30	70.33	12554	23	0.15	          0.54	70.37	71.12	70.20	70.37	    31.24	88632824	  1.25	医药商业	深圳	1.31	70.60	9230	3323	  2.78	1	15	--  	          2.33	
000031	中粮地产	0.24	8.34	0.02	8.34	8.35	77967	1064	0.00	          0.43	8.31	8.36	8.21	8.32	   147.87	64737916	  0.80	全国地产	深圳	1.80	8.30	39721	38246	  1.04	947	2199	--  	         18.14	
000032	深桑达Ａ	--  	15.71	--  	--  	--  	0	0	--  	          0.00	--  	--  	--  	15.71	    87.17	0	  0.00	元器件	深圳	0.00	15.71	0	0	--  	0	0	--  	          2.79	
000059	华锦股份	-0.08	12.36	-0.01	12.36	12.37	345059	4097	0.24	          2.46	12.24	12.42	12.07	12.37	    12.63	423133696	  0.64	石油加工	辽宁	2.83	12.26	167379	177679	  0.94	189	1547	--  	         14.00	
000065	北方国际	1.67	31.03	0.51	31.03	31.04	28485	451	0.03	          0.71	30.52	31.15	30.05	30.52	    74.91	87849824	  0.82	建筑施工	北京	3.60	30.84	13633	14851	  0.92	34	92	--  	          4.01	
000066	长城电脑	-0.55	10.91	-0.06	10.91	10.92	303119	3963	-0.18	          1.22	10.97	11.01	10.78	10.97	   896.23	330198304	  0.96	电脑设备	深圳	2.10	10.89	166833	136285	  1.22	2065	880	--  	         24.91	
000151	中成股份	0.91	18.84	0.17	18.83	18.84	31484	496	0.21	          1.18	18.66	18.84	18.55	18.67	    55.36	58888104	  0.66	商贸代理	北京	1.55	18.70	17163	14321	  1.20	28	95	--  	          2.67	
000400	许继电气	0.97	17.65	0.17	17.65	17.66	33942	503	0.05	          0.46	17.42	17.69	17.42	17.48	    54.56	59623092	  0.89	电气设备	河南	1.54	17.57	12016	21926	  0.55	66	246	--  	          7.37	
000411	英特集团	0.34	23.28	0.08	23.27	23.28	19044	158	-0.08	          0.92	23.20	23.46	22.95	23.20	    60.72	44248268	  1.00	医药商业	浙江	2.20	23.23	9582	9462	  1.01	22	34	--  	          2.07	
000519	中兵红箭	1.28	16.68	0.21	16.68	16.69	214670	4016	0.12	          3.68	16.53	16.80	16.53	16.47	   377.56	358348640	  0.62	矿物制品	湖南	1.64	16.69	107399	107270	  1.00	695	1170	--  	          5.83	
000591	太阳能	-1.43	14.49	-0.21	14.49	14.50	68326	957	-0.06	          2.49	14.60	14.60	14.23	14.70	    36.42	98610568	  0.46	新型电力	重庆	2.52	14.43	39753	28573	  1.39	76	572	--  	          2.75	
000625	长安汽车	0.84	15.62	0.13	15.62	15.63	332306	1602	-0.06	          0.88	15.46	15.65	15.37	15.49	     7.27	516725120	  0.77	汽车整车	重庆	1.81	15.55	154897	177409	  0.87	933	2360	--  	         37.61	
000635	英 力 特	-2.38	26.71	-0.65	26.71	26.72	82233	871	0.07	          2.71	27.10	27.10	26.42	27.36	   147.14	219753712	  1.05	化工原料	宁夏	2.49	26.72	51092	31140	  1.64	217	29	--  	          3.03	
000652	泰达股份	1.69	6.01	0.10	6.00	6.01	156574	2475	0.33	          1.07	5.92	6.02	5.87	5.91	    93.25	93417360	  0.55	批发业	天津	2.54	5.97	69988	86585	  0.81	1175	1870	--  	         14.66	
000695	滨海能源	-0.45	15.61	-0.07	15.61	15.63	19671	42	0.06	          0.89	15.67	15.69	15.46	15.68	--  	30603970	  0.99	供气供热	天津	1.47	15.56	13390	6281	  2.13	83	107	--  	          2.22	
000727	华东科技	0.00	3.26	0.00	3.26	3.27	451504	12781	-0.30	          1.85	3.26	3.27	3.23	3.26	--  	146849696	  1.24	元器件	江苏	1.23	3.25	175480	276023	  0.64	8167	10174	--  	         24.42	
000733	振华科技	--  	18.82	--  	--  	--  	0	0	--  	          0.00	--  	--  	--  	18.82	    40.60	0	  0.00	元器件	贵州	0.00	18.82	0	0	--  	0	0	--  	          4.29	
000767	漳泽电力	2.06	3.96	0.08	3.95	3.96	198490	3608	0.00	          0.88	3.90	3.96	3.88	3.88	 27642.22	78126888	  1.64	火力发电	山西	2.06	3.94	58495	139995	  0.42	3442	10242	--  	         22.54	
000778	新兴铸管	2.21	5.54	0.12	5.53	5.54	575889	10287	0.00	          1.58	5.42	5.54	5.37	5.42	    66.69	314424512	  1.31	钢加工	河北	3.14	5.46	216751	359137	  0.60	7323	7620	--  	         36.43	
000780	平庄能源	1.74	5.85	0.10	5.84	5.85	147686	1499	0.34	          1.46	5.75	5.89	5.67	5.75	--  	85979336	  1.48	煤炭开采	内蒙	3.83	5.82	65420	82265	  0.80	1283	1848	--  	         10.14	
000786	北新建材	0.59	11.84	0.07	11.82	11.84	107151	644	-0.16	          0.78	11.70	11.92	11.59	11.77	    20.30	126266888	  0.67	其他建材	北京	2.80	11.78	54942	52208	  1.05	91	77	--  	         13.78	
000815	美利云	0.27	18.50	0.05	18.50	18.53	11058	438	-0.05	          0.35	18.45	18.61	18.28	18.45	--  	20392592	  0.56	造纸	宁夏	1.79	18.44	5481	5577	  0.98	362	5	--  	          3.17	
000875	吉电股份	0.50	6.08	0.03	6.08	6.09	82805	756	0.00	          0.74	6.05	6.09	6.01	6.05	   162.96	50200372	  0.83	火力发电	吉林	1.32	6.06	35385	47420	  0.75	1076	4991	--  	         11.16	
000877	天山股份	-0.97	14.25	-0.14	14.24	14.25	1167453	14730	0.14	         13.27	14.23	14.68	14.07	14.39	  2173.41	1672318976	  1.03	水泥	新疆	4.24	14.32	634918	532535	  1.19	11740	810	--  	          8.80	
000881	中广核技	-0.19	26.71	-0.05	26.71	26.72	27830	531	0.03	          0.90	26.54	26.85	26.29	26.76	 35504.14	74101056	  0.52	综合类	辽宁	2.09	26.63	13058	14771	  0.88	336	374	--  	          3.08	
000883	湖北能源	0.63	4.78	0.03	4.77	4.78	107673	992	0.00	          0.20	4.76	4.79	4.71	4.75	    12.75	51197832	  0.97	火力发电	湖北	1.68	4.75	53728	53944	  1.00	2871	1811	--  	         53.46	
000897	津滨发展	1.44	4.93	0.07	4.92	4.93	155311	2490	0.20	          0.96	4.82	4.95	4.80	4.86	   114.63	76195880	  0.78	区域地产	天津	3.09	4.91	68157	87154	  0.78	834	3783	--  	         16.17	
000922	佳电股份	0.09	10.79	0.01	10.79	10.80	133364	3238	0.18	          2.91	10.78	10.83	10.57	10.78	--  	142758848	  0.59	电气设备	黑龙江	2.41	10.70	62691	70673	  0.89	433	977	--  	          4.58	
000930	中粮生化	0.68	13.36	0.09	13.35	13.36	352729	7079	0.07	          3.66	13.22	13.37	13.11	13.27	    91.20	467534816	  0.78	农业综合	安徽	1.96	13.25	148902	203827	  0.73	1127	1254	--  	          9.64	
000958	东方能源	0.21	14.07	0.03	14.07	14.08	44656	200	0.00	          1.34	13.99	14.12	13.83	14.04	    20.45	62543204	  0.73	火力发电	河北	2.07	14.01	20385	24271	  0.84	174	796	--  	          3.33	
000966	长源电力	0.34	5.95	0.02	5.95	5.96	42722	396	-0.16	          0.39	5.93	5.96	5.90	5.93	     9.30	25355326	  0.79	火力发电	湖北	1.01	5.93	18335	24387	  0.75	717	1922	--  	         11.08	
000985	大庆华科	-0.77	33.64	-0.26	33.63	33.64	25450	280	0.14	          1.96	33.89	33.89	32.85	33.90	   156.70	84572072	  0.91	化工原料	黑龙江	3.07	33.23	13499	11951	  1.13	73	155	--  	          1.30	
002039	黔源电力	-0.06	16.43	-0.01	16.43	16.44	15866	610	-0.06	          0.52	16.41	16.45	16.23	16.44	    19.47	25950398	  0.88	水力发电	贵州	1.34	16.36	9674	6192	  1.56	77	41	--  	          3.05	
002066	瑞泰科技	0.23	17.46	0.04	17.46	17.47	38637	1032	0.00	          1.67	17.45	17.49	17.15	17.42	   110.39	67020280	  0.65	其他建材	北京	1.95	17.35	19417	19219	  1.01	69	259	--  	          2.31	
002080	中材科技	0.52	19.40	0.10	19.39	19.40	20314	727	-0.10	          1.11	19.28	19.48	19.04	19.30	    34.66	39312704	  0.36	化纤	江苏	2.28	19.35	10019	10295	  0.97	18	128	--  	          1.83	
002116	中国海诚	0.66	13.73	0.09	13.73	13.74	21174	567	-0.21	          0.51	13.69	13.79	13.50	13.64	    53.05	28995492	  1.01	建筑施工	上海	2.13	13.69	10786	10387	  1.04	436	39	--  	          4.12	
002128	露天煤业	2.18	8.92	0.19	8.92	8.93	118048	709	0.11	          0.74	8.74	8.94	8.71	8.73	    21.97	104571008	  1.12	煤炭开采	内蒙	2.63	8.86	47404	70644	  0.67	877	1714	--  	         15.88	
002189	利达光电	0.97	22.85	0.22	22.84	22.85	28006	218	0.00	          1.41	22.69	22.87	22.30	22.63	   251.88	63631072	  0.84	元器件	河南	2.52	22.72	14170	13836	  1.02	17	1398	--  	          1.99	
002205	国统股份	0.75	30.95	0.23	30.94	30.95	28512	335	0.03	          2.45	30.78	31.00	30.18	30.72	--  	87194976	  1.24	其他建材	新疆	2.67	30.58	15643	12869	  1.22	102	56	--  	          1.16	
002246	北化股份	-0.34	14.86	-0.05	14.86	14.87	91033	2494	0.47	          2.20	14.88	14.89	14.55	14.91	    67.03	134019176	  0.69	化工原料	四川	2.28	14.72	48388	42644	  1.13	409	61	--  	          4.14	
002265	西仪股份	0.78	25.93	0.20	25.93	25.94	56091	1674	-0.07	          1.93	25.64	25.96	25.32	25.73	  1805.69	144434400	  0.54	汽车配件	云南	2.49	25.75	29843	26248	  1.14	1112	182	--  	          2.91	
002423	*ST中特	0.14	13.95	0.02	13.95	13.96	38988	523	0.07	          0.84	13.78	14.07	13.56	13.93	--  	53991368	  0.53	特种钢	河南	3.66	13.85	20279	18709	  1.08	39	57	--  	          4.66	
002643	万润股份	2.24	39.26	0.86	39.25	39.26	63649	539	0.02	          2.05	38.51	39.55	38.11	38.40	    44.80	248801056	  1.18	化工原料	山东	3.75	39.09	26794	36854	  0.73	153	104	--  	          3.10	
300105	龙源技术	0.89	9.04	0.08	9.03	9.04	60028	1311	0.00	          1.17	8.97	9.04	8.87	8.96	--  	53732608	  0.84	电器仪表	山东	1.90	8.95	33579	26449	  1.27	328	780	--  	          5.13	
300140	中环装备	0.74	16.42	0.12	16.42	16.43	24207	245	0.00	          1.00	16.32	16.43	16.07	16.30	--  	39430352	  0.82	电气设备	陕西	2.21	16.29	11823	12383	  0.95	158	313	--  	          2.42	
600021	上海电力	0.88	12.59	0.11	12.57	12.58	84590	2	-0.07	          0.40	12.49	12.61	12.25	12.48	    24.69	105369688	  0.83	火力发电	上海	2.88	12.46	40656	43934	  0.93	113	77	--  	         21.40	
600027	华电国际	0.20	5.09	0.01	5.09	5.10	167953	15	0.00	          0.25	5.07	5.10	5.05	5.08	    10.13	85237792	  0.43	火力发电	山东	0.98	5.08	75174	92778	  0.81	1074	10171	--  	         67.85	
600029	南方航空	0.52	7.77	0.04	7.76	7.77	746337	37	0.00	          1.06	7.71	7.84	7.62	7.73	     8.88	577744128	  1.29	空运	广东	2.85	7.74	392083	354254	  1.11	1966	305	--  	         70.23	
600050	中国联通	-4.76	7.41	-0.37	7.42	7.43	4266655	25	-0.13	          2.01	7.73	7.74	7.35	7.78	   241.02	3198445312	  1.11	电信运营	上海	5.01	7.50	2170027	2096627	  1.04	1966	5753	--  	        211.97	
600056	中国医药	2.12	21.66	0.45	21.65	21.66	70106	9	0.18	          0.69	21.33	21.67	21.10	21.21	    23.27	150149200	  1.33	医药商业	北京	2.69	21.42	30473	39633	  0.77	300	89	--  	         10.12	
600061	国投安信	0.39	15.47	0.06	15.45	15.46	54500	11	0.00	          0.28	15.35	15.49	15.28	15.41	    20.28	83873400	  0.85	证券	上海	1.36	15.39	28219	26281	  1.07	116	43	--  	         19.62	
600115	东方航空	1.11	7.26	0.08	7.25	7.26	1608976	352	0.27	          1.90	7.15	7.31	7.03	7.18	    11.77	1154189440	  1.30	空运	上海	3.90	7.17	779839	829137	  0.94	3926	1059	--  	         84.81	
600148	长春一东	-1.23	34.61	-0.43	34.61	34.62	52664	16	0.28	          3.72	34.83	34.83	34.23	35.04	   355.78	181738512	  0.90	汽车配件	吉林	1.71	34.51	26223	26441	  0.99	87	42	--  	          1.42	
600150	中国船舶	0.83	27.92	0.23	27.92	27.93	133033	11	0.03	          0.97	27.66	27.94	27.43	27.69	--  	368965600	  0.69	船舶	上海	1.84	27.73	63431	69602	  0.91	6	450	--  	         13.78	
600161	天坛生物	0.00	39.40	0.00	--  	--  	0	0	0.00	          0.00	--  	--  	--  	39.40	    82.83	0	  0.00	生物制药	北京	0.00	39.40	0	0	--  	0	0	--  	          5.15	
600171	上海贝岭	0.50	13.98	0.07	13.97	13.98	65051	2	0.21	          0.97	13.85	14.00	13.80	13.91	   181.04	90496496	  0.92	半导体	上海	1.44	13.91	34404	30646	  1.12	2	277	--  	          6.74	
600176	中国巨石	0.39	10.24	0.04	10.24	10.25	282268	15	0.00	          1.16	10.20	10.25	10.07	10.20	    16.36	287171392	  1.21	玻璃	浙江	1.76	10.17	170276	111992	  1.52	408	1644	--  	         24.32	
600178	东安动力	0.32	12.64	0.04	12.64	12.65	72301	20	0.23	          1.56	12.62	12.65	12.42	12.60	    61.02	90854664	  0.90	汽车配件	黑龙江	1.83	12.57	37627	34673	  1.09	15	1106	--  	          4.62	
600184	光电股份	1.60	24.11	0.38	24.09	24.10	35505	36	0.20	          0.85	23.75	24.23	23.75	23.73	  1205.58	85304992	  0.79	专用机械	湖北	2.02	24.03	16079	19425	  0.83	48	3	--  	          4.19	
600262	北方股份	2.99	34.40	1.00	34.41	34.42	73058	1	0.05	          4.30	33.43	34.69	32.89	33.40	--  	247163840	  3.46	汽车整车	内蒙	5.39	33.83	22594	50464	  0.45	34	95	--  	          1.70	
600268	国电南自	-0.24	8.22	-0.02	8.22	8.23	107010	10	0.00	          1.68	8.24	8.29	8.11	8.24	--  	87615936	  1.42	电气设备	江苏	2.18	8.19	63180	43830	  1.44	112	365	--  	          6.35	
600292	远达环保	0.84	12.04	0.10	12.04	12.05	40525	96	0.24	          0.52	11.95	12.04	11.87	11.94	    62.24	48482376	  0.74	环境保护	重庆	1.42	11.96	15176	25349	  0.60	458	333	--  	          7.81	
600312	平高电气	0.56	16.29	0.09	16.28	16.29	60820	30	-0.06	          0.74	16.09	16.31	16.09	16.20	    19.00	98832904	  0.99	电气设备	河南	1.36	16.25	29831	30988	  0.96	68	86	--  	          8.19	
600389	江山股份	0.11	18.91	0.02	18.91	18.92	15560	10	-0.21	          0.52	18.98	19.04	18.58	18.89	   520.93	29394480	  0.70	农药化肥	江苏	2.44	18.89	7308	8251	  0.89	92	116	--  	          2.97	
600396	金山股份	0.39	5.18	0.02	5.17	5.18	47131	30	0.19	          0.40	5.16	5.18	5.11	5.16	    27.65	24312224	  1.02	火力发电	辽宁	1.36	5.16	19951	27179	  0.73	2544	3871	--  	         11.65	
600406	国电南瑞	0.00	16.63	0.00	--  	--  	0	0	0.00	          0.00	--  	--  	--  	16.63	    39.46	0	  0.00	软件服务	江苏	0.00	16.63	0	0	--  	0	0	--  	         22.06	
600420	现代制药	2.01	31.54	0.62	31.52	31.53	24881	6	0.09	          0.86	30.92	31.55	30.82	30.92	   119.49	77967904	  1.76	化学制药	上海	2.36	31.34	11543	13338	  0.87	31	19	--  	          2.88	
600433	冠豪高新	0.53	7.62	0.04	7.62	7.63	92894	706	0.13	          0.78	7.57	7.63	7.49	7.58	   118.59	70388888	  0.93	造纸	广东	1.85	7.58	41868	51026	  0.82	30	728	--  	         11.90	
600435	北方导航	0.06	16.28	0.01	16.28	16.29	650072	147	0.18	          4.36	16.30	16.66	16.16	16.27	  4761.61	1064255936	  1.19	专用机械	北京	3.07	16.37	320213	329859	  0.97	778	581	--  	         14.89	
600436	片仔癀	1.36	48.50	0.65	48.53	48.54	63473	1	0.12	          1.05	47.80	48.90	47.71	47.85	    45.62	307705344	  2.49	中成药	福建	2.49	48.48	29664	33808	  0.88	3	14	--  	          6.03	
600449	宁夏建材	1.94	13.11	0.25	13.11	13.12	152476	51	0.15	          3.19	12.82	13.18	12.62	12.86	    53.14	197981840	  1.24	水泥	宁夏	4.35	12.98	68845	83630	  0.82	930	392	--  	          4.78	
600480	凌云股份	1.21	17.50	0.21	17.49	17.50	63633	7	0.05	          1.76	17.29	17.53	17.29	17.29	    31.55	110963728	  0.48	汽车配件	河北	1.39	17.44	32334	31298	  1.03	79	79	--  	          3.62	
600482	中国动力	0.18	32.67	0.06	32.69	32.70	59070	1	-0.03	          1.11	32.87	33.18	32.63	32.61	    52.94	194370208	  1.38	电气设备	河北	1.69	32.90	28811	30259	  0.95	61	243	--  	          5.31	
600486	扬农化工	0.92	38.34	0.35	38.32	38.35	19879	50	0.23	          0.64	37.78	38.39	37.30	37.99	    30.26	75119184	  1.40	农药化肥	江苏	2.87	37.79	8642	11237	  0.77	20	5	--  	          3.10	
600495	晋西车轴	0.37	8.06	0.03	8.05	8.06	161517	305	0.24	          1.34	8.02	8.06	7.95	8.03	   361.43	129420048	  0.88	运输设备	山西	1.37	8.01	77405	84111	  0.92	672	906	--  	         12.08	
600500	中化国际	1.37	11.11	0.15	11.12	11.13	116714	130	0.09	          0.68	10.90	11.12	10.81	10.96	    77.13	128158040	  0.67	商贸代理	上海	2.83	10.98	51814	64899	  0.80	223	1000	--  	         17.23	
600505	西昌电力	0.95	10.58	0.10	10.57	10.58	46958	7	0.00	          1.29	10.47	10.59	10.21	10.48	    65.51	48840960	  0.67	水力发电	四川	3.63	10.40	19544	27414	  0.71	13	217	--  	          3.65	
600511	国药股份	1.00	33.45	0.33	33.46	33.47	41963	11	-0.08	          1.51	33.12	33.52	32.92	33.12	    27.60	139768288	  1.28	医药商业	北京	1.81	33.31	10806	31157	  0.35	109	211	--  	          2.78	
600517	置信电气	0.70	10.06	0.07	10.05	10.07	78548	332	0.09	          0.63	9.99	10.06	9.93	9.99	    37.32	78615808	  0.92	电气设备	上海	1.30	10.01	41515	37032	  1.12	52	399	--  	         12.45	
600536	中国软件	1.16	25.21	0.29	25.18	25.22	61612	1	0.27	          1.25	24.81	25.29	24.69	24.92	--  	154590496	  0.85	软件服务	北京	2.41	25.09	29213	32399	  0.90	87	400	--  	          4.95	
600550	保变电气	-0.29	6.89	-0.02	6.88	6.89	91893	20	0.14	          0.67	6.91	6.92	6.80	6.91	   721.95	62961648	  1.26	电气设备	河北	1.74	6.85	52152	39741	  1.31	1304	477	--  	         13.73	
600552	凯盛科技	-0.75	15.95	-0.12	15.94	15.95	50848	7	0.00	          1.37	16.11	16.11	15.80	16.07	    72.64	81043304	  1.35	玻璃	安徽	1.93	15.94	28183	22665	  1.24	94	94	--  	          3.70	
600602	云赛智联	0.00	9.39	0.00	--  	--  	0	0	0.00	          0.00	--  	--  	--  	9.39	    41.24	0	  0.00	软件服务	上海	0.00	9.39	0	0	--  	0	0	--  	          8.80	
600621	华鑫股份	0.72	14.02	0.10	14.02	14.03	56736	15	-0.14	          1.08	13.82	14.14	13.68	13.92	    38.49	78947904	  0.57	全国地产	上海	3.30	13.91	25882	30854	  0.84	102	83	--  	          5.24	
600651	飞乐音响	1.18	10.29	0.12	10.29	10.30	76020	7	0.00	          0.99	10.15	10.33	10.11	10.17	    69.59	77924016	  0.70	电器仪表	上海	2.16	10.25	33917	42102	  0.81	341	3066	--  	          7.69	
600654	中安消	0.00	17.43	0.00	--  	--  	0	0	0.00	          0.00	--  	--  	--  	17.43	    60.92	0	  0.00	软件服务	上海	0.00	17.43	0	0	--  	0	0	--  	          7.55	
600698	湖南天雁	0.66	12.26	0.08	12.25	12.26	307250	7	0.16	          7.12	12.18	12.39	12.08	12.18	  1133.46	375622464	  0.68	汽车配件	湖南	2.55	12.23	157125	150125	  1.05	894	218	--  	          4.31	
600707	彩虹股份	-0.34	8.74	-0.03	8.74	8.75	101908	54	0.11	          1.38	8.71	8.77	8.54	8.77	--  	88321416	  0.62	元器件	陕西	2.62	8.67	52497	49411	  1.06	186	166	--  	          7.36	
600720	祁连山	0.51	9.92	0.05	9.91	9.92	240488	20	0.20	          3.10	9.84	9.97	9.72	9.87	    28.34	237569808	  0.76	水泥	甘肃	2.53	9.88	119984	120503	  1.00	1311	902	--  	          7.76	
600726	华电能源	0.60	5.05	0.03	5.04	5.05	46179	40	0.19	          0.30	5.02	5.06	4.98	5.02	    29.27	23198852	  0.78	火力发电	黑龙江	1.59	5.02	21118	25060	  0.84	1057	1493	--  	         15.35	
600737	中粮糖业	0.17	11.53	0.02	11.52	11.53	189087	156	0.17	          1.43	11.49	11.56	11.39	11.51	    53.41	216926000	  0.99	食品	新疆	1.48	11.47	94654	94433	  1.00	171	446	--  	         13.23	
600764	中电广通	-2.74	33.38	-0.94	33.37	33.38	51558	20	-0.02	          1.56	34.04	34.44	32.83	34.32	   398.51	171626560	  1.37	通信设备	北京	4.69	33.29	30799	20759	  1.48	3	812	--  	          3.30	
600775	南京熊猫	1.65	15.40	0.25	15.39	15.40	76592	51	0.00	          1.14	15.15	15.48	15.01	15.15	   133.41	117335080	  1.36	通信设备	江苏	3.10	15.32	30848	45743	  0.67	59	44	--  	          6.72	
600787	中储股份	0.44	9.20	0.04	9.18	9.19	138902	333	0.10	          0.75	9.17	9.21	9.05	9.16	    35.26	127162176	  0.83	仓储物流	天津	1.75	9.15	71819	67083	  1.07	405	168	--  	         18.60	
600795	国电电力	0.62	3.26	0.02	3.25	3.26	608415	445	0.00	          0.31	3.24	3.26	3.21	3.24	     9.92	197092672	  0.61	火力发电	辽宁	1.54	3.24	282802	325612	  0.87	36982	34463	--  	        196.50	
600876	洛阳玻璃	2.59	28.90	0.73	28.89	28.90	204505	91	-0.06	          8.18	30.20	30.44	28.26	28.17	--  	596629760	  8.78	玻璃	河南	7.74	29.17	92364	112141	  0.82	47	22	--  	          2.50	
600877	中国嘉陵	1.17	9.52	0.11	9.51	9.52	107454	19	0.10	          1.56	9.43	9.56	9.40	9.41	--  	102075768	  0.62	摩托车	重庆	1.70	9.50	51674	55779	  0.93	93	282	--  	          6.87	
600886	国投电力	0.57	7.03	0.04	7.02	7.03	227088	159	0.14	          0.33	7.00	7.03	6.96	6.99	    10.49	158871392	  0.86	水力发电	北京	1.00	7.00	110717	116371	  0.95	1155	6397	--  	         67.86	
600962	国投中鲁	-0.54	18.48	-0.10	18.48	18.49	39210	7	0.10	          1.54	18.50	18.57	18.33	18.58	  1033.33	72331464	  0.70	软饮料	北京	1.29	18.45	21887	17323	  1.26	16	115	--  	          2.54	
600963	岳阳林纸	0.35	8.61	0.03	8.60	8.61	56428	34	0.11	          0.54	8.58	8.62	8.45	8.58	   363.41	48274704	  0.70	造纸	湖南	1.98	8.56	31904	24523	  1.30	121	488	--  	         10.43	
600967	北方创业	1.42	14.30	0.20	14.30	14.31	129591	200	0.14	          1.57	13.91	14.33	13.91	14.10	--  	183726608	  0.91	运输设备	内蒙	2.98	14.18	59574	70016	  0.85	5	853	--  	          8.23	
600970	中材国际	0.67	7.48	0.05	7.48	7.49	140826	6	-0.39	          0.84	7.44	7.55	7.38	7.43	    20.35	105367168	  0.76	建筑施工	江苏	2.29	7.48	67126	73699	  0.91	268	16	--  	         16.83	
601611	中国核建	0.59	17.12	0.10	17.12	17.13	135926	63	0.05	          2.59	17.02	17.15	16.81	17.02	    67.00	231335952	  0.69	建筑施工	北京	2.00	17.02	70774	65152	  1.09	384	130	--  	          5.25	
601718	际华集团	1.49	8.83	0.13	8.82	8.83	163376	130	0.00	          0.42	8.70	8.85	8.70	8.70	    33.20	143620624	  0.69	服饰	北京	1.72	8.79	64436	98939	  0.65	468	647	--  	         38.57	
601918	*ST新集	3.35	5.56	0.18	5.56	5.57	365844	110	0.18	          1.41	5.38	5.56	5.38	5.38	    43.53	200671216	  0.87	煤炭开采	安徽	3.35	5.49	138413	227430	  0.61	961	3872	--  	         25.91	
601989	中国重工	0.41	7.34	0.03	7.34	7.35	803530	178	0.00	          0.44	7.32	7.37	7.25	7.31	   119.37	588544064	  0.76	船舶	北京	1.64	7.32	390537	412992	  0.95	5337	6822	--  	        183.62	
603126	中材节能	1.52	13.40	0.20	13.39	13.40	73581	107	0.14	          3.37	13.22	13.42	13.10	13.20	    64.37	97647152	  1.04	环境保护	天津	2.42	13.27	36994	36587	  1.01	136	10	--  	          2.18	
数据来源:通达信
