代码	名称	涨幅%%	现价	涨跌	买价	卖价	总量	现量	涨速%%	换手%%	今开	最高	最低	昨收	市盈(动)	总金额	量比	细分行业	地区	振幅%%	均价	内盘	外盘	内外比	买量	卖量	未匹配量	流通股(亿)	
000058	深 赛 格	-0.28	10.61	-0.03	10.61	10.62	36247	518	0.09	          0.67	10.55	10.64	10.51	10.64	   232.57	38363800	  0.77	元器件	深圳	1.22	10.58	19977	16269	  1.23	96	201	--  	          5.38	
000156	华数传媒	0.68	17.72	0.12	17.71	17.72	30672	234	0.05	          0.31	17.60	17.75	17.38	17.60	    41.55	53883588	  1.11	影视音像	浙江	2.10	17.57	14238	16433	  0.87	280	79	--  	          9.94	
000502	绿景控股	1.38	17.69	0.24	17.69	17.70	23871	373	-0.05	          1.30	17.47	17.70	17.33	17.45	--  	41904820	  0.60	医疗保健	广东	2.12	17.55	9440	14431	  0.65	34	240	--  	          1.83	
000661	长春高新	1.81	112.18	1.99	112.13	112.18	26219	111	0.08	          1.54	110.56	113.76	110.56	110.19	    39.36	295113216	  1.19	生物制药	吉林	2.90	112.56	12698	13521	  0.94	10	10	--  	          1.70	
000671	阳 光 城	2.30	5.79	0.13	5.79	5.80	276756	1323	0.00	          0.85	5.68	5.83	5.68	5.66	    48.39	159615360	  2.06	区域地产	福建	2.65	5.77	111442	165314	  0.67	1551	1323	--  	         32.45	
000915	山大华特	1.88	43.45	0.80	43.45	43.46	33380	410	0.11	          1.86	42.65	43.46	41.80	42.65	    36.82	142878464	  0.82	化学制药	山东	3.89	42.80	15218	18161	  0.84	250	356	--  	          1.80	
002014	永新股份	1.30	16.36	0.21	16.35	16.36	17599	241	0.18	          0.76	16.13	16.40	16.03	16.15	    27.10	28568972	  0.85	塑料	安徽	2.29	16.23	7848	9750	  0.80	971	3	--  	          2.30	
002078	太阳纸业	0.96	7.33	0.07	7.32	7.33	266128	3464	0.13	          1.05	7.26	7.34	7.18	7.26	    21.21	193811040	  1.03	造纸	山东	2.20	7.28	117445	148683	  0.79	3680	1432	--  	         25.24	
002162	悦心健康	--  	6.61	--  	--  	--  	0	0	--  	          0.00	--  	--  	--  	6.61	  2006.90	0	  0.00	医疗保健	上海	0.00	6.61	0	0	--  	0	0	--  	          8.15	
002269	美邦服饰	-0.21	4.86	-0.01	4.86	4.87	137909	2335	0.20	          0.55	4.85	4.87	4.74	4.87	--  	66334832	  1.03	服饰	上海	2.67	4.81	71074	66835	  1.06	1147	4198	--  	         25.13	
002292	奥飞娱乐	0.64	22.10	0.14	22.10	22.11	73120	1496	0.18	          1.01	21.91	22.16	21.60	21.96	    49.51	160087040	  0.72	影视音像	广东	2.55	21.89	32846	40273	  0.82	996	169	--  	          7.22	
002308	威创股份	-0.52	15.21	-0.08	15.20	15.21	63919	2436	-0.19	          0.77	15.13	15.48	14.95	15.29	    81.19	97339904	  0.69	电脑设备	广东	3.47	15.23	35849	28070	  1.28	367	236	--  	          8.36	
002348	高乐股份	1.52	8.04	0.12	8.04	8.05	149913	3112	0.00	          2.03	7.86	8.16	7.86	7.92	   151.15	120517320	  1.15	文教休闲	广东	3.79	8.04	68946	80966	  0.85	203	2908	--  	          7.39	
002502	骅威文化	0.52	11.67	0.06	11.66	11.67	45551	208	0.08	          0.96	11.62	11.68	11.53	11.61	    47.90	52921304	  0.97	影视音像	广东	1.29	11.62	26173	19377	  1.35	69	49	--  	          4.77	
002511	中顺洁柔	-0.40	19.99	-0.08	19.98	19.99	26571	118	-0.05	          0.55	19.80	20.20	19.80	20.07	    41.82	53038912	  0.63	造纸	广东	1.99	19.96	15064	11507	  1.31	29	34	--  	          4.84	
002563	森马服饰	-0.63	9.54	-0.06	9.53	9.54	43974	663	0.10	          0.24	9.55	9.60	9.45	9.60	    19.24	41790384	  0.71	服饰	浙江	1.56	9.50	29563	14411	  2.05	100	177	--  	         18.39	
002570	贝因美	2.16	13.74	0.29	13.74	13.75	98531	779	0.00	          0.97	13.49	13.77	13.39	13.45	--  	134423808	  0.98	乳制品	浙江	2.83	13.64	41708	56823	  0.73	890	772	--  	         10.21	
002571	德力股份	-2.86	13.93	-0.41	13.92	13.93	140550	2273	-0.14	          5.56	14.27	14.28	13.74	14.34	--  	195299456	  0.95	玻璃	安徽	3.77	13.90	79077	61473	  1.29	75	740	--  	          2.53	
002575	群兴玩具	--  	14.79	--  	--  	--  	0	0	--  	          0.00	--  	--  	--  	14.79	   682.16	0	  0.00	文教休闲	广东	0.00	14.79	0	0	--  	0	0	--  	          5.89	
002599	盛通股份	-0.46	38.58	-0.18	38.58	38.70	6603	52	-0.46	          0.72	38.63	38.98	38.50	38.76	   233.62	25506358	  0.71	广告包装	北京	1.24	38.63	4333	2269	  1.91	68	5	--  	          0.91	
002699	美盛文化	-0.08	35.47	-0.03	35.47	35.48	85400	1141	0.36	          2.26	35.58	35.77	35.11	35.50	    94.36	302031008	  1.18	服饰	浙江	1.86	35.37	53629	31771	  1.69	246	17	--  	          3.77	
002730	电光科技	0.16	18.61	0.03	18.60	18.61	42504	1297	0.00	          4.14	18.53	18.79	18.05	18.58	   161.50	78441328	  0.86	电气设备	浙江	3.98	18.45	20849	21655	  0.96	353	19	--  	          1.03	
002762	金发拉比	-2.17	56.01	-1.24	56.00	56.01	31211	401	-0.12	          6.17	57.10	57.10	55.68	57.25	   173.22	175367536	  0.73	服饰	广东	2.48	56.19	14976	16234	  0.92	15	617	--  	          0.51	
300043	星辉娱乐	0.30	9.95	0.03	9.95	9.96	83399	1905	0.00	          1.06	9.91	9.98	9.78	9.92	    25.02	82436928	  1.12	文教休闲	广东	2.02	9.88	43475	39923	  1.09	78	593	--  	          7.89	
300086	康芝药业	0.22	13.56	0.03	13.56	13.57	54638	1059	0.14	          1.25	13.52	13.61	13.33	13.53	   139.34	73604584	  0.67	化学制药	海南	2.07	13.47	22650	31987	  0.71	398	414	--  	          4.38	
300106	西部牧业	0.79	15.38	0.12	15.38	15.39	22205	786	0.13	          1.06	15.21	15.39	15.17	15.26	--  	33908908	  0.53	农业综合	新疆	1.44	15.27	11338	10867	  1.04	480	5844	--  	          2.10	
300142	沃森生物	-0.96	12.38	-0.12	12.37	12.38	98781	1119	0.00	          0.91	12.46	12.53	12.21	12.50	--  	122362432	  0.61	生物制药	云南	2.56	12.39	53069	45711	  1.16	1259	4	--  	         10.86	
300160	秀强股份	-5.03	12.65	-0.67	12.65	12.66	247313	1835	-0.23	          4.14	13.30	13.30	12.01	13.32	    65.50	312290944	  0.99	玻璃	江苏	9.68	12.63	119633	127679	  0.94	691	49	--  	          5.98	
300314	戴维医疗	1.03	20.64	0.21	20.64	20.65	21426	420	0.09	          1.13	20.27	20.69	20.13	20.43	    94.18	43750928	  0.70	医疗保健	浙江	2.74	20.42	9424	12001	  0.79	104	101	--  	          1.89	
300318	博晖创新	0.35	8.66	0.03	8.65	8.66	41937	488	0.23	          1.09	8.61	8.68	8.55	8.63	   259.06	36206920	  0.91	医疗保健	北京	1.51	8.63	21320	20617	  1.03	752	559	--  	          3.83	
600069	银鸽投资	-1.76	11.72	-0.21	11.70	11.72	354814	169	0.34	          4.30	11.78	11.88	11.41	11.93	--  	411318976	  0.69	造纸	河南	3.94	11.59	189462	165351	  1.15	143	56	--  	          8.25	
600079	人福医药	0.34	20.42	0.07	20.42	20.44	99687	98	0.04	          0.94	20.38	20.67	20.12	20.35	    31.61	203958576	  1.22	化学制药	湖北	2.70	20.46	49054	50632	  0.97	13	53	--  	         10.58	
600249	两面针	0.09	11.11	0.01	11.12	11.13	167649	30	0.45	          3.73	10.99	11.25	10.80	11.10	--  	185318528	  0.80	日用化工	广西	4.05	11.05	90367	77282	  1.17	190	341	--  	          4.50	
600257	大湖股份	-0.30	9.93	-0.03	9.92	9.94	50784	410	0.20	          1.19	10.00	10.01	9.85	9.96	   684.55	50334912	  1.06	渔业	湖南	1.61	9.91	27390	23394	  1.17	160	468	--  	          4.27	
600351	亚宝药业	0.11	9.09	0.01	9.08	9.09	38731	2	0.11	          0.56	9.09	9.10	9.02	9.08	    77.97	35106956	  1.00	中成药	山西	0.88	9.06	16511	22219	  0.74	889	758	--  	          6.92	
600419	天润乳业	2.84	58.39	1.61	58.39	58.40	10100	3	0.10	          1.13	56.91	58.60	56.91	56.78	    60.75	58808908	  0.86	乳制品	新疆	2.98	58.23	4318	5781	  0.75	13	66	--  	          0.89	
600429	三元股份	0.37	8.24	0.03	8.24	8.25	46796	120	0.12	          0.53	8.16	8.29	8.13	8.21	    54.07	38435216	  0.96	乳制品	北京	1.95	8.21	26552	20243	  1.31	331	461	--  	          8.85	
600527	江南高纤	-0.16	6.27	-0.01	6.26	6.27	83821	1	0.00	          1.05	6.27	6.28	6.21	6.28	   183.22	52363292	  0.82	化纤	江苏	1.11	6.25	47460	36361	  1.31	169	480	--  	          8.02	
600668	尖峰集团	0.46	17.66	0.08	17.65	17.66	46356	18	0.11	          1.35	17.63	17.66	17.36	17.58	    26.97	81178312	  0.76	水泥	浙江	1.71	17.51	23785	22571	  1.05	411	120	--  	          3.44	
600735	新华锦	0.00	20.74	0.00	--  	--  	0	0	0.00	          0.00	--  	--  	--  	20.74	   134.62	0	  0.00	商贸代理	山东	0.00	20.74	0	0	--  	0	0	--  	          3.76	
600750	江中药业	2.38	35.23	0.82	35.23	35.24	86508	10	0.14	          2.88	34.49	35.45	33.89	34.41	    31.02	303603808	  1.65	中成药	江西	4.53	35.10	33266	53241	  0.62	200	175	--  	          3.00	
600763	通策医疗	0.81	28.78	0.23	28.78	28.79	20129	31	0.03	          0.63	28.50	28.80	28.35	28.55	    55.92	57638772	  0.77	医疗保健	浙江	1.58	28.63	9883	10246	  0.96	64	96	--  	          3.21	
600823	世茂股份	1.93	7.38	0.14	7.38	7.39	240782	43	0.00	          0.90	7.25	7.40	7.22	7.24	    10.50	176660448	  2.86	全国地产	上海	2.49	7.34	95661	145121	  0.66	19	5797	--  	         26.79	
600976	健民集团	0.09	32.43	0.03	32.43	32.49	9293	1	-0.06	          0.61	32.23	32.60	32.23	32.40	    76.94	30164662	  0.94	中成药	湖北	1.14	32.46	2987	6306	  0.47	183	124	--  	          1.53	
603398	邦宝益智	0.38	34.57	0.13	34.58	34.59	25738	7	0.20	          4.87	34.40	34.96	33.98	34.44	   111.02	88919736	  0.97	文教休闲	广东	2.85	34.55	12521	13217	  0.95	5	67	--  	          0.53	
数据来源:通达信
