代码	名称	涨幅%%	现价	涨跌	买价	卖价	总量	现量	涨速%%	换手%%	今开	最高	最低	昨收	市盈(动)	总金额	量比	细分行业	地区	振幅%%	均价	内盘	外盘	内外比	买量	卖量	未匹配量	流通股(亿)	
000665	湖北广电	0.70	14.45	0.10	14.45	14.46	20118	428	0.06	          0.44	14.36	14.47	14.26	14.35	    29.01	28964310	  0.74	影视音像	湖北	1.46	14.40	8666	11451	  0.76	143	272	--  	          4.61	
000676	智度股份	0.05	18.22	0.01	18.22	18.23	43188	1346	0.00	          1.38	18.18	18.28	17.87	18.21	    87.87	78296640	  0.64	互联网	河南	2.25	18.13	23675	19512	  1.21	830	36	--  	          3.14	
000836	鑫茂科技	3.60	8.35	0.29	8.34	8.35	553755	4768	-0.11	          4.68	8.10	8.65	7.95	8.06	   212.67	456351936	  1.65	通信设备	天津	8.68	8.24	262092	291662	  0.90	1284	3533	--  	         11.83	
000909	数源科技	-0.06	15.70	-0.01	15.69	15.70	22471	677	0.12	          0.76	15.71	15.75	15.55	15.71	   162.40	35160216	  0.51	综合类	浙江	1.27	15.65	11893	10577	  1.12	508	188	--  	          2.94	
002090	金智科技	-0.81	24.64	-0.20	24.64	24.66	10961	87	0.04	          0.56	24.80	24.81	24.58	24.84	    56.77	27039552	  0.56	软件服务	江苏	0.93	24.67	5614	5347	  1.05	78	15	--  	          1.94	
002121	科陆电子	-0.33	9.15	-0.03	9.14	9.15	48467	1115	0.00	          0.69	9.20	9.20	9.07	9.18	   117.01	44213000	  0.78	电器仪表	深圳	1.42	9.12	30582	17884	  1.71	859	177	--  	          7.01	
002139	拓邦股份	2.86	14.38	0.40	14.37	14.38	99772	2456	0.06	          3.45	13.96	14.38	13.82	13.98	    46.49	141763648	  1.41	元器件	深圳	4.01	14.21	40070	59701	  0.67	1133	298	--  	          2.89	
002214	大立科技	0.16	12.22	0.02	12.22	12.23	74484	1213	0.16	          2.10	12.19	12.25	12.01	12.20	   145.79	90299104	  0.58	电器仪表	浙江	1.97	12.12	43318	31166	  1.39	372	413	--  	          3.55	
002230	科大讯飞	1.08	34.59	0.37	34.59	34.60	633294	6215	0.02	          5.46	34.98	35.97	34.34	34.22	   122.25	2222599680	  0.92	软件服务	安徽	4.76	35.10	325352	307942	  1.06	568	324	--  	         11.60	
002236	大华股份	8.97	16.40	1.35	16.40	16.41	777384	15409	0.61	          4.55	15.10	16.42	15.10	15.05	    33.34	1237688448	  3.05	电器仪表	浙江	8.77	15.92	268135	509248	  0.53	3587	565	--  	         17.09	
002253	川大智胜	1.85	30.25	0.55	30.25	30.26	145908	1717	0.06	          7.05	29.87	30.70	29.87	29.70	   247.58	442292544	  0.90	软件服务	四川	2.79	30.31	70985	74923	  0.95	704	114	--  	          2.07	
002288	超华科技	-0.39	7.65	-0.03	7.65	7.66	88218	1141	0.00	          1.34	7.62	7.69	7.52	7.68	  1196.59	67324168	  0.77	元器件	广东	2.21	7.63	50266	37951	  1.32	776	590	--  	          6.60	
002298	中电鑫龙	-0.07	13.41	-0.01	13.41	13.42	54236	1282	0.07	          1.38	13.40	13.45	13.24	13.42	    68.41	72527448	  1.07	软件服务	安徽	1.56	13.37	32056	22179	  1.45	105	252	--  	          3.92	
002312	三泰控股	1.79	7.95	0.14	7.94	7.95	228345	7381	0.25	          2.25	7.80	7.95	7.79	7.81	--  	180303424	  1.05	电脑设备	四川	2.05	7.90	106433	121912	  0.87	2065	5702	--  	         10.13	
002415	海康威视	2.10	30.18	0.62	30.17	30.18	205430	2868	0.00	          0.42	29.55	30.44	29.51	29.56	    28.73	618551744	  1.39	电器仪表	浙江	3.15	30.11	89812	115617	  0.78	10	502	--  	         48.38	
002444	巨星科技	0.78	16.80	0.13	16.80	16.81	157179	2169	-0.05	          1.55	16.75	17.07	16.73	16.67	    29.39	265318400	  0.78	轻工机械	浙江	2.04	16.88	81751	75428	  1.08	688	328	--  	         10.12	
002452	长高集团	0.80	8.80	0.07	8.80	8.81	39239	230	0.00	          1.14	8.75	8.82	8.64	8.73	    50.24	34329312	  0.78	电气设备	湖南	2.06	8.75	15093	24145	  0.63	122	240	--  	          3.43	
002474	榕基软件	1.14	13.36	0.15	13.35	13.36	69001	1868	0.14	          1.57	13.20	13.36	13.02	13.21	   306.12	91332344	  0.61	软件服务	福建	2.57	13.24	30541	38460	  0.79	650	1059	--  	          4.41	
002528	英飞拓	0.58	6.95	0.04	6.94	6.95	30723	1266	0.00	          0.47	6.91	6.95	6.85	6.91	--  	21242318	  0.60	电脑设备	深圳	1.45	6.91	13754	16969	  0.81	380	434	--  	          6.51	
002535	林州重机	0.28	7.27	0.02	7.27	7.28	82715	1984	0.13	          1.59	7.25	7.29	7.17	7.25	   346.70	59873224	  0.94	工程机械	河南	1.66	7.24	48358	34356	  1.41	148	2653	--  	          5.20	
002583	海能达	2.32	14.10	0.32	14.09	14.10	80156	648	0.00	          0.95	13.88	14.19	13.65	13.78	   176.22	111940736	  1.12	通信设备	深圳	3.92	13.97	26011	54144	  0.48	256	589	--  	          8.41	
002609	捷顺科技	-0.89	16.70	-0.15	16.69	16.70	39092	501	0.11	          1.30	16.85	16.96	16.56	16.85	    76.73	65284684	  1.12	软件服务	深圳	2.37	16.70	24825	14266	  1.74	22	21	--  	          3.01	
002835	同为股份	2.42	42.30	1.00	42.29	42.30	31822	1264	0.11	         11.79	41.17	42.30	40.36	41.30	    79.05	132379224	  0.96	元器件	深圳	4.70	41.60	14276	17545	  0.81	2	61	--  	          0.27	
300020	银江股份	1.10	15.68	0.17	15.68	15.69	87285	1871	0.12	          1.41	15.48	15.70	15.35	15.51	    32.55	135941840	  0.79	软件服务	浙江	2.26	15.57	45523	41761	  1.09	260	409	--  	          6.21	
300053	欧比特	3.94	13.72	0.52	13.71	13.72	120963	3075	0.14	          2.66	13.20	13.78	13.01	13.20	   176.29	162916192	  1.39	半导体	广东	5.83	13.47	45799	75163	  0.61	2049	111	--  	          4.54	
300075	数字政通	1.68	18.17	0.30	18.17	18.18	48787	831	-0.05	          1.81	17.79	18.23	17.64	17.87	    96.28	87774368	  0.98	软件服务	北京	3.30	17.99	21060	27726	  0.76	858	252	--  	          2.69	
300078	思创医惠	4.07	25.30	0.99	25.30	25.31	88219	1193	0.19	          3.21	24.33	25.50	24.32	24.31	    84.72	221588544	  0.88	元器件	浙江	4.85	25.12	38413	49806	  0.77	239	33	--  	          2.74	
300093	金刚玻璃	0.25	23.73	0.06	23.73	23.74	27945	258	0.21	          1.30	23.60	23.95	23.33	23.67	  7284.93	66215804	  0.88	玻璃	广东	2.62	23.70	15713	12231	  1.28	574	11	--  	          2.15	
300098	高新兴	1.36	13.41	0.18	13.41	13.42	139500	2098	0.07	          2.55	13.22	13.47	13.14	13.23	    53.90	186126608	  0.93	通信设备	广东	2.49	13.34	57702	81797	  0.71	286	1096	--  	          5.46	
300101	振芯科技	0.00	19.22	0.00	19.22	19.23	116232	1745	0.00	          2.12	19.19	19.45	19.11	19.22	   122.48	224144944	  0.82	通信设备	四川	1.77	19.28	56507	59725	  0.95	1485	541	--  	          5.49	
300123	太阳鸟	-0.57	19.15	-0.11	19.13	19.15	92386	3247	0.47	          3.37	19.20	19.34	18.77	19.26	   449.28	175719488	  0.54	船舶	湖南	2.96	19.02	53246	39140	  1.36	2	1197	--  	          2.74	
300150	世纪瑞尔	--  	9.97	--  	--  	--  	0	0	--  	          0.00	--  	--  	--  	9.97	--  	0	  0.00	软件服务	北京	0.00	9.97	0	0	--  	0	0	--  	          3.27	
300155	安居宝	0.51	11.92	0.06	11.92	11.93	30529	586	0.16	          1.11	11.85	11.93	11.64	11.86	   363.12	36096688	  0.74	元器件	广东	2.45	11.82	13806	16723	  0.83	533	347	--  	          2.74	
300184	力源信息	-0.80	14.79	-0.12	14.79	14.80	45996	639	-0.06	          1.60	14.78	14.83	14.57	14.91	   131.15	67605080	  0.95	元器件	湖北	1.74	14.70	22332	23663	  0.94	411	617	--  	          2.88	
300211	亿通科技	-0.50	12.01	-0.06	12.00	12.01	23673	383	-0.41	          1.36	12.16	12.16	11.81	12.07	   325.69	28331316	  1.17	通信设备	江苏	2.90	11.97	11631	12041	  0.97	137	424	--  	          1.74	
300213	佳讯飞鸿	1.68	24.25	0.40	24.24	24.25	44313	990	0.12	          2.84	23.86	24.25	23.61	23.85	    71.30	106464360	  0.85	通信设备	北京	2.68	24.03	21336	22977	  0.93	109	189	--  	          1.56	
300270	中威电子	-0.20	14.80	-0.03	14.79	14.80	22597	665	0.27	          1.56	14.81	14.85	14.62	14.83	    92.76	33311690	  0.98	通信设备	浙江	1.55	14.74	11974	10622	  1.13	130	28	--  	          1.45	
300275	梅安森	0.20	29.36	0.06	29.36	29.40	27008	1018	0.17	          2.39	29.09	30.10	28.80	29.30	--  	79920304	  0.65	软件服务	重庆	4.44	29.59	14343	12664	  1.13	35	12	--  	          1.13	
300287	飞利信	0.09	10.97	0.01	10.97	10.98	131604	1819	0.00	          1.57	10.91	10.98	10.73	10.96	    38.34	142949488	  1.05	软件服务	北京	2.28	10.86	64285	67318	  0.95	34	903	--  	          8.36	
300297	蓝盾股份	-0.23	13.03	-0.03	13.03	13.04	71508	1535	0.07	          1.11	12.98	13.06	12.80	13.06	    80.53	92725608	  0.94	软件服务	广东	1.99	12.97	38031	33477	  1.14	49	284	--  	          6.46	
300310	宜通世纪	10.01	27.80	2.53	27.80	--  	188223	1417	0.00	          8.68	25.15	27.80	25.15	25.27	    67.90	501988288	  2.22	通信设备	广东	10.49	26.67	70505	117717	  0.60	30855	0	--  	          2.17	
300367	东方网力	--  	20.04	--  	--  	--  	0	0	--  	          0.00	--  	--  	--  	20.04	   116.32	0	  0.00	电脑设备	北京	0.00	20.04	0	0	--  	0	0	--  	          3.94	
300407	凯发电气	2.00	18.38	0.36	18.38	18.39	21421	306	0.16	          1.59	17.92	18.43	17.70	18.02	    38.69	38960848	  1.49	电气设备	天津	4.05	18.19	7551	13870	  0.54	55	181	--  	          1.35	
300448	浩云科技	0.85	28.50	0.24	28.49	28.50	9181	354	0.10	          1.27	28.01	28.50	28.01	28.26	   311.56	26030708	  0.78	软件服务	广东	1.73	28.35	3804	5376	  0.71	34	365	--  	          0.73	
300449	汉邦高科	0.57	40.30	0.23	40.30	40.31	9571	168	0.00	          1.33	40.07	40.44	39.99	40.07	   360.83	38524980	  0.69	电脑设备	北京	1.12	40.25	4595	4976	  0.92	59	8	--  	          0.72	
300588	熙菱信息	6.04	45.99	2.62	45.98	45.99	50157	1450	-0.32	         20.06	43.47	46.28	42.98	43.37	   180.32	223749072	  1.17	软件服务	新疆	7.61	44.61	20445	29711	  0.69	29	287	--  	          0.25	
300613	富瀚微	4.80	294.50	13.50	294.50	294.54	47187	1028	0.50	         42.47	296.02	304.88	281.13	281.00	   117.03	1371012864	  1.68	半导体	上海	8.45	290.55	22585	24602	  0.92	131	1	--  	          0.11	
600074	保千里	0.88	13.71	0.12	13.70	13.71	193616	34	0.00	          2.14	13.55	13.76	13.46	13.59	    40.70	263935312	  1.53	电脑设备	江苏	2.21	13.63	91416	102200	  0.89	227	279	--  	          9.06	
600100	同方股份	0.22	13.94	0.03	13.94	13.95	251383	131	0.28	          1.14	13.89	13.98	13.81	13.91	     6.08	349681408	  0.75	电脑设备	北京	1.22	13.91	137961	113422	  1.22	546	901	--  	         21.98	
600260	凯乐科技	3.28	20.48	0.65	20.48	20.49	206663	2	-0.38	          3.88	19.78	20.65	19.69	19.83	    90.72	419938912	  1.33	通信设备	湖北	4.84	20.32	94862	111801	  0.85	18	5	--  	          5.33	
600565	迪马股份	0.74	6.78	0.05	6.78	6.79	200554	30	0.14	          1.36	6.71	6.79	6.69	6.73	    95.45	135151072	  1.03	全国地产	重庆	1.49	6.74	101032	99521	  1.02	26	5756	--  	         14.72	
600654	中安消	0.00	17.43	0.00	--  	--  	0	0	0.00	          0.00	--  	--  	--  	17.43	    60.92	0	  0.00	软件服务	上海	0.00	17.43	0	0	--  	0	0	--  	          7.55	
600728	佳都科技	0.88	9.22	0.08	9.22	9.23	422245	10	0.21	          3.18	9.21	9.48	9.15	9.14	 10281.79	392564960	  1.40	软件服务	广东	3.61	9.30	214433	207811	  1.03	1448	635	--  	         13.29	
600734	实达集团	-1.34	13.98	-0.19	13.98	13.99	70348	69	-0.07	          2.00	14.18	14.22	13.80	14.17	    51.81	98144320	  0.85	电脑设备	福建	2.96	13.95	38888	31460	  1.24	129	298	--  	          3.51	
600770	综艺股份	0.51	9.89	0.05	9.89	9.90	71105	48	0.10	          0.64	9.83	9.90	9.71	9.84	   235.72	69826048	  0.62	综合类	江苏	1.93	9.82	37485	33620	  1.11	132	1217	--  	         11.05	
600804	鹏博士	-0.19	21.21	-0.04	21.20	21.21	75052	41	0.00	          0.54	21.11	21.24	20.95	21.25	    37.07	158262544	  0.71	电信运营	四川	1.36	21.09	39249	35803	  1.10	1151	4	--  	         13.90	
600855	航天长峰	0.00	28.89	0.00	--  	--  	0	0	0.00	          0.00	--  	--  	--  	28.89	   846.16	0	  0.00	专用机械	北京	0.00	28.89	0	0	--  	0	0	--  	          3.30	
数据来源:通达信
