代码	名称	涨幅%%	现价	涨跌	买价	卖价	总量	现量	涨速%%	换手%%	今开	最高	最低	昨收	市盈(动)	总金额	量比	细分行业	地区	振幅%%	均价	内盘	外盘	内外比	买量	卖量	未匹配量	流通股(亿)	
000155	*ST川化	--  	0.00	--  	--  	--  	0	0	--  	          0.00	--  	--  	--  	--  	--  	0	  0.00	农药化肥	四川	--  	0.00	0	0	--  	0	0	--  	          9.37	
000509	华塑控股	--  	7.76	--  	--  	--  	0	0	--  	          0.00	--  	--  	--  	7.76	--  	0	  0.00	其他建材	四川	0.00	7.76	0	0	--  	0	0	--  	          8.25	
000510	金路集团	0.26	11.36	0.03	11.36	11.37	79667	1724	-0.17	          1.41	11.33	11.43	11.26	11.33	   287.37	90513232	  0.53	化工原料	四川	1.50	11.36	41983	37683	  1.11	825	103	--  	          5.63	
000514	渝 开 发	0.39	10.37	0.04	10.36	10.37	242800	3844	0.00	          2.88	10.23	10.44	10.03	10.33	    71.33	248238608	  1.07	区域地产	重庆	3.97	10.22	115859	126941	  0.91	1136	42	--  	          8.44	
000519	中兵红箭	1.28	16.68	0.21	16.68	16.69	214670	4016	0.12	          3.68	16.53	16.80	16.53	16.47	   377.56	358348640	  0.62	矿物制品	湖南	1.64	16.69	107399	107270	  1.00	695	1170	--  	          5.83	
000565	渝三峡Ａ	-1.25	12.62	-0.16	12.62	12.63	77137	1578	0.07	          1.78	12.82	12.82	12.51	12.78	    24.48	97387424	  0.72	染料涂料	重庆	2.43	12.63	47490	29646	  1.60	740	34	--  	          4.34	
000568	泸州老窖	2.86	40.63	1.13	40.62	40.63	123394	2171	0.04	          0.88	39.49	40.68	39.30	39.50	    28.37	496230112	  1.37	白酒	四川	3.49	40.22	62718	60676	  1.03	223	1682	--  	         14.02	
000584	友利控股	--  	11.85	--  	--  	--  	0	0	--  	          0.00	--  	--  	--  	11.85	--  	0	  0.00	化纤	江苏	0.00	11.85	0	0	--  	0	0	--  	          6.11	
000586	汇源通信	--  	21.28	--  	--  	--  	0	0	--  	          0.00	--  	--  	--  	21.28	  1148.64	0	  0.00	通信设备	四川	0.00	21.28	0	0	--  	0	0	--  	          1.93	
000593	大通燃气	4.88	10.74	0.50	10.73	10.74	111786	2281	0.09	          4.00	10.24	10.95	10.14	10.24	   629.13	117922304	  3.56	供气供热	四川	7.91	10.55	38100	73686	  0.52	490	56	--  	          2.80	
000598	兴蓉环境	0.17	5.87	0.01	5.86	5.87	212041	3143	0.00	          0.71	5.86	5.87	5.80	5.86	    17.32	123858504	  0.81	水务	四川	1.19	5.84	108415	103625	  1.05	7737	54	--  	         29.86	
000607	华媒控股	0.20	10.17	0.02	10.17	10.18	99210	2019	0.19	          2.04	10.13	10.18	10.01	10.15	    61.10	100232560	  0.53	广告包装	浙江	1.67	10.10	57569	41641	  1.38	2697	650	--  	          4.87	
000625	长安汽车	0.84	15.62	0.13	15.62	15.63	332306	1602	-0.06	          0.88	15.46	15.65	15.37	15.49	     7.27	516725120	  0.77	汽车整车	重庆	1.81	15.55	154897	177409	  0.87	933	2360	--  	         37.61	
000628	高新发展	0.94	13.91	0.13	13.91	13.92	31716	237	0.00	          1.69	13.76	14.09	13.47	13.78	   106.58	43773360	  1.32	园区开发	四川	4.50	13.80	14413	17302	  0.83	135	653	--  	          1.88	
000629	*ST钒钛	0.79	2.55	0.02	2.54	2.55	295133	5655	0.39	          0.62	2.53	2.55	2.51	2.53	--  	74807904	  0.60	普钢	四川	1.58	2.53	150296	144836	  1.04	15799	50981	--  	         47.67	
000656	金科股份	1.93	5.82	0.11	5.81	5.82	288312	2685	0.17	          0.78	5.71	5.85	5.68	5.71	    23.13	167100464	  1.04	区域地产	重庆	2.98	5.80	120217	168094	  0.72	2660	12990	--  	         36.74	
000688	建新矿业	2.02	9.58	0.19	9.58	9.59	84275	1481	0.20	          0.74	9.40	9.59	9.40	9.39	    53.72	80321456	  1.16	铅锌	重庆	2.02	9.53	33530	50744	  0.66	133	1213	--  	         11.37	
000710	*ST天仪	4.99	52.98	2.52	52.98	--  	31672	2	0.00	          2.09	50.99	52.98	50.70	50.46	--  	165738928	  0.61	汽车配件	四川	4.52	52.33	16271	15400	  1.06	6730	0	--  	          1.51	
000736	中房地产	-0.43	18.34	-0.08	18.33	18.34	32677	361	0.00	          1.10	18.26	18.38	18.00	18.42	    43.42	59400032	  0.49	全国地产	重庆	2.06	18.18	18493	14183	  1.30	92	61	--  	          2.97	
000788	北大医药	0.67	13.48	0.09	13.47	13.48	15929	292	0.07	          0.29	13.34	13.49	13.32	13.39	   402.35	21379688	  0.52	化学制药	重庆	1.27	13.42	7962	7966	  1.00	50	54	--  	          5.59	
000790	泰合健康	-0.40	12.42	-0.05	12.41	12.42	30396	234	0.08	          0.71	12.48	12.50	12.33	12.47	   199.93	37698620	  0.86	中成药	四川	1.36	12.40	18345	12050	  1.52	100	23	--  	          4.30	
000801	四川九洲	1.53	11.98	0.18	11.98	11.99	94746	903	-0.08	          0.93	11.87	12.08	11.80	11.80	   131.28	113355480	  0.89	通信设备	四川	2.37	11.96	49483	45263	  1.09	648	184	--  	         10.23	
000803	金宇车城	--  	20.60	--  	--  	--  	0	0	--  	          0.00	--  	--  	--  	20.60	--  	0	  0.00	纺织	四川	0.00	20.60	0	0	--  	0	0	--  	          0.98	
000810	创维数字	0.14	14.13	0.02	14.13	14.14	30299	323	0.07	          0.74	14.05	14.19	13.90	14.11	    31.60	42673052	  0.71	元器件	四川	2.06	14.08	15472	14826	  1.04	50	30	--  	          4.08	
000835	长城动漫	-0.09	11.39	-0.01	11.39	11.40	37017	625	-0.17	          1.22	11.33	11.44	11.30	11.40	--  	42128444	  0.59	影视音像	四川	1.23	11.38	18629	18388	  1.01	219	21	--  	          3.03	
000858	五 粮 液	2.43	41.65	0.99	41.64	41.65	287983	4993	0.00	          0.76	40.75	41.75	40.75	40.66	    23.24	1193460480	  1.39	白酒	四川	2.46	41.44	120024	167959	  0.71	69	8311	--  	         37.96	
000876	新 希 望	0.25	8.08	0.02	8.07	8.08	117702	1789	0.00	          0.34	8.03	8.09	8.00	8.06	    12.09	94750368	  0.83	饲料	四川	1.12	8.05	59051	58651	  1.01	1743	3486	--  	         34.57	
000888	峨眉山Ａ	1.38	12.46	0.17	12.45	12.46	59511	465	0.00	          1.13	12.34	12.48	12.25	12.29	    34.03	73864464	  0.91	旅游景点	四川	1.87	12.41	20122	39388	  0.51	15	161	--  	          5.27	
000892	欢瑞世纪	-0.39	12.70	-0.05	12.70	12.71	27762	383	0.00	          0.78	12.83	12.83	12.62	12.75	--  	35178756	  1.01	影视音像	重庆	1.65	12.67	14943	12819	  1.17	102	162	--  	          3.56	
000912	泸天化	--  	13.22	--  	--  	--  	0	0	--  	          0.00	--  	--  	--  	13.22	--  	0	  0.00	农药化肥	四川	0.00	13.22	0	0	--  	0	0	--  	          5.85	
000935	四川双马	--  	23.06	--  	--  	--  	0	0	--  	          0.00	--  	--  	--  	23.06	   208.25	0	  0.00	水泥	四川	0.00	23.06	0	0	--  	0	0	--  	          6.29	
000950	*ST建峰	-0.76	9.10	-0.07	9.10	9.11	41291	127	-0.10	          0.69	9.15	9.15	9.00	9.17	--  	37381188	  0.63	农药化肥	重庆	1.64	9.05	24325	16965	  1.43	281	113	--  	          5.99	
001696	宗申动力	0.44	9.03	0.04	9.03	9.04	59772	996	-0.11	          0.67	9.02	9.06	8.88	8.99	    31.71	53850128	  0.69	摩托车	重庆	2.00	9.01	24106	35665	  0.68	1099	658	--  	          8.91	
002004	华邦健康	0.58	8.66	0.05	8.65	8.66	105738	1715	0.11	          0.69	8.61	8.66	8.51	8.61	    21.61	90950784	  0.87	化学制药	重庆	1.74	8.60	50933	54805	  0.93	4113	1823	--  	         15.33	
002023	海特高新	1.34	14.35	0.19	14.34	14.35	79211	682	0.27	          1.20	14.21	14.42	14.09	14.16	   187.09	113034016	  0.70	航空	四川	2.33	14.27	37032	42179	  0.88	106	337	--  	          6.59	
002259	升达林业	0.11	9.11	0.01	9.11	9.12	94149	702	0.00	          1.55	9.03	9.20	8.95	9.10	   537.30	85344840	  0.66	家居用品	四川	2.75	9.06	45848	48301	  0.95	17	323	--  	          6.08	
002357	富临运业	2.09	13.70	0.28	13.69	13.70	34738	255	0.00	          1.11	13.46	13.71	13.38	13.42	    28.94	47281556	  1.10	公路	四川	2.46	13.61	9325	25412	  0.37	32	205	--  	          3.13	
002366	台海核电	0.57	47.74	0.27	47.74	47.75	19028	147	0.00	          0.82	47.43	47.95	47.15	47.47	    43.88	90624208	  0.59	专用机械	四川	1.69	47.63	9749	9278	  1.05	222	156	--  	          2.31	
002386	天原集团	1.03	8.80	0.09	8.80	8.81	85711	916	0.00	          1.28	8.74	8.85	8.67	8.71	   107.20	75296144	  0.63	化工原料	四川	2.07	8.78	36247	49463	  0.73	144	973	--  	          6.72	
002422	科伦药业	1.40	16.63	0.23	16.62	16.63	52115	414	0.00	          0.53	16.40	16.66	16.30	16.40	    33.42	86140104	  1.02	化学制药	四川	2.20	16.53	19457	32658	  0.60	188	133	--  	          9.83	
002466	天齐锂业	0.46	39.64	0.18	39.64	39.65	447518	3499	0.02	          4.54	39.17	40.49	38.60	39.46	    24.57	1781128448	  1.15	小金属	四川	4.79	39.80	222845	224672	  0.99	1003	492	--  	          9.86	
002480	新筑股份	0.30	10.09	0.03	10.08	10.09	55747	690	0.09	          0.89	10.06	10.12	9.98	10.06	   892.64	56095036	  0.79	机械基件	四川	1.39	10.06	24070	31676	  0.76	464	1080	--  	          6.26	
002497	雅化集团	10.01	7.58	0.69	7.58	--  	666265	7349	0.00	          8.57	7.01	7.58	7.01	6.89	    55.97	503040544	  9.07	化工原料	四川	8.27	7.55	486883	179382	  2.71	47504	0	--  	          7.77	
002507	涪陵榨菜	1.15	15.87	0.18	15.87	15.88	61204	516	0.00	          2.04	15.65	16.04	15.57	15.69	    31.74	96952392	  0.92	食品	重庆	3.00	15.84	28663	32541	  0.88	106	251	--  	          3.00	
002539	云图控股	-0.74	10.75	-0.08	10.75	10.76	45940	933	0.09	          1.13	10.83	10.83	10.63	10.83	    50.23	49237112	  0.92	农药化肥	四川	1.85	10.72	25907	20033	  1.29	565	423	--  	          4.07	
002558	世纪游轮	-0.02	80.23	-0.02	80.20	80.23	19336	229	-0.02	          3.00	79.98	80.99	79.50	80.25	   127.43	155272432	  0.92	旅游服务	重庆	1.86	80.30	8046	11290	  0.71	32	42	--  	          0.64	
002628	成都路桥	-0.25	8.14	-0.02	8.14	8.15	40351	504	0.12	          0.59	8.16	8.16	8.04	8.16	   274.44	32722468	  1.09	建筑施工	四川	1.47	8.11	19476	20875	  0.93	193	327	--  	          6.80	
002629	仁智股份	-0.86	10.37	-0.09	10.36	10.37	72177	1618	0.09	          2.14	10.42	10.44	10.20	10.46	--  	74385064	  1.14	石油开采	浙江	2.29	10.31	41247	30929	  1.33	229	457	--  	          3.37	
002630	华西能源	2.18	12.17	0.26	12.16	12.17	121179	1068	0.24	          1.98	11.91	12.18	11.80	11.91	    38.18	146099792	  2.28	专用机械	四川	3.19	12.06	52246	68933	  0.76	540	1359	--  	          6.13	
002651	利君股份	-0.07	15.05	-0.01	15.05	15.06	281457	3377	0.00	          7.44	15.20	15.57	15.01	15.06	   174.98	429950144	  1.33	专用机械	四川	3.72	15.28	144600	136857	  1.06	437	206	--  	          3.78	
002697	红旗连锁	0.13	7.92	0.01	7.91	7.92	133401	2432	0.00	          1.82	7.88	7.94	7.81	7.91	    59.90	105067376	  0.84	超市连锁	四川	1.64	7.88	64080	69320	  0.92	3238	119	--  	          7.31	
300006	莱美药业	0.36	8.46	0.03	8.45	8.46	36698	887	0.11	          0.63	8.40	8.46	8.38	8.43	   109.86	30934102	  0.93	化学制药	重庆	0.95	8.43	16752	19945	  0.84	429	441	--  	          5.84	
300019	硅宝科技	0.23	13.33	0.03	13.32	13.33	44964	1026	0.00	          2.07	13.19	13.35	12.90	13.30	    49.01	59126860	  0.73	化工原料	四川	3.38	13.15	21691	23273	  0.93	186	351	--  	          2.17	
300022	吉峰农机	0.65	9.29	0.06	9.28	9.29	91243	1437	0.10	          2.84	9.23	9.30	8.96	9.23	   126.52	83286920	  0.71	其他商业	四川	3.68	9.13	41105	50138	  0.82	340	781	--  	          3.21	
300028	金亚科技	-1.79	13.20	-0.24	13.20	13.21	178070	3051	0.00	          7.19	13.49	13.58	13.11	13.44	   390.45	236503104	  1.06	通信设备	四川	3.50	13.28	95483	82586	  1.16	464	392	--  	          2.48	
300092	科新机电	-0.75	13.28	-0.10	13.28	13.29	31406	245	0.07	          1.92	13.29	13.43	12.94	13.38	   176.30	41239852	  1.22	专用机械	四川	3.66	13.13	14241	17165	  0.83	615	86	--  	          1.64	
300101	振芯科技	0.00	19.22	0.00	19.22	19.23	116232	1745	0.00	          2.12	19.19	19.45	19.11	19.22	   122.48	224144944	  0.82	通信设备	四川	1.77	19.28	56507	59725	  0.95	1485	541	--  	          5.49	
300122	智飞生物	0.96	17.79	0.17	17.78	17.79	29209	798	0.05	          0.34	17.62	17.98	17.35	17.62	  3157.43	51698676	  0.97	生物制药	重庆	3.58	17.70	14723	14486	  1.02	258	28	--  	          8.63	
300127	银河磁体	2.65	19.01	0.49	19.01	19.02	43967	953	0.15	          1.99	18.39	19.02	18.26	18.52	    55.02	82236920	  1.10	元器件	四川	4.10	18.70	14652	29315	  0.50	626	136	--  	          2.21	
300194	福安药业	1.26	26.60	0.33	26.59	26.60	57540	1540	0.03	          3.62	26.20	26.65	25.82	26.27	    50.67	151369360	  1.32	化学制药	重庆	3.16	26.31	25626	31914	  0.80	35	364	--  	          1.59	
300249	依米康	3.76	14.61	0.53	14.60	14.61	38089	687	0.20	          1.37	14.09	14.61	14.03	14.08	   221.39	54793768	  1.14	专用机械	四川	4.12	14.39	16749	21339	  0.78	353	71	--  	          2.78	
300275	梅安森	0.20	29.36	0.06	29.36	29.40	27008	1018	0.17	          2.39	29.09	30.10	28.80	29.30	--  	79920304	  0.65	软件服务	重庆	4.44	29.59	14343	12664	  1.13	35	12	--  	          1.13	
600039	四川路桥	0.63	4.83	0.03	4.82	4.83	300470	20	0.20	          1.00	4.80	4.83	4.74	4.80	    19.02	143692144	  1.41	建筑施工	四川	1.88	4.78	128974	171495	  0.75	2964	4774	--  	         30.20	
600093	禾嘉股份	3.86	14.27	0.53	14.25	14.26	87725	11	0.35	          2.72	13.75	14.30	13.65	13.74	    27.02	123301928	  1.81	汽车配件	四川	4.73	14.06	35605	52119	  0.68	59	29	--  	          3.22	
600101	明星电力	0.83	12.17	0.10	12.17	12.18	53488	42	0.08	          1.65	12.08	12.19	12.03	12.07	    33.02	64810020	  0.48	水力发电	四川	1.33	12.12	24322	29165	  0.83	447	570	--  	          3.24	
600106	重庆路桥	0.51	7.81	0.04	7.81	7.82	74257	25	0.12	          0.82	7.74	7.83	7.67	7.77	    21.78	57747780	  0.76	路桥	重庆	2.06	7.78	30520	43736	  0.70	27	789	--  	          9.08	
600109	国金证券	0.61	13.16	0.08	13.15	13.16	173507	23	0.15	          0.57	13.08	13.16	12.99	13.08	    29.45	227154896	  0.96	证券	四川	1.30	13.09	86347	87159	  0.99	585	1309	--  	         30.24	
600116	三峡水利	-0.52	9.59	-0.05	9.58	9.59	166817	23	-0.10	          1.88	9.61	9.64	9.45	9.64	    36.20	159282640	  0.86	水力发电	重庆	1.97	9.55	91137	75679	  1.20	1691	23	--  	          8.88	
600129	太极集团	0.73	17.88	0.13	17.88	17.89	32056	3	0.22	          0.75	17.75	17.89	17.52	17.75	     6.15	56970704	  0.85	中成药	重庆	2.08	17.77	16215	15841	  1.02	90	146	--  	          4.27	
600131	岷江水电	0.09	10.88	0.01	10.89	10.90	57735	2	0.00	          1.45	10.88	10.90	10.59	10.87	    25.05	62088912	  0.55	水力发电	四川	2.85	10.75	31098	26636	  1.17	24	426	--  	          3.97	
600132	重庆啤酒	1.98	21.61	0.42	21.58	21.60	36635	69	0.46	          0.76	21.01	21.65	20.81	21.19	    29.76	77958360	  0.76	啤酒	重庆	3.96	21.28	15721	20913	  0.75	7	25	--  	          4.84	
600139	西部资源	1.20	10.94	0.13	10.91	10.93	47710	28	0.27	          0.72	10.67	10.99	10.67	10.81	--  	51730916	  1.20	铜	四川	2.96	10.84	19046	28664	  0.66	20	85	--  	          6.62	
600279	重庆港九	-0.26	7.67	-0.02	7.66	7.67	157739	10	0.00	          2.28	7.67	7.69	7.48	7.69	    64.50	119709736	  1.04	港口	重庆	2.73	7.59	79986	77752	  1.03	458	626	--  	          6.93	
600292	远达环保	0.84	12.04	0.10	12.04	12.05	40525	96	0.24	          0.52	11.95	12.04	11.87	11.94	    62.24	48482376	  0.74	环境保护	重庆	1.42	11.96	15176	25349	  0.60	458	333	--  	          7.81	
600321	国栋建设	0.34	5.92	0.02	5.91	5.92	129032	3	0.16	          1.09	5.87	5.93	5.73	5.90	--  	75628896	  0.82	其他建材	四川	3.39	5.86	65788	63244	  1.04	1725	67	--  	         11.81	
600331	宏达股份	2.14	6.67	0.14	6.66	6.67	210861	10	0.15	          2.04	6.53	6.68	6.52	6.53	   196.64	139713744	  1.42	铅锌	四川	2.45	6.63	84682	126178	  0.67	2522	342	--  	         10.32	
600353	旭光股份	0.88	10.29	0.09	10.29	10.30	81282	6	0.09	          1.49	10.20	10.30	10.13	10.20	   123.58	83403376	  0.62	元器件	四川	1.67	10.26	38573	42708	  0.90	126	3508	--  	          5.44	
600369	西南证券	0.15	6.89	0.01	6.89	6.90	165544	45	0.00	          0.29	6.85	6.90	6.83	6.88	    27.61	113611904	  1.21	证券	重庆	1.02	6.86	78234	87310	  0.90	309	7601	--  	         56.45	
600378	天科股份	-1.17	14.34	-0.17	14.35	14.36	20174	9	0.06	          0.68	14.50	14.50	14.16	14.51	   157.20	28817882	  1.12	化工原料	四川	2.34	14.28	10059	10114	  0.99	1	128	--  	          2.97	
600391	成发科技	1.03	37.14	0.38	37.15	37.16	29360	9	-0.02	          0.89	36.80	37.19	36.80	36.76	   231.63	108761984	  0.62	航空	四川	1.06	37.04	13801	15558	  0.89	26	153	--  	          3.30	
600438	通威股份	4.14	6.54	0.26	6.53	6.54	434162	1	0.00	          2.25	6.60	6.79	6.42	6.28	    21.12	283799296	  2.94	饲料	四川	5.89	6.54	224691	209470	  1.07	899	438	--  	         19.34	
600452	涪陵电力	1.69	45.15	0.75	45.14	45.15	6133	5	0.00	          0.38	44.14	45.40	44.14	44.40	    41.85	27480756	  1.06	水力发电	重庆	2.84	44.81	1635	4497	  0.36	9	2	--  	          1.60	
600466	蓝光发展	3.42	9.08	0.30	9.06	9.07	409013	10	-0.11	          4.63	8.78	9.21	8.63	8.78	    69.58	367272096	  2.71	区域地产	四川	6.61	8.98	173832	235180	  0.74	1208	169	--  	          8.83	
600505	西昌电力	0.95	10.58	0.10	10.57	10.58	46958	7	0.00	          1.29	10.47	10.59	10.21	10.48	    65.51	48840960	  0.67	水力发电	四川	3.63	10.40	19544	27414	  0.71	13	217	--  	          3.65	
600528	中铁工业	0.66	15.29	0.10	15.29	15.30	258821	13	0.13	          1.77	15.09	15.35	14.88	15.19	   183.81	392024128	  0.76	建筑施工	四川	3.09	15.15	121033	137787	  0.88	1045	1601	--  	         14.59	
600558	大西洋	0.00	5.88	0.00	--  	--  	0	0	0.00	          0.00	--  	--  	--  	5.88	   102.22	0	  0.00	钢加工	四川	0.00	5.88	0	0	--  	0	0	--  	          8.98	
600565	迪马股份	0.74	6.78	0.05	6.78	6.79	200554	30	0.14	          1.36	6.71	6.79	6.69	6.73	    95.45	135151072	  1.03	全国地产	重庆	1.49	6.74	101032	99521	  1.02	26	5756	--  	         14.72	
600644	乐山电力	0.11	9.26	0.01	9.26	9.27	55660	69	0.21	          1.70	9.18	9.29	9.09	9.25	    23.58	51185096	  0.46	水力发电	四川	2.16	9.20	31787	23872	  1.33	197	210	--  	          3.26	
600666	奥瑞德	-0.14	27.86	-0.04	27.86	27.89	142017	278	0.03	          2.86	27.80	28.02	27.62	27.90	    45.93	395402976	  0.69	元器件	重庆	1.43	27.84	78322	63695	  1.23	105	54	--  	          4.97	
600674	川投能源	0.23	8.82	0.02	8.82	8.83	153298	5	-0.11	          0.35	8.79	8.83	8.75	8.80	    10.40	134747552	  1.40	水力发电	四川	0.91	8.79	78200	75097	  1.04	2710	2392	--  	         44.02	
600678	四川金顶	-0.76	14.34	-0.11	14.33	14.34	118159	23	0.06	          3.39	14.37	14.37	14.05	14.45	--  	167905040	  1.26	水泥	四川	2.21	14.21	59964	58195	  1.03	581	135	--  	          3.49	
600691	阳煤化工	-1.69	3.49	-0.06	3.49	3.50	317985	10	0.28	          1.81	3.54	3.54	3.41	3.55	--  	110328392	  1.62	农药化肥	山西	3.66	3.47	152038	165946	  0.92	508	6289	--  	         17.56	
600702	沱牌舍得	5.86	28.00	1.55	28.02	28.10	162441	255	0.39	          4.82	26.45	28.10	26.11	26.45	   117.76	445427968	  1.10	白酒	四川	7.52	27.42	72434	90006	  0.80	1239	134	--  	          3.37	
600729	重庆百货	0.51	27.37	0.14	27.36	27.38	72137	50	0.25	          1.77	27.20	27.54	26.69	27.23	    26.57	195295392	  0.73	百货	重庆	3.12	27.07	39018	33119	  1.18	78	40	--  	          4.06	
600733	S前锋	0.00	50.18	0.00	--  	--  	0	0	0.00	          0.00	--  	--  	--  	50.18	--  	0	  0.00	区域地产	四川	0.00	50.18	0	0	--  	0	0	--  	          0.76	
600779	水井坊	3.67	24.83	0.88	24.79	24.84	108991	163	0.56	          2.23	23.79	24.89	23.61	23.95	    61.02	267302144	  1.19	白酒	四川	5.34	24.53	46200	62791	  0.74	73	15	--  	          4.89	
600793	宜宾纸业	-1.36	42.66	-0.59	42.50	42.68	60117	9	1.52	          5.71	42.88	43.29	41.20	43.25	--  	254201024	  1.09	造纸	四川	4.83	42.28	30202	29915	  1.01	5	45	--  	          1.05	
600804	鹏博士	-0.19	21.21	-0.04	21.20	21.21	75052	41	0.00	          0.54	21.11	21.24	20.95	21.25	    37.07	158262544	  0.71	电信运营	四川	1.36	21.09	39249	35803	  1.10	1151	4	--  	         13.90	
600828	茂业商业	-1.48	9.30	-0.14	9.29	9.31	200443	109	-0.10	          3.52	9.26	9.39	9.11	9.44	    26.37	185037408	  0.92	百货	四川	2.97	9.23	117467	82976	  1.42	95	243	--  	          5.70	
600839	四川长虹	0.23	4.36	0.01	4.35	4.36	390777	1	0.00	          0.85	4.35	4.36	4.28	4.35	    28.93	169151104	  0.92	家用电器	四川	1.84	4.33	204307	186470	  1.10	7253	9936	--  	         46.11	
600847	万里股份	-1.57	21.88	-0.35	21.89	21.90	22421	16	0.00	          1.46	21.99	22.17	21.63	22.23	--  	49039040	  0.99	电气设备	重庆	2.43	21.87	11877	10544	  1.13	4	17	--  	          1.53	
600875	东方电气	0.00	10.79	0.00	--  	--  	0	0	0.00	          0.00	--  	--  	--  	10.79	--  	0	  0.00	电气设备	四川	0.00	10.79	0	0	--  	0	0	--  	         19.97	
600877	中国嘉陵	1.17	9.52	0.11	9.51	9.52	107454	19	0.10	          1.56	9.43	9.56	9.40	9.41	--  	102075768	  0.62	摩托车	重庆	1.70	9.50	51674	55779	  0.93	93	282	--  	          6.87	
600880	博瑞传播	1.66	8.57	0.14	8.56	8.57	173659	32	0.11	          2.37	8.45	8.57	8.44	8.43	   155.81	147949232	  0.94	广告包装	四川	1.54	8.52	68922	104737	  0.66	180	444	--  	          7.32	
600979	广安爱众	0.00	7.92	0.00	--  	--  	0	0	0.00	          0.00	--  	--  	--  	7.92	    33.43	0	  0.00	水力发电	四川	0.00	7.92	0	0	--  	0	0	--  	          7.18	
601005	重庆钢铁	0.00	2.52	0.00	--  	--  	0	0	0.00	          0.00	--  	--  	--  	2.52	--  	0	  0.00	普钢	重庆	0.00	2.52	0	0	--  	0	0	--  	         38.98	
601107	四川成渝	0.79	5.11	0.04	5.09	5.10	68932	55	0.19	          0.32	5.06	5.11	5.02	5.07	    11.40	34913384	  0.34	路桥	四川	1.78	5.06	26123	42809	  0.61	3088	363	--  	         21.63	
601158	重庆水务	0.37	8.15	0.03	8.14	8.15	49713	100	0.12	          0.10	8.09	8.16	8.02	8.12	    23.33	40293756	  0.48	水务	重庆	1.72	8.11	24500	25213	  0.97	430	765	--  	         48.00	
601208	东材科技	0.50	7.98	0.04	7.97	7.98	74798	100	0.25	          1.19	7.91	7.98	7.83	7.94	    93.62	59185032	  0.70	化工原料	四川	1.89	7.91	41005	33793	  1.21	371	89	--  	          6.27	
601777	力帆股份	0.87	9.29	0.08	9.28	9.29	90377	1	0.32	          0.73	9.21	9.29	9.08	9.21	    46.98	83137040	  0.56	摩托车	重庆	2.28	9.20	48270	42106	  1.15	529	2	--  	         12.37	
601965	中国汽研	0.54	11.15	0.06	11.14	11.15	65489	6	0.00	          0.68	11.05	11.17	10.90	11.09	    40.04	72588992	  1.03	汽车服务	重庆	2.43	11.08	27661	37827	  0.73	411	274	--  	          9.61	
603077	和邦生物	0.19	5.20	0.01	5.19	5.20	451571	24	0.00	          1.42	5.20	5.25	5.16	5.19	    84.43	235095936	  1.65	化工原料	四川	1.73	5.21	200033	251537	  0.80	4545	281	--  	         31.85	
603333	明星电缆	-1.38	9.32	-0.13	9.33	9.35	64821	10	-0.21	          1.25	9.49	9.56	9.29	9.45	--  	60765624	  0.79	电气设备	四川	2.86	9.37	43725	21095	  2.07	30	20	--  	          5.20	
603766	隆鑫通用	0.14	21.41	0.03	21.40	21.41	55845	1	0.09	          0.68	21.42	21.46	21.22	21.38	    20.78	119393072	  0.92	摩托车	重庆	1.12	21.38	28897	26948	  1.07	232	293	--  	          8.26	
数据来源:通达信
