代码	名称	涨幅%%	现价	涨跌	买价	卖价	总量	现量	涨速%%	换手%%	今开	最高	最低	昨收	市盈(动)	总金额	量比	细分行业	地区	振幅%%	均价	内盘	外盘	内外比	买量	卖量	未匹配量	流通股(亿)	
000702	正虹科技	-0.77	14.25	-0.11	14.20	14.25	27925	229	0.49	          1.05	14.48	14.48	14.10	14.36	--  	39690184	  0.48	饲料	湖南	2.65	14.21	17417	10507	  1.66	80	215	--  	          2.67	
000739	普洛药业	-1.03	8.63	-0.09	8.62	8.63	111424	2662	0.23	          1.05	8.70	8.70	8.47	8.72	    43.02	95453552	  0.61	化学制药	浙江	2.64	8.57	70405	41019	  1.72	439	783	--  	         10.60	
000999	华润三九	3.06	25.97	0.77	25.97	25.98	55634	452	0.07	          0.57	25.21	26.09	25.20	25.20	    21.22	143550336	  1.60	中成药	深圳	3.53	25.80	16191	39443	  0.41	121	189	--  	          9.78	
002007	华兰生物	1.45	36.43	0.52	36.42	36.43	75476	867	-0.05	          0.94	35.99	36.89	35.93	35.91	    41.84	275408608	  1.56	生物制药	河南	2.67	36.49	38464	37011	  1.04	21	221	--  	          8.04	
002022	科华生物	1.52	20.75	0.31	20.74	20.75	35848	351	0.04	          0.94	20.50	20.82	20.40	20.44	    39.07	74160480	  0.91	医疗保健	上海	2.05	20.69	14097	21751	  0.65	281	214	--  	          3.80	
002030	达安基因	1.27	23.06	0.29	23.06	23.07	149753	1841	-0.12	          2.16	22.80	23.40	22.75	22.77	   147.77	347211648	  1.01	生物制药	广东	2.85	23.19	65892	83861	  0.79	911	18	--  	          6.94	
002107	沃华医药	0.60	15.20	0.09	15.19	15.20	20059	528	0.06	          0.57	15.06	15.24	15.03	15.11	   112.35	30414944	  0.97	中成药	山东	1.39	15.16	9053	11006	  0.82	300	96	--  	          3.49	
002166	莱茵生物	-2.57	12.87	-0.34	12.87	12.88	205452	3891	-0.15	          5.89	13.10	13.12	12.71	13.21	    98.73	264120656	  1.29	中成药	广西	3.10	12.86	114904	90548	  1.27	1914	98	--  	          3.49	
002603	以岭药业	1.40	18.13	0.25	18.12	18.13	75497	772	-0.05	          0.84	17.85	18.15	17.62	17.88	    35.23	135783296	  1.47	中成药	河北	2.96	17.99	28246	47251	  0.60	271	261	--  	          8.94	
002680	长生生物	1.05	16.39	0.17	16.38	16.39	47896	481	0.06	          1.66	16.21	16.46	16.00	16.22	    44.88	78092912	  0.67	生物制药	江苏	2.84	16.30	25775	22120	  1.17	205	47	--  	          2.88	
300039	上海凯宝	0.77	10.51	0.08	10.50	10.51	63550	1105	0.09	          1.03	10.43	10.53	10.32	10.43	    30.85	66379392	  1.07	中成药	上海	2.01	10.45	28124	35426	  0.79	477	537	--  	          6.16	
300147	香雪制药	0.17	12.14	0.02	12.13	12.14	49338	876	0.08	          0.75	12.12	12.16	12.02	12.12	    78.44	59755300	  1.01	中成药	广东	1.16	12.11	31094	18243	  1.70	400	246	--  	          6.60	
600161	天坛生物	0.00	39.40	0.00	--  	--  	0	0	0.00	          0.00	--  	--  	--  	39.40	    82.83	0	  0.00	生物制药	北京	0.00	39.40	0	0	--  	0	0	--  	          5.15	
600195	中牧股份	-0.05	20.90	-0.01	20.90	20.91	22115	1	0.04	          0.51	20.85	20.93	20.68	20.91	    31.39	46027456	  0.89	饲料	北京	1.20	20.81	12475	9640	  1.29	12	28	--  	          4.30	
600201	生物股份	-0.26	34.34	-0.09	34.31	34.40	35623	910	-0.17	          0.63	34.40	34.76	34.20	34.43	    32.55	122714144	  0.84	生物制药	内蒙	1.63	34.45	15396	20227	  0.76	16	32	--  	          5.69	
600216	浙江医药	0.33	12.16	0.04	12.15	12.16	67869	121	0.00	          0.73	12.11	12.18	12.01	12.12	    21.68	82307832	  0.77	化学制药	浙江	1.40	12.13	32118	35750	  0.90	318	16	--  	          9.36	
600222	太龙药业	0.00	8.10	0.00	8.09	8.10	48763	88	0.37	          0.94	8.10	8.11	7.99	8.10	  1620.58	39291432	  0.95	中成药	河南	1.48	8.06	27160	21603	  1.26	98	3025	--  	          5.19	
600226	升华拜克	2.03	11.07	0.22	11.06	11.07	222435	3	0.27	          2.03	10.85	11.12	10.69	10.85	    51.45	243889792	  1.28	农药化肥	浙江	3.96	10.96	92277	130157	  0.71	233	350	--  	         10.95	
600267	海正药业	1.19	13.58	0.16	13.58	13.59	76604	12	0.22	          0.79	13.39	13.73	13.32	13.42	   317.18	103933072	  1.26	化学制药	浙江	3.06	13.57	36756	39848	  0.92	5	89	--  	          9.66	
600332	白云山	3.98	28.21	1.08	28.22	28.23	196927	6	0.46	          1.84	27.09	28.57	27.09	27.13	    32.56	550452352	  2.36	中成药	广东	5.46	27.95	75165	121762	  0.62	19	77	--  	         10.71	
600513	联环药业	-0.06	16.13	-0.01	16.14	16.15	19377	90	0.12	          0.88	16.15	16.15	15.98	16.14	    58.12	31148074	  0.97	化学制药	江苏	1.05	16.07	10146	9230	  1.10	10	134	--  	          2.20	
600557	康缘药业	1.24	17.93	0.22	17.92	17.93	35969	3	0.39	          0.81	17.71	17.94	17.56	17.71	    28.29	63980656	  0.81	中成药	江苏	2.15	17.79	14684	21284	  0.69	316	7	--  	          4.42	
600673	东阳光科	0.00	7.29	0.00	--  	--  	0	0	0.00	          0.00	--  	--  	--  	7.29	   191.04	0	  0.00	铝	广东	0.00	7.29	0	0	--  	0	0	--  	         24.57	
600789	鲁抗医药	1.01	10.05	0.10	10.04	10.05	108802	10	0.50	          1.87	9.92	10.05	9.79	9.95	   202.97	107935552	  0.89	化学制药	山东	2.61	9.92	51926	56876	  0.91	603	581	--  	          5.82	
601607	上海医药	0.51	21.57	0.11	21.57	21.58	69976	12	-0.04	          0.36	21.47	21.68	21.18	21.46	    17.70	150688560	  0.99	医药商业	上海	2.33	21.53	34881	35095	  0.99	113	374	--  	         19.23	
数据来源:通达信
