代码	名称	涨幅%%	现价	涨跌	买价	卖价	总量	现量	涨速%%	换手%%	今开	最高	最低	昨收	市盈(动)	总金额	量比	细分行业	地区	振幅%%	均价	内盘	外盘	内外比	买量	卖量	未匹配量	流通股(亿)	
000059	华锦股份	-0.08	12.36	-0.01	12.36	12.37	345059	4097	0.24	          2.46	12.24	12.42	12.07	12.37	    12.63	423133696	  0.64	石油加工	辽宁	2.83	12.26	167379	177679	  0.94	189	1547	--  	         14.00	
000068	华控赛格	0.37	8.13	0.03	8.12	8.13	32288	191	0.12	          0.36	8.08	8.14	8.04	8.10	--  	26152146	  0.70	元器件	深圳	1.23	8.10	15058	17230	  0.87	1372	77	--  	          8.97	
000510	金路集团	0.26	11.36	0.03	11.36	11.37	79667	1724	-0.17	          1.41	11.33	11.43	11.26	11.33	   287.37	90513232	  0.53	化工原料	四川	1.50	11.36	41983	37683	  1.11	825	103	--  	          5.63	
000557	西部创业	0.83	6.10	0.05	6.09	6.10	78976	195	-0.16	          1.35	6.05	6.16	5.97	6.05	--  	47877792	  1.29	红黄药酒	宁夏	3.14	6.06	35134	43841	  0.80	549	284	--  	          5.85	
000590	启迪古汉	0.05	19.68	0.01	19.68	19.69	10770	122	0.05	          0.48	19.67	19.85	19.24	19.67	   267.17	21094476	  0.49	中成药	湖南	3.10	19.59	4624	6145	  0.75	6	61	--  	          2.23	
000617	中油资本	1.18	19.73	0.23	19.73	19.74	87436	2204	-0.10	          3.04	19.53	20.25	19.29	19.50	--  	173064176	  0.61	多元金融	山东	4.92	19.79	45714	41722	  1.10	87	216	--  	          2.88	
000659	珠海中富	-2.61	6.35	-0.17	6.34	6.35	239647	5082	-0.15	          1.86	6.45	6.50	6.20	6.52	--  	151971104	  0.99	广告包装	广东	4.60	6.34	132296	107351	  1.23	429	376	--  	         12.86	
000799	酒鬼酒	5.53	23.66	1.24	23.66	23.67	204620	3019	-0.21	          9.13	22.16	23.79	22.16	22.42	    88.01	475042272	  1.60	白酒	湖南	7.27	23.22	84120	120500	  0.70	398	91	--  	          2.24	
000927	一汽夏利	1.61	7.58	0.12	7.58	7.59	253557	4252	-0.13	          1.59	7.45	7.78	7.45	7.46	--  	193203440	  0.85	汽车整车	天津	4.42	7.62	122694	130862	  0.94	179	1230	--  	         15.95	
002306	中科云网	-2.26	6.48	-0.15	6.47	6.48	172705	2329	0.00	          2.79	6.61	6.62	6.30	6.63	--  	110952296	  1.67	酒店餐饮	北京	4.83	6.42	88497	84207	  1.05	626	259	--  	          6.18	
002633	申科股份	0.18	22.02	0.04	22.01	22.02	15678	335	0.09	          1.80	22.00	22.09	21.75	21.98	--  	34292336	  0.96	机械基件	浙江	1.55	21.87	7701	7977	  0.97	24	4	--  	          0.87	
600069	银鸽投资	-1.76	11.72	-0.21	11.70	11.72	354814	169	0.34	          4.30	11.78	11.88	11.41	11.93	--  	411318976	  0.69	造纸	河南	3.94	11.59	189462	165351	  1.15	143	56	--  	          8.25	
600179	安通控股	4.71	17.13	0.77	17.08	17.10	129118	1	0.17	          3.31	16.21	17.65	16.21	16.36	    52.78	217255344	  1.44	仓储物流	黑龙江	8.80	16.83	56927	72190	  0.79	2	180	--  	          3.90	
600212	江泉实业	10.04	10.96	1.00	10.96	--  	395280	5	0.00	          7.72	10.52	10.96	10.06	9.96	   125.88	420137472	  3.28	综合类	山东	9.04	10.63	207066	188213	  1.10	84743	0	--  	          5.12	
600242	中昌数据	-3.18	16.43	-0.54	16.49	16.50	172837	23	0.61	          6.47	16.80	17.80	16.16	16.97	--  	290496448	  3.26	水运	广东	9.66	16.81	75957	96880	  0.78	8	18	--  	          2.67	
600311	荣华实业	1.00	7.05	0.07	7.05	7.06	79600	22	0.00	          1.20	6.96	7.05	6.90	6.98	--  	55808848	  1.02	黄金	甘肃	2.15	7.01	32699	46901	  0.70	129	1431	--  	          6.66	
600319	亚星化学	-1.48	11.97	-0.18	11.96	12.00	264867	1280	0.50	          8.39	12.01	12.33	11.85	12.15	   141.05	317956256	  0.60	化工原料	山东	3.95	12.00	142464	122403	  1.16	4	928	--  	          3.16	
600346	恒力股份	0.00	8.33	0.00	--  	--  	0	0	0.00	          0.00	--  	--  	--  	8.33	    19.95	0	  0.00	化纤	辽宁	0.00	8.33	0	0	--  	0	0	--  	          6.68	
600375	华菱星马	0.00	8.36	0.00	--  	--  	0	0	0.00	          0.00	--  	--  	--  	8.36	    61.50	0	  0.00	汽车整车	安徽	0.00	8.36	0	0	--  	0	0	--  	          5.56	
600381	青海春天	-3.55	16.83	-0.62	16.84	16.85	149298	22	-0.05	          7.25	17.41	17.50	16.60	17.45	    98.13	253099968	  1.50	医疗保健	青海	5.16	16.95	81241	68057	  1.19	23	123	--  	          2.06	
600401	海润光伏	0.44	2.30	0.01	2.29	2.30	362835	51	0.43	          0.77	2.29	2.30	2.27	2.29	   179.98	82898736	  0.61	半导体	江苏	1.31	2.28	179701	183133	  0.98	51083	130892	--  	         47.25	
600444	国机通用	0.70	21.51	0.15	21.50	21.51	11245	20	0.04	          1.07	21.36	21.55	21.21	21.36	   473.45	24094848	  0.77	塑料	安徽	1.59	21.43	4425	6819	  0.65	49	113	--  	          1.05	
600608	上海科技	-1.31	14.26	-0.19	14.25	14.26	47267	17	0.07	          1.48	14.36	14.45	14.12	14.45	--  	67365520	  0.79	普钢	上海	2.28	14.25	27114	20153	  1.35	74	48	--  	          3.18	
600675	中华企业	1.50	7.46	0.11	7.45	7.46	166014	80	0.13	          0.89	7.29	7.47	7.29	7.35	    21.25	123069360	  0.72	区域地产	上海	2.45	7.41	71714	94299	  0.76	507	1724	--  	         18.67	
600691	阳煤化工	-1.69	3.49	-0.06	3.49	3.50	317985	10	0.28	          1.81	3.54	3.54	3.41	3.55	--  	110328392	  1.62	农药化肥	山西	3.66	3.47	152038	165946	  0.92	508	6289	--  	         17.56	
600701	工大高新	-0.89	16.64	-0.15	16.65	16.66	395277	66	-0.06	          7.92	16.70	17.38	16.56	16.79	   224.84	669358976	  1.27	综合类	黑龙江	4.88	16.93	207076	188200	  1.10	204	16	--  	          4.99	
600760	中航黑豹	-3.49	33.69	-1.22	33.67	33.69	427403	246	-0.02	         12.39	34.30	38.30	33.50	34.91	   321.79	1509028224	  2.63	汽车整车	山东	13.75	35.31	198514	228888	  0.87	154	62	--  	          3.45	
600779	水井坊	3.67	24.83	0.88	24.79	24.84	108991	163	0.56	          2.23	23.79	24.89	23.61	23.95	    61.02	267302144	  1.19	白酒	四川	5.34	24.53	46200	62791	  0.74	73	15	--  	          4.89	
600793	宜宾纸业	-1.36	42.66	-0.59	42.50	42.68	60117	9	1.52	          5.71	42.88	43.29	41.20	43.25	--  	254201024	  1.09	造纸	四川	4.83	42.28	30202	29915	  1.01	5	45	--  	          1.05	
600870	厦华电子	-4.54	9.67	-0.46	9.68	9.69	261392	1100	0.83	          5.00	10.05	10.05	9.40	10.13	--  	254903328	  2.38	家用电器	福建	6.42	9.75	173367	88025	  1.97	774	1210	--  	          5.23	
600962	国投中鲁	-0.54	18.48	-0.10	18.48	18.49	39210	7	0.10	          1.54	18.50	18.57	18.33	18.58	  1033.33	72331464	  0.70	软饮料	北京	1.29	18.45	21887	17323	  1.26	16	115	--  	          2.54	
600984	建设机械	-0.20	10.04	-0.02	10.03	10.04	182876	25	0.29	          3.51	10.00	10.05	9.78	10.06	    68.03	181681168	  0.74	工程机械	陕西	2.68	9.93	95565	87310	  1.09	58	3	--  	          5.21	
数据来源:通达信
