代码	名称	涨幅%%	现价	涨跌	买价	卖价	总量	现量	涨速%%	换手%%	今开	最高	最低	昨收	市盈(动)	总金额	量比	细分行业	地区	振幅%%	均价	内盘	外盘	内外比	买量	卖量	未匹配量	流通股(亿)	
000504	*ST生物	-0.65	16.81	-0.11	16.81	16.87	6326	81	0.11	          0.20	16.85	16.92	16.67	16.92	--  	10631562	  0.48	出版业	湖南	1.48	16.81	3651	2675	  1.36	174	38	--  	          3.11	
000665	湖北广电	0.70	14.45	0.10	14.45	14.46	20118	428	0.06	          0.44	14.36	14.47	14.26	14.35	    29.01	28964310	  0.74	影视音像	湖北	1.46	14.40	8666	11451	  0.76	143	272	--  	          4.61	
000793	华闻传媒	1.12	10.85	0.12	10.84	10.85	346282	3135	-0.18	          1.89	10.76	10.99	10.63	10.73	    23.62	373629216	  1.99	出版业	海南	3.36	10.79	181876	164406	  1.11	3778	4489	--  	         18.27	
000829	天音控股	--  	11.28	--  	--  	--  	0	0	--  	          0.00	--  	--  	--  	11.28	   132.17	0	  0.00	其他商业	江西	0.00	11.28	0	0	--  	0	0	--  	          9.47	
000917	电广传媒	1.92	14.36	0.27	14.35	14.36	181244	2053	0.06	          1.71	14.13	14.46	14.04	14.09	    71.28	258767568	  1.49	影视音像	湖南	2.98	14.28	73307	107936	  0.68	136	131	--  	         10.62	
002181	粤 传 媒	-0.28	7.20	-0.02	7.20	7.21	26045	189	-0.13	          0.23	7.19	7.23	7.09	7.22	--  	18692818	  0.47	出版业	广东	1.94	7.18	14395	11649	  1.24	859	207	--  	         11.41	
002238	天威视讯	1.72	14.81	0.25	14.80	14.81	36403	251	0.00	          0.65	14.56	14.83	14.45	14.56	    29.64	53465336	  1.60	影视音像	深圳	2.61	14.69	11498	24905	  0.46	280	138	--  	          5.57	
002261	拓维信息	-0.16	12.13	-0.02	12.13	12.14	60972	392	0.08	          0.82	12.17	12.19	12.00	12.15	    61.83	73817440	  0.61	互联网	湖南	1.56	12.11	33652	27319	  1.23	221	522	--  	          7.45	
002292	奥飞娱乐	0.64	22.10	0.14	22.10	22.11	73120	1496	0.18	          1.01	21.91	22.16	21.60	21.96	    49.51	160087040	  0.72	影视音像	广东	2.55	21.89	32846	40273	  0.82	996	169	--  	          7.22	
002502	骅威文化	0.52	11.67	0.06	11.66	11.67	45551	208	0.08	          0.96	11.62	11.68	11.53	11.61	    47.90	52921304	  0.97	影视音像	广东	1.29	11.62	26173	19377	  1.35	69	49	--  	          4.77	
300027	华谊兄弟	0.19	10.63	0.02	10.63	10.64	160738	3568	0.09	          0.84	10.63	10.66	10.48	10.61	    35.69	170106224	  0.69	影视音像	浙江	1.70	10.58	84588	76150	  1.11	878	1384	--  	         19.03	
300052	中青宝	1.55	24.96	0.38	24.96	24.97	98037	1336	0.04	          3.77	24.50	25.20	24.21	24.58	   580.61	243006624	  1.02	互联网	深圳	4.03	24.79	42383	55654	  0.76	1038	536	--  	          2.60	
300148	天舟文化	--  	20.29	--  	--  	--  	0	0	--  	          0.00	--  	--  	--  	20.29	    86.12	0	  0.00	出版业	湖南	0.00	20.29	0	0	--  	0	0	--  	          5.06	
600037	歌华有线	0.73	15.24	0.11	15.24	15.25	47957	2	0.00	          0.41	15.12	15.25	15.05	15.13	    26.74	72808064	  0.65	影视音像	北京	1.32	15.18	23774	24183	  0.98	211	1966	--  	         11.68	
600088	中视传媒	-0.05	20.44	-0.01	20.45	20.46	10628	1	0.19	          0.32	20.44	20.51	20.10	20.45	--  	21607876	  0.68	影视音像	上海	2.00	20.33	5321	5307	  1.00	4	19	--  	          3.31	
600128	弘业股份	0.27	14.74	0.04	14.74	14.75	27560	100	0.00	          1.12	14.71	14.79	14.50	14.70	    74.33	40432880	  1.10	商贸代理	江苏	1.97	14.67	11910	15649	  0.76	23	860	--  	          2.47	
600386	北巴传媒	0.14	14.26	0.02	14.25	14.26	35762	1	-0.14	          0.89	14.17	14.33	14.06	14.24	    48.05	50813700	  0.52	公共交通	北京	1.90	14.21	19109	16652	  1.15	98	138	--  	          4.03	
600551	时代出版	0.00	20.32	0.00	--  	--  	0	0	0.00	          0.00	--  	--  	--  	20.32	    25.53	0	  0.00	出版业	安徽	0.00	20.32	0	0	--  	0	0	--  	          5.06	
600633	浙报传媒	1.75	18.63	0.32	18.63	18.64	182060	15	-0.10	          1.53	18.11	18.75	17.93	18.31	    45.68	336685504	  1.27	出版业	浙江	4.48	18.49	85354	96706	  0.88	143	4	--  	         11.88	
600637	东方明珠	0.44	22.99	0.10	22.99	23.00	64651	3	0.00	          0.30	22.87	23.01	22.74	22.89	    23.61	148016752	  1.13	影视音像	上海	1.18	22.89	29977	34674	  0.86	2	614	--  	         21.80	
600662	强生控股	1.05	10.55	0.11	10.54	10.55	65044	248	0.18	          0.62	10.44	10.55	10.41	10.44	    63.43	68150376	  0.98	公共交通	上海	1.34	10.48	32552	32491	  1.00	12	1153	--  	         10.53	
600716	凤凰股份	2.55	7.23	0.18	7.22	7.23	247273	14	-0.13	          2.72	7.11	7.28	7.05	7.05	   429.97	177537008	  3.67	区域地产	江苏	3.26	7.18	102339	144934	  0.71	614	298	--  	          9.10	
600757	长江传媒	0.70	8.60	0.06	8.60	8.61	58560	101	0.23	          0.48	8.54	8.62	8.48	8.54	    19.19	50144816	  0.83	出版业	湖北	1.64	8.56	25493	33066	  0.77	129	1172	--  	         12.13	
600811	东方集团	0.56	7.22	0.04	7.21	7.22	68589	3	0.00	          0.41	7.20	7.22	7.13	7.18	    30.52	49303456	  0.83	综合类	黑龙江	1.25	7.19	25468	43120	  0.59	835	182	--  	         16.67	
600825	新华传媒	1.60	8.87	0.14	8.87	8.88	50260	3	0.00	          0.48	8.70	8.90	8.67	8.73	   190.34	44226552	  1.09	出版业	上海	2.63	8.80	13648	36612	  0.37	589	1867	--  	         10.45	
600831	广电网络	-0.08	13.14	-0.01	13.14	13.15	58990	10	0.30	          1.05	13.14	13.14	12.98	13.15	    48.51	77142376	  1.05	影视音像	陕西	1.22	13.08	37028	21962	  1.69	8	372	--  	          5.63	
600880	博瑞传播	1.66	8.57	0.14	8.56	8.57	173659	32	0.11	          2.37	8.45	8.57	8.44	8.43	   155.81	147949232	  0.94	广告包装	四川	1.54	8.52	68922	104737	  0.66	180	444	--  	          7.32	
601098	中南传媒	0.88	17.20	0.15	17.20	17.25	67076	37	0.00	          0.37	17.05	17.35	16.91	17.05	    19.68	115743912	  2.09	出版业	湖南	2.58	17.26	29224	37852	  0.77	5	951	--  	         17.96	
601801	皖新传媒	-1.55	18.45	-0.29	18.42	18.49	139654	1	0.32	          0.77	18.75	18.75	18.21	18.74	    38.58	257212240	  0.59	出版业	安徽	2.88	18.42	61098	78555	  0.78	104	4	--  	         18.20	
601999	出版传媒	1.25	11.30	0.14	11.29	11.30	42764	2	-0.08	          0.78	11.20	11.32	11.08	11.16	    55.80	48002976	  0.91	出版业	辽宁	2.15	11.23	14117	28646	  0.49	71	202	--  	          5.51	
数据来源:通达信
