代码	名称	涨幅%%	现价	涨跌	买价	卖价	总量	现量	涨速%%	换手%%	今开	最高	最低	昨收	市盈(动)	总金额	量比	细分行业	地区	振幅%%	均价	内盘	外盘	内外比	买量	卖量	未匹配量	流通股(亿)	
000008	神州高铁	1.17	8.67	0.10	8.67	8.68	91970	1337	0.00	          0.46	8.57	8.74	8.42	8.57	    84.21	78601520	  1.63	运输设备	北京	3.73	8.55	44883	47086	  0.95	525	1208	--  	         19.95	
000009	中国宝安	0.41	9.75	0.04	9.74	9.75	192589	2225	0.20	          0.91	9.66	9.77	9.62	9.71	    74.71	186969376	  0.79	综合类	深圳	1.54	9.71	93919	98669	  0.95	6003	2316	--  	         21.20	
000027	深圳能源	0.86	7.02	0.06	7.02	7.03	102799	264	0.00	          0.26	6.95	7.03	6.81	6.96	    15.60	71411424	  1.57	火力发电	深圳	3.16	6.95	52456	50342	  1.04	392	3512	--  	         39.64	
000062	深圳华强	-0.44	27.41	-0.12	27.41	27.42	16546	302	0.14	          0.25	27.46	27.50	27.10	27.53	    46.43	45278064	  0.66	商贸代理	深圳	1.45	27.36	10229	6317	  1.62	128	74	--  	          6.67	
000063	中兴通讯	--  	15.28	--  	--  	--  	0	0	--  	          0.00	--  	--  	--  	15.28	    16.65	0	  0.00	通信设备	深圳	0.00	15.28	0	0	--  	0	0	--  	         33.90	
000100	TCL 集团	0.85	3.58	0.03	3.58	3.59	503236	4821	0.00	          0.56	3.55	3.59	3.51	3.55	    21.32	178647712	  0.92	家用电器	广东	2.25	3.55	210404	292831	  0.72	721	35650	--  	         90.01	
000156	华数传媒	0.68	17.72	0.12	17.71	17.72	30672	234	0.05	          0.31	17.60	17.75	17.38	17.60	    41.55	53883588	  1.11	影视音像	浙江	2.10	17.57	14238	16433	  0.87	280	79	--  	          9.94	
000415	渤海金控	0.28	7.27	0.02	7.26	7.27	159594	3362	0.00	          0.51	7.22	7.27	7.15	7.25	    23.42	114994928	  0.69	多元金融	新疆	1.66	7.21	87159	72434	  1.20	1196	1698	--  	         31.16	
000507	珠海港	1.02	6.93	0.07	6.92	6.93	99624	1278	0.00	          1.29	6.84	6.93	6.81	6.86	    48.85	68639448	  0.42	港口	广东	1.75	6.89	42730	56894	  0.75	2886	1199	--  	          7.72	
000516	国际医学	--  	7.90	--  	--  	--  	0	0	--  	          0.00	--  	--  	--  	7.90	    60.08	0	  0.00	百货	陕西	0.00	7.90	0	0	--  	0	0	--  	         19.35	
000532	力合股份	0.38	18.29	0.07	18.29	18.30	40054	759	0.16	          1.17	18.21	18.30	17.81	18.22	   158.27	72338856	  0.63	元器件	广东	2.69	18.06	21222	18832	  1.13	171	421	--  	          3.43	
000539	粤电力Ａ	0.73	5.53	0.04	5.53	5.54	64680	1422	0.00	          0.25	5.49	5.54	5.45	5.49	    14.75	35546316	  0.84	火力发电	广东	1.64	5.50	32739	31941	  1.02	1195	2765	--  	         25.54	
000551	创元科技	0.00	11.08	0.00	11.07	11.08	79711	2531	0.09	          1.99	11.06	11.12	10.90	11.08	    56.38	87884896	  1.03	专用机械	江苏	1.99	11.03	45936	33774	  1.36	145	1196	--  	          4.00	
000603	盛达矿业	3.28	16.98	0.54	16.97	16.98	107884	1119	0.05	          2.63	16.39	17.05	16.30	16.44	    60.71	181311312	  1.71	铅锌	北京	4.56	16.81	42726	65157	  0.66	443	21	--  	          4.09	
000607	华媒控股	0.20	10.17	0.02	10.17	10.18	99210	2019	0.19	          2.04	10.13	10.18	10.01	10.15	    61.10	100232560	  0.53	广告包装	浙江	1.67	10.10	57569	41641	  1.38	2697	650	--  	          4.87	
000609	绵石投资	-1.04	19.89	-0.21	19.89	19.90	35988	781	0.25	          1.35	20.05	20.09	19.50	20.10	    35.49	71383256	  0.38	区域地产	北京	2.94	19.84	20509	15478	  1.33	417	133	--  	          2.66	
000628	高新发展	0.94	13.91	0.13	13.91	13.92	31716	237	0.00	          1.69	13.76	14.09	13.47	13.78	   106.58	43773360	  1.32	园区开发	四川	4.50	13.80	14413	17302	  0.83	135	653	--  	          1.88	
000661	长春高新	1.81	112.18	1.99	112.13	112.18	26219	111	0.08	          1.54	110.56	113.76	110.56	110.19	    39.36	295113216	  1.19	生物制药	吉林	2.90	112.56	12698	13521	  0.94	10	10	--  	          1.70	
000682	东方电子	--  	5.20	--  	--  	--  	0	0	--  	          0.00	--  	--  	--  	5.20	   130.36	0	  0.00	电气设备	山东	0.00	5.20	0	0	--  	0	0	--  	          9.78	
000686	东北证券	0.66	12.14	0.08	12.13	12.14	163856	4224	0.00	          0.78	12.03	12.16	11.94	12.06	    18.38	197887376	  0.98	证券	吉林	1.82	12.08	83071	80785	  1.03	564	49	--  	         20.90	
000690	宝新能源	2.21	9.26	0.20	9.25	9.26	137702	1643	0.00	          0.80	9.05	9.30	9.00	9.06	    27.17	126222744	  1.25	火力发电	广东	3.31	9.17	55723	81979	  0.68	1017	575	--  	         17.18	
000735	罗 牛 山	-0.42	7.11	-0.03	7.11	7.12	114422	1429	-0.14	          1.30	7.11	7.13	7.01	7.14	    76.65	80903072	  0.46	农业综合	海南	1.68	7.07	68815	45606	  1.51	1969	1391	--  	          8.79	
000786	北新建材	0.59	11.84	0.07	11.82	11.84	107151	644	-0.16	          0.78	11.70	11.92	11.59	11.77	    20.30	126266888	  0.67	其他建材	北京	2.80	11.78	54942	52208	  1.05	91	77	--  	         13.78	
000828	东莞控股	0.07	13.49	0.01	13.49	13.50	138252	1351	0.07	          1.33	13.28	13.62	13.22	13.48	    16.79	185981184	  1.78	路桥	广东	2.97	13.45	67196	71056	  0.95	40	344	--  	         10.40	
000839	中信国安	7.67	11.51	0.82	11.50	11.51	2803002	44176	0.00	          7.15	10.69	11.75	10.60	10.69	   154.55	3128976640	  1.62	综合类	北京	10.76	11.16	1175230	1627772	  0.72	7664	20819	--  	         39.19	
000851	高鸿股份	2.63	12.50	0.32	12.49	12.50	181052	2040	0.08	          3.48	12.18	12.55	12.07	12.18	   145.01	224786416	  1.39	软件服务	贵州	3.94	12.42	80118	100933	  0.79	1003	1849	--  	          5.20	
000863	三湘印象	0.34	8.88	0.03	8.87	8.88	39241	255	0.22	          0.43	8.85	8.93	8.76	8.85	    20.49	34679052	  0.72	区域地产	上海	1.92	8.84	25703	13537	  1.90	154	195	--  	          9.11	
000878	云南铜业	3.18	15.58	0.48	15.58	15.59	579350	6455	0.00	          4.09	15.13	15.65	15.08	15.10	   371.55	893896064	  1.69	铜	云南	3.77	15.43	270305	309044	  0.87	5024	445	--  	         14.16	
000913	*ST钱江	-1.83	17.75	-0.33	17.75	17.78	22819	762	-0.39	          0.50	18.04	18.04	17.71	18.08	   109.51	40745684	  0.77	摩托车	浙江	1.83	17.86	14290	8528	  1.68	266	1	--  	          4.53	
000920	南方汇通	0.13	15.08	0.02	15.08	15.09	53897	560	0.39	          1.28	15.09	15.09	14.86	15.06	    58.96	80645920	  1.49	环境保护	贵州	1.53	14.96	24885	29011	  0.86	45	114	--  	          4.22	
000931	中 关 村	0.52	9.68	0.05	9.68	9.69	107249	1741	0.20	          1.61	9.60	9.72	9.50	9.63	   968.82	103112208	  0.83	区域地产	北京	2.28	9.61	53324	53925	  0.99	941	703	--  	          6.68	
000936	华西股份	-0.51	9.81	-0.05	9.81	9.82	86923	1263	0.10	          1.16	9.85	9.85	9.70	9.86	    14.38	84834056	  1.08	化纤	江苏	1.52	9.76	51908	35015	  1.48	110	542	--  	          7.48	
000938	紫光股份	--  	56.89	--  	--  	--  	0	0	--  	          0.00	--  	--  	--  	56.89	    85.57	0	  0.00	软件服务	北京	0.00	56.89	0	0	--  	0	0	--  	          2.06	
000961	中南建设	-3.25	9.82	-0.33	9.82	9.83	691595	11870	-0.60	          2.38	10.13	10.13	9.55	10.15	    55.97	677680384	  0.97	建筑施工	江苏	5.71	9.80	293452	398143	  0.74	556	1075	--  	         29.10	
000973	佛塑科技	2.25	9.07	0.20	9.07	9.08	1197242	16813	0.11	         12.38	8.71	9.30	8.61	8.87	   124.55	1080684160	  0.83	塑料	广东	7.78	9.03	576771	620471	  0.93	5086	3757	--  	          9.67	
000987	越秀金控	0.29	13.81	0.04	13.80	13.81	37073	384	0.07	          0.69	13.73	13.84	13.66	13.77	    60.23	51041612	  0.63	多元金融	广东	1.31	13.77	19161	17911	  1.07	812	320	--  	          5.38	
000997	新 大 陆	3.68	19.17	0.68	19.16	19.17	223482	3992	0.05	          2.42	18.68	19.21	18.52	18.49	    37.57	424840672	  2.03	软件服务	福建	3.73	19.01	105007	118474	  0.89	1261	1045	--  	          9.24	
002004	华邦健康	0.58	8.66	0.05	8.65	8.66	105738	1715	0.11	          0.69	8.61	8.66	8.51	8.61	    21.61	90950784	  0.87	化学制药	重庆	1.74	8.60	50933	54805	  0.93	4113	1823	--  	         15.33	
002008	大族激光	4.29	26.28	1.08	26.28	26.29	233238	2237	0.15	          2.36	25.21	26.52	25.16	25.20	    33.20	607490112	  1.27	电器仪表	深圳	5.40	26.05	102167	131071	  0.78	682	436	--  	          9.90	
002009	天奇股份	1.78	14.87	0.26	14.86	14.87	51004	650	0.13	          1.92	14.60	14.88	14.55	14.61	    62.93	75376616	  1.18	工程机械	江苏	2.26	14.78	18844	32160	  0.59	435	617	--  	          2.66	
002010	传化智联	-2.30	17.83	-0.42	17.82	17.83	34045	863	-0.22	          0.82	18.24	18.24	17.80	18.25	    76.13	61053724	  1.15	染料涂料	浙江	2.41	17.93	22183	11861	  1.87	33	158	--  	          4.13	
002012	凯恩股份	1.24	13.89	0.17	13.89	13.90	60701	1032	-0.07	          1.30	13.91	13.97	13.64	13.72	--  	83924328	  0.68	造纸	浙江	2.41	13.83	34886	25814	  1.35	1763	61	--  	          4.68	
002028	思源电气	5.08	16.35	0.79	16.35	16.36	125669	3467	0.06	          2.17	15.71	16.36	15.45	15.56	    39.15	201148784	  1.11	电气设备	上海	5.85	16.01	50736	74932	  0.68	3	346	--  	          5.79	
002030	达安基因	1.27	23.06	0.29	23.06	23.07	149753	1841	-0.12	          2.16	22.80	23.40	22.75	22.77	   147.77	347211648	  1.01	生物制药	广东	2.85	23.19	65892	83861	  0.79	911	18	--  	          6.94	
002038	双鹭药业	-0.11	27.49	-0.03	27.45	27.49	17779	279	0.14	          0.31	27.48	27.50	27.11	27.52	    39.55	48610324	  1.01	生物制药	北京	1.42	27.34	9773	8005	  1.22	19	23	--  	          5.67	
002052	同洲电子	-0.31	9.80	-0.03	9.80	9.81	74012	1050	0.10	          1.19	9.82	9.83	9.66	9.83	--  	72159488	  0.62	通信设备	深圳	1.73	9.75	41163	32848	  1.25	143	300	--  	          6.21	
002054	德美化工	3.27	11.69	0.37	11.69	11.70	247627	2264	0.08	          7.87	11.30	11.91	11.27	11.32	    28.07	287863680	  4.14	化工原料	广东	5.65	11.62	115371	132256	  0.87	433	681	--  	          3.15	
002067	景兴纸业	0.44	6.87	0.03	6.86	6.87	159482	1648	0.00	          1.66	6.84	6.88	6.70	6.84	    32.80	108477040	  0.71	造纸	浙江	2.63	6.80	72620	86862	  0.84	1800	699	--  	          9.60	
002077	大港股份	0.38	15.83	0.06	15.82	15.83	29280	350	-0.06	          1.16	15.83	15.86	15.30	15.77	   339.20	45681720	  0.78	区域地产	江苏	3.55	15.60	12985	16294	  0.80	21	125	--  	          2.52	
002089	新 海 宜	0.86	15.19	0.13	15.18	15.19	61531	1606	0.13	          1.26	15.01	15.23	14.90	15.06	   122.78	93146160	  0.63	通信设备	江苏	2.19	15.14	27981	33549	  0.83	222	594	--  	          4.90	
002094	青岛金王	1.01	27.87	0.28	27.85	27.87	24570	291	-0.07	          0.76	27.59	27.92	27.38	27.59	    68.70	67900016	  0.94	日用化工	山东	1.96	27.64	8732	15837	  0.55	17	89	--  	          3.22	
002095	生 意 宝	-0.33	42.60	-0.14	42.59	42.60	26300	801	0.02	          1.05	42.80	42.80	42.08	42.74	   503.03	111614136	  0.69	互联网	浙江	1.68	42.44	13472	12828	  1.05	22	287	--  	          2.52	
002121	科陆电子	-0.33	9.15	-0.03	9.14	9.15	48467	1115	0.00	          0.69	9.20	9.20	9.07	9.18	   117.01	44213000	  0.78	电器仪表	深圳	1.42	9.12	30582	17884	  1.71	859	177	--  	          7.01	
002129	中环股份	--  	8.27	--  	--  	--  	0	0	--  	          0.00	--  	--  	--  	8.27	    46.77	0	  0.00	半导体	天津	0.00	8.27	0	0	--  	0	0	--  	         26.44	
002130	沃尔核材	0.21	14.11	0.03	14.10	14.11	42850	461	0.14	          0.99	14.11	14.12	13.88	14.08	    72.62	60074388	  0.64	电气设备	深圳	1.70	14.02	23699	19150	  1.24	463	206	--  	          4.32	
002131	利欧股份	0.47	14.81	0.07	14.80	14.81	186912	2243	0.06	          2.11	14.76	14.87	14.62	14.74	    40.97	275877024	  0.89	互联网	浙江	1.70	14.76	89451	97461	  0.92	629	28	--  	          8.87	
002137	麦达数字	1.94	12.64	0.24	12.63	12.64	60809	2044	0.00	          1.28	12.41	12.68	12.23	12.40	    38.91	76117552	  0.95	元器件	深圳	3.63	12.52	24800	36009	  0.69	438	232	--  	          4.75	
002139	拓邦股份	2.86	14.38	0.40	14.37	14.38	99772	2456	0.06	          3.45	13.96	14.38	13.82	13.98	    46.49	141763648	  1.41	元器件	深圳	4.01	14.21	40070	59701	  0.67	1133	298	--  	          2.89	
002144	宏达高科	0.99	22.46	0.22	22.46	22.48	17435	165	-0.08	          1.32	22.26	22.52	22.01	22.24	    38.63	38899540	  0.97	纺织	浙江	2.29	22.31	5905	11530	  0.51	92	17	--  	          1.32	
002157	正邦科技	0.00	6.28	0.00	6.27	6.28	120643	1794	0.00	          0.89	6.27	6.28	6.20	6.28	    11.91	75347024	  0.93	饲料	江西	1.27	6.25	63422	57220	  1.11	2056	1625	--  	         13.63	
002163	中航三鑫	0.10	10.33	0.01	10.32	10.33	153189	3275	0.00	          2.06	10.30	10.34	10.11	10.32	--  	156529568	  0.80	装修装饰	深圳	2.23	10.22	85093	68096	  1.25	1103	3234	--  	          7.42	
002179	中航光电	3.53	41.05	1.40	41.05	41.06	100679	1580	-0.09	          1.67	39.45	41.12	39.45	39.65	    32.95	407615872	  2.48	元器件	河南	4.21	40.49	38003	62675	  0.61	422	1	--  	          6.02	
002197	证通电子	0.83	15.82	0.13	15.82	15.83	28902	649	0.06	          0.85	15.73	15.83	15.58	15.69	   193.36	45486832	  0.78	电器仪表	深圳	1.59	15.74	13317	15584	  0.85	387	436	--  	          3.40	
002202	金风科技	0.61	16.40	0.10	16.40	16.41	89447	516	0.00	          0.41	16.30	16.43	16.26	16.30	    15.72	146274704	  0.99	电气设备	新疆	1.04	16.35	49208	40239	  1.22	1439	1043	--  	         21.58	
002215	诺 普 信	-0.99	11.04	-0.11	11.04	11.05	88612	588	0.00	          1.27	11.13	11.13	10.90	11.15	--  	97575288	  1.03	农药化肥	深圳	2.06	11.01	49452	39160	  1.26	515	604	--  	          6.95	
002238	天威视讯	1.72	14.81	0.25	14.80	14.81	36403	251	0.00	          0.65	14.56	14.83	14.45	14.56	    29.64	53465336	  1.60	影视音像	深圳	2.61	14.69	11498	24905	  0.46	280	138	--  	          5.57	
002255	海陆重工	--  	10.06	--  	--  	--  	0	0	--  	          0.00	--  	--  	--  	10.06	    91.10	0	  0.00	专用机械	江苏	0.00	10.06	0	0	--  	0	0	--  	          4.42	
002258	利尔化学	2.32	14.13	0.32	14.12	14.13	144739	3016	-0.21	          2.76	13.88	14.16	13.87	13.81	    35.56	203011056	  0.92	农药化肥	四川	2.10	14.03	72785	71954	  1.01	198	72	--  	          5.24	
002279	久其软件	1.00	18.12	0.18	18.12	18.13	49172	778	0.00	          2.45	17.98	18.18	17.00	17.94	    96.54	87955192	  0.59	软件服务	北京	6.58	17.89	26801	22370	  1.20	263	154	--  	          2.01	
002285	世联行	0.63	7.96	0.05	7.96	7.97	149880	349	-0.12	          0.88	7.91	7.97	7.79	7.91	    32.16	118153024	  0.92	房产服务	深圳	2.28	7.88	83025	66855	  1.24	1696	380	--  	         16.97	
002292	奥飞娱乐	0.64	22.10	0.14	22.10	22.11	73120	1496	0.18	          1.01	21.91	22.16	21.60	21.96	    49.51	160087040	  0.72	影视音像	广东	2.55	21.89	32846	40273	  0.82	996	169	--  	          7.22	
002298	中电鑫龙	-0.07	13.41	-0.01	13.41	13.42	54236	1282	0.07	          1.38	13.40	13.45	13.24	13.42	    68.41	72527448	  1.07	软件服务	安徽	1.56	13.37	32056	22179	  1.45	105	252	--  	          3.92	
002307	北新路桥	-0.79	12.53	-0.10	12.53	12.54	169290	2691	0.00	          3.04	12.57	12.68	12.42	12.63	   199.93	211781584	  0.74	建筑施工	新疆	2.06	12.51	101109	68180	  1.48	338	1487	--  	          5.57	
002312	三泰控股	1.79	7.95	0.14	7.94	7.95	228345	7381	0.25	          2.25	7.80	7.95	7.79	7.81	--  	180303424	  1.05	电脑设备	四川	2.05	7.90	106433	121912	  0.87	2065	5702	--  	         10.13	
002339	积成电子	1.67	18.91	0.31	18.90	18.91	62722	732	0.05	          2.12	18.62	18.92	18.42	18.60	    67.47	117444640	  1.08	电气设备	山东	2.69	18.72	25061	37660	  0.67	102	482	--  	          2.96	
002340	格林美	0.47	8.48	0.04	8.48	8.49	1474944	39663	0.59	          6.32	8.40	8.54	8.25	8.44	    94.11	1236827904	  0.71	小金属	深圳	3.44	8.39	774051	700893	  1.10	1553	6185	--  	         23.34	
002349	精华制药	-1.00	27.75	-0.28	27.75	27.76	216885	8165	-0.14	          7.27	27.70	28.09	26.69	28.03	    70.67	593376320	  1.25	中成药	江苏	4.99	27.36	110465	106420	  1.04	1142	439	--  	          2.98	
002368	太极股份	0.71	32.48	0.23	32.48	32.49	29893	564	-0.03	          0.74	32.37	32.49	32.05	32.25	   156.19	96574768	  0.87	软件服务	北京	1.36	32.31	13689	16203	  0.84	7	110	--  	          4.02	
002384	东山精密	1.38	21.36	0.29	21.35	21.36	128713	2403	0.09	          2.33	20.92	21.36	20.37	21.07	    92.23	269338240	  1.23	通信设备	江苏	4.70	20.93	62676	66037	  0.95	153	845	--  	          5.52	
002388	新亚制程	-0.80	13.58	-0.11	13.57	13.58	167665	2062	0.00	          4.39	13.69	13.69	13.34	13.69	   518.98	226209904	  0.99	元器件	深圳	2.56	13.49	95912	71752	  1.34	1076	365	--  	          3.82	
002400	省广股份	--  	13.79	--  	--  	--  	0	0	--  	          0.00	--  	--  	--  	13.79	    32.52	0	  0.00	广告包装	广东	0.00	13.79	0	0	--  	0	0	--  	         10.97	
002402	和而泰	6.35	11.06	0.66	11.06	11.07	402556	4193	0.09	          6.65	10.45	11.35	10.34	10.40	    71.99	436566592	  2.73	元器件	深圳	9.71	10.84	159778	242778	  0.66	2024	608	--  	          6.06	
002423	*ST中特	0.14	13.95	0.02	13.95	13.96	38988	523	0.07	          0.84	13.78	14.07	13.56	13.93	--  	53991368	  0.53	特种钢	河南	3.66	13.85	20279	18709	  1.08	39	57	--  	          4.66	
002426	胜利精密	--  	7.68	--  	--  	--  	0	0	--  	          0.00	--  	--  	--  	7.68	    33.92	0	  0.00	元器件	江苏	0.00	7.68	0	0	--  	0	0	--  	         19.45	
002429	兆驰股份	-0.37	10.75	-0.04	10.74	10.75	123030	1228	0.27	          0.77	10.82	10.87	10.67	10.79	    41.71	132211776	  0.76	家用电器	深圳	1.85	10.75	74017	49012	  1.51	291	604	--  	         15.89	
002437	誉衡药业	0.48	8.30	0.04	8.30	8.31	132418	909	0.00	          0.62	8.26	8.33	8.23	8.26	    24.01	109820488	  0.45	化学制药	黑龙江	1.21	8.29	58276	74141	  0.79	3306	2390	--  	         21.48	
002453	天马精化	-0.49	10.17	-0.05	10.17	10.18	60873	747	0.00	          1.17	10.22	10.23	10.03	10.22	   378.21	61637024	  0.77	化工原料	江苏	1.96	10.13	38690	22183	  1.74	105	375	--  	          5.19	
002465	海格通信	0.25	12.00	0.03	12.00	12.01	165131	2342	0.00	          0.90	12.05	12.07	11.91	11.97	    76.97	198092448	  0.47	通信设备	广东	1.34	12.00	91590	73541	  1.25	680	1666	--  	         18.40	
002467	二六三	-0.19	10.50	-0.02	10.49	10.50	142236	4522	0.28	          2.16	10.46	10.50	10.32	10.52	    65.88	148231840	  0.67	电信运营	北京	1.71	10.42	80761	61475	  1.31	973	1648	--  	          6.59	
002471	中超控股	0.17	6.02	0.01	6.02	6.03	76782	450	-0.16	          0.61	6.01	6.04	5.91	6.01	    64.84	45864084	  1.22	电气设备	江苏	2.16	5.97	42782	33999	  1.26	683	1473	--  	         12.58	
002482	广田集团	0.43	9.30	0.04	9.29	9.30	124220	861	0.10	          0.95	9.23	9.43	9.19	9.26	    36.31	115623464	  1.27	装修装饰	深圳	2.59	9.31	59779	64441	  0.93	41	1342	--  	         13.10	
002483	润邦股份	0.36	13.97	0.05	13.97	13.98	64133	1167	-0.07	          1.79	13.81	14.04	13.65	13.92	    55.98	89043504	  0.56	工程机械	江苏	2.80	13.88	33299	30833	  1.08	944	886	--  	          3.59	
002489	浙江永强	0.14	7.41	0.01	7.41	7.42	100468	2370	0.00	          0.54	7.39	7.44	7.34	7.40	    73.71	74240920	  0.94	家居用品	浙江	1.35	7.39	55716	44751	  1.25	124	3467	--  	         18.71	
002491	通鼎互联	1.45	16.13	0.23	16.13	16.14	80985	1554	0.06	          0.73	15.88	16.19	15.75	15.90	    36.73	129435832	  1.07	通信设备	江苏	2.77	15.98	33468	47516	  0.70	39	344	--  	         11.16	
002496	辉丰股份	0.00	4.97	0.00	4.97	4.98	202751	3403	0.00	          2.25	4.92	4.98	4.89	4.97	    40.05	100082480	  0.64	农药化肥	江苏	1.81	4.94	116718	86032	  1.36	981	2614	--  	          8.99	
002555	三七互娱	0.05	21.02	0.01	21.02	21.03	97354	992	-0.09	          1.48	21.02	21.11	20.38	21.01	    43.70	202382608	  0.68	互联网	安徽	3.47	20.79	48270	49084	  0.98	606	209	--  	          6.60	
002580	圣阳股份	-0.68	17.60	-0.12	17.60	17.61	50329	721	0.00	          2.95	17.68	17.77	17.50	17.72	    72.41	88499712	  1.08	电气设备	山东	1.52	17.58	27561	22767	  1.21	131	71	--  	          1.71	
002584	西陇科学	-6.00	15.04	-0.96	15.04	15.05	581374	14087	0.06	         22.41	15.79	15.80	14.80	16.00	    80.05	882784064	  1.25	化工原料	广东	6.25	15.18	324313	257061	  1.26	236	271	--  	          2.59	
002591	恒大高新	1.35	16.46	0.22	16.45	16.46	36257	712	0.12	          2.16	16.25	16.50	15.75	16.24	--  	58904612	  0.77	化工原料	江西	4.62	16.25	15492	20764	  0.75	94	407	--  	          1.67	
002612	朗姿股份	-0.57	17.50	-0.10	17.49	17.50	27029	442	0.11	          1.29	17.52	17.54	17.18	17.60	    63.68	46987428	  0.65	服饰	北京	2.05	17.38	15398	11630	  1.32	40	8	--  	          2.10	
002632	道明光学	0.36	11.12	0.04	11.12	11.13	43032	659	0.00	          0.78	11.06	11.16	10.96	11.08	   135.08	47709068	  0.50	化工原料	浙江	1.81	11.09	22391	20640	  1.08	140	243	--  	          5.53	
002654	万润科技	0.17	11.53	0.02	11.52	11.53	40667	935	0.08	          1.04	11.48	11.55	11.33	11.51	    61.00	46548756	  0.74	半导体	深圳	1.91	11.45	17338	23329	  0.74	591	135	--  	          3.90	
002702	海欣食品	0.72	18.14	0.13	18.13	18.14	48189	1081	-0.11	          2.94	18.06	18.30	17.88	18.01	   497.93	87044296	  0.58	食品	福建	2.33	18.06	25608	22580	  1.13	66	210	--  	          1.64	
002705	新宝股份	3.09	19.00	0.57	19.00	19.01	89162	634	0.15	          5.45	18.48	19.49	18.20	18.43	    25.04	169395136	  2.44	家用电器	广东	7.00	19.00	44053	45108	  0.98	1476	23	--  	          1.64	
002707	众信旅游	0.96	14.78	0.14	14.78	14.79	71355	1211	0.20	          1.85	14.60	14.80	14.35	14.64	    44.42	104109320	  0.65	旅游服务	北京	3.07	14.59	33872	37482	  0.90	235	253	--  	          3.86	
002709	天赐材料	-0.52	53.73	-0.28	53.73	53.74	103793	1019	-0.03	          5.80	53.58	55.10	52.80	54.01	    41.36	560639680	  1.05	化工原料	广东	4.26	54.01	50111	53682	  0.93	340	12	--  	          1.79	
002762	金发拉比	-2.17	56.01	-1.24	56.00	56.01	31211	401	-0.12	          6.17	57.10	57.10	55.68	57.25	   173.22	175367536	  0.73	服饰	广东	2.48	56.19	14976	16234	  0.92	15	617	--  	          0.51	
002783	凯龙股份	-3.38	89.86	-3.14	89.86	89.87	56688	677	0.17	         13.24	91.49	91.62	88.99	93.00	    66.60	511679136	  1.17	化工原料	湖北	2.83	90.26	33028	23660	  1.40	213	17	--  	          0.43	
300003	乐普医疗	-0.06	17.25	-0.01	17.25	17.26	45041	577	0.05	          0.32	17.21	17.35	17.15	17.26	    42.41	77751968	  0.70	医疗保健	北京	1.16	17.26	28059	16982	  1.65	906	193	--  	         14.14	
300013	新宁物流	0.82	13.54	0.11	13.51	13.54	24977	282	0.22	          1.08	13.43	13.54	13.32	13.43	   123.74	33639632	  0.78	仓储物流	江苏	1.64	13.47	14724	10252	  1.44	875	183	--  	          2.31	
300014	亿纬锂能	-1.48	37.20	-0.56	37.20	37.21	235720	2040	0.10	          5.75	37.58	38.17	36.93	37.76	    63.10	880687680	  0.95	元器件	广东	3.28	37.36	129553	106167	  1.22	151	111	--  	          4.10	
300016	北陆药业	0.73	18.01	0.13	18.01	18.02	27027	356	0.27	          1.06	17.88	18.06	17.69	17.88	   358.45	48472364	  0.72	中成药	北京	2.07	17.93	12505	14521	  0.86	10	137	--  	          2.54	
300020	银江股份	1.10	15.68	0.17	15.68	15.69	87285	1871	0.12	          1.41	15.48	15.70	15.35	15.51	    32.55	135941840	  0.79	软件服务	浙江	2.26	15.57	45523	41761	  1.09	260	409	--  	          6.21	
300024	机器人	1.62	22.55	0.36	22.55	22.56	278703	2368	0.04	          1.84	22.38	22.88	22.30	22.19	    85.65	631489984	  0.60	专用机械	辽宁	2.61	22.66	132967	145736	  0.91	1372	850	--  	         15.14	
300027	华谊兄弟	0.19	10.63	0.02	10.63	10.64	160738	3568	0.09	          0.84	10.63	10.66	10.48	10.61	    35.69	170106224	  0.69	影视音像	浙江	1.70	10.58	84588	76150	  1.11	878	1384	--  	         19.03	
300035	中科电气	0.52	15.48	0.08	15.47	15.48	34312	918	0.00	          1.85	15.41	15.50	15.15	15.40	   142.62	52653188	  0.64	工程机械	湖南	2.27	15.35	18121	16191	  1.12	63	1918	--  	          1.86	
300043	星辉娱乐	0.30	9.95	0.03	9.95	9.96	83399	1905	0.00	          1.06	9.91	9.98	9.78	9.92	    25.02	82436928	  1.12	文教休闲	广东	2.02	9.88	43475	39923	  1.09	78	593	--  	          7.89	
300050	世纪鼎利	-0.24	12.47	-0.03	12.47	12.48	52373	521	0.16	          1.60	12.56	12.57	12.38	12.50	    51.87	65275332	  0.70	软件服务	广东	1.52	12.46	33532	18841	  1.78	33	60	--  	          3.28	
300057	万顺股份	--  	14.81	--  	--  	--  	0	0	--  	          0.00	--  	--  	--  	14.81	    96.69	0	  0.00	广告包装	广东	0.00	14.81	0	0	--  	0	0	--  	          2.68	
300058	蓝色光标	0.52	9.59	0.05	9.58	9.59	117035	948	0.10	          0.73	9.55	9.59	9.41	9.54	    32.04	111256936	  0.99	广告包装	北京	1.89	9.51	55177	61857	  0.89	1123	1775	--  	         16.00	
300070	碧水源	1.61	16.45	0.26	16.45	16.46	179749	1254	-0.06	          0.89	16.20	16.57	16.11	16.19	    87.69	294649792	  1.31	环境保护	北京	2.84	16.39	75174	104575	  0.72	535	26	--  	         20.09	
300073	当升科技	1.44	59.70	0.85	59.70	59.73	122273	3228	0.38	          7.49	58.00	60.66	57.59	58.85	   130.67	724598400	  0.74	矿物制品	北京	5.22	59.26	60190	62083	  0.97	7	11	--  	          1.63	
300078	思创医惠	4.07	25.30	0.99	25.30	25.31	88219	1193	0.19	          3.21	24.33	25.50	24.32	24.31	    84.72	221588544	  0.88	元器件	浙江	4.85	25.12	38413	49806	  0.77	239	33	--  	          2.74	
300095	华伍股份	2.96	13.92	0.40	13.91	13.92	40699	833	0.43	          1.73	13.49	13.98	13.38	13.52	   113.08	56196364	  1.60	机械基件	江西	4.44	13.81	17735	22964	  0.77	244	215	--  	          2.35	
300096	易联众	-0.18	16.54	-0.03	16.53	16.54	47561	431	0.12	          1.27	16.57	16.60	16.33	16.57	--  	78215744	  0.47	软件服务	福建	1.63	16.45	27240	20321	  1.34	43	84	--  	          3.73	
300098	高新兴	1.36	13.41	0.18	13.41	13.42	139500	2098	0.07	          2.55	13.22	13.47	13.14	13.23	    53.90	186126608	  0.93	通信设备	广东	2.49	13.34	57702	81797	  0.71	286	1096	--  	          5.46	
300126	锐奇股份	0.87	11.61	0.10	11.60	11.61	57187	1210	0.00	          2.72	11.50	11.62	11.37	11.51	   240.95	65723444	  0.67	轻工机械	上海	2.17	11.49	31667	25519	  1.24	453	106	--  	          2.10	
300134	大富科技	--  	23.36	--  	--  	--  	0	0	--  	          0.00	--  	--  	--  	23.36	   281.18	0	  0.00	通信设备	深圳	0.00	23.36	0	0	--  	0	0	--  	          7.12	
300142	沃森生物	-0.96	12.38	-0.12	12.37	12.38	98781	1119	0.00	          0.91	12.46	12.53	12.21	12.50	--  	122362432	  0.61	生物制药	云南	2.56	12.39	53069	45711	  1.16	1259	4	--  	         10.86	
300157	恒泰艾普	0.68	8.87	0.06	8.87	8.88	69524	850	0.11	          1.20	8.83	8.89	8.74	8.81	  1277.09	61489080	  0.73	石油开采	北京	1.70	8.84	27933	41591	  0.67	178	2242	--  	          5.77	
300171	东富龙	0.64	14.14	0.09	14.14	14.15	24473	366	0.07	          0.73	14.08	14.15	13.92	14.05	    36.25	34398644	  0.82	医疗保健	上海	1.64	14.06	11409	13063	  0.87	20	526	--  	          3.34	
300190	维尔利	1.28	16.65	0.21	16.65	16.66	23397	595	0.06	          0.71	16.42	16.75	16.38	16.44	    70.63	38751220	  1.06	环境保护	江苏	2.25	16.56	13271	10126	  1.31	472	80	--  	          3.31	
300207	欣旺达	7.05	12.90	0.85	12.89	12.90	490128	4764	0.07	          6.81	12.05	13.20	11.92	12.05	    37.06	618739328	  2.24	元器件	深圳	10.62	12.62	194124	296004	  0.66	2091	964	--  	          7.20	
300210	森远股份	0.21	18.84	0.04	18.83	18.84	20435	204	0.00	          2.06	18.90	19.00	18.62	18.80	    74.67	38495760	  1.12	专用机械	辽宁	2.02	18.84	10540	9895	  1.07	80	195	--  	          0.99	
300213	佳讯飞鸿	1.68	24.25	0.40	24.24	24.25	44313	990	0.12	          2.84	23.86	24.25	23.61	23.85	    71.30	106464360	  0.85	通信设备	北京	2.68	24.03	21336	22977	  0.93	109	189	--  	          1.56	
300226	上海钢联	-0.02	41.39	-0.01	41.36	41.40	22337	306	-0.04	          1.51	41.25	41.59	40.54	41.40	   309.01	91828240	  0.96	互联网	上海	2.54	41.11	10908	11429	  0.95	3	146	--  	          1.48	
300251	光线传媒	0.00	9.70	0.00	9.70	9.71	98581	1136	0.00	          0.36	9.69	9.73	9.60	9.70	    36.77	95402976	  0.89	影视音像	北京	1.34	9.68	49438	49142	  1.01	286	2513	--  	         27.52	
300252	金信诺	1.16	28.00	0.32	28.00	28.05	31470	325	0.00	          1.18	27.75	28.26	27.69	27.68	    62.02	88387032	  1.37	电气设备	深圳	2.06	28.09	14815	16655	  0.89	137	160	--  	          2.66	
300259	新天科技	1.32	10.73	0.14	10.73	10.74	26992	593	-0.18	          1.05	10.59	10.75	10.59	10.59	    62.58	28789552	  0.97	电器仪表	河南	1.51	10.67	10973	16018	  0.69	14	345	--  	          2.58	
300271	华宇软件	--  	17.45	--  	--  	--  	0	0	--  	          0.00	--  	--  	--  	17.45	    48.78	0	  0.00	软件服务	北京	0.00	17.45	0	0	--  	0	0	--  	          4.83	
300301	长方集团	0.93	7.62	0.07	7.61	7.62	51933	112	0.00	          1.28	7.53	7.64	7.43	7.55	    84.88	39305496	  0.78	半导体	深圳	2.78	7.57	17186	34746	  0.49	133	88	--  	          4.06	
300368	汇金股份	-0.97	18.44	-0.18	18.43	18.44	48260	479	0.05	          2.30	18.42	18.54	18.15	18.62	  1221.61	88656792	  0.89	专用机械	河北	2.09	18.37	25538	22722	  1.12	726	401	--  	          2.10	
300377	赢时胜	-0.15	38.94	-0.06	38.93	38.94	117180	2499	0.23	          5.94	38.62	38.96	38.03	39.00	   280.93	452124512	  0.93	软件服务	深圳	2.38	38.58	63886	53293	  1.20	143	30	--  	          1.97	
300389	艾比森	-0.05	21.25	-0.01	21.25	21.26	15472	360	0.00	          1.67	21.11	21.52	20.71	21.26	    52.70	32726900	  0.98	半导体	深圳	3.81	21.15	9136	6335	  1.44	226	38	--  	          0.93	
300440	运达科技	--  	26.43	--  	--  	--  	0	0	--  	          0.00	--  	--  	--  	26.43	    59.98	0	  0.00	软件服务	四川	0.00	26.43	0	0	--  	0	0	--  	          1.01	
300470	日机密封	0.21	42.12	0.09	42.08	42.12	5881	30	0.02	          0.97	41.82	42.30	41.51	42.03	    55.79	24685120	  0.79	机械基件	四川	1.88	41.97	2987	2894	  1.03	7	149	--  	          0.61	
600008	首创股份	0.23	4.37	0.01	4.37	4.38	548754	280	0.00	          1.14	4.35	4.42	4.34	4.36	    40.24	240462416	  0.68	环境保护	北京	1.83	4.38	328905	219848	  1.50	23	4340	--  	         48.21	
600012	皖通高速	0.00	14.57	0.00	14.56	14.57	36375	6	0.00	          0.31	14.53	14.80	14.44	14.57	    25.86	53038320	  0.84	路桥	安徽	2.47	14.58	18984	17390	  1.09	78	16	--  	         11.66	
600031	三一重工	2.13	7.66	0.16	7.66	7.67	877449	17	0.13	          1.16	7.58	7.75	7.53	7.50	   252.00	671845696	  1.60	工程机械	湖南	2.93	7.66	406280	471169	  0.86	100	1053	--  	         75.94	
600064	南京高科	0.47	17.28	0.08	17.28	17.29	46534	20	0.05	          0.60	17.16	17.32	17.07	17.20	    11.04	80177504	  0.96	园区开发	江苏	1.45	17.23	21994	24539	  0.90	99	179	--  	          7.72	
600079	人福医药	0.34	20.42	0.07	20.42	20.44	99687	98	0.04	          0.94	20.38	20.67	20.12	20.35	    31.61	203958576	  1.22	化学制药	湖北	2.70	20.46	49054	50632	  0.97	13	53	--  	         10.58	
600082	海泰发展	1.09	8.34	0.09	8.33	8.34	92703	1	0.24	          1.47	8.21	8.37	8.13	8.25	--  	76673472	  0.71	园区开发	天津	2.91	8.27	43774	48929	  0.89	449	459	--  	          6.33	
600096	云天化	1.53	9.30	0.14	9.29	9.30	94645	5	0.00	          0.84	9.18	9.31	9.10	9.16	--  	87125072	  0.94	农药化肥	云南	2.29	9.21	52428	42216	  1.24	278	403	--  	         11.22	
600103	青山纸业	-0.19	5.39	-0.01	5.39	5.40	69252	21	-0.18	          0.65	5.40	5.40	5.32	5.40	   197.95	37120452	  0.85	造纸	福建	1.48	5.36	39947	29304	  1.36	729	3173	--  	         10.62	
600119	长江投资	0.36	19.69	0.07	19.69	19.70	49722	1	-0.15	          1.62	19.62	19.75	19.32	19.62	    36.20	97295488	  0.71	仓储物流	上海	2.19	19.57	26146	23575	  1.11	25	207	--  	          3.07	
600122	宏图高科	1.10	12.86	0.14	12.86	12.87	136184	15	-0.07	          1.18	12.69	12.87	12.51	12.72	    37.34	173668592	  1.25	其他商业	江苏	2.83	12.75	64182	72001	  0.89	72	2248	--  	         11.52	
600133	东湖高新	1.71	8.35	0.14	8.34	8.35	68222	500	-0.11	          1.27	8.23	8.39	8.19	8.21	   118.28	56882180	  1.26	园区开发	湖北	2.44	8.34	29562	38660	  0.76	129	510	--  	          5.38	
600138	中青旅	0.00	21.88	0.00	21.88	21.89	63689	10	-0.04	          0.91	21.94	21.96	21.61	21.88	    27.08	138864208	  0.67	旅游服务	北京	1.60	21.80	28408	35280	  0.81	143	340	--  	          7.03	
600171	上海贝岭	0.50	13.98	0.07	13.97	13.98	65051	2	0.21	          0.97	13.85	14.00	13.80	13.91	   181.04	90496496	  0.92	半导体	上海	1.44	13.91	34404	30646	  1.12	2	277	--  	          6.74	
600177	雅戈尔	0.58	13.96	0.08	13.95	13.96	73358	87	-0.14	          0.33	13.85	13.99	13.84	13.88	     8.10	102240032	  1.10	服饰	浙江	1.08	13.94	34008	39350	  0.86	411	117	--  	         22.27	
600185	格力地产	1.87	5.99	0.11	5.97	5.98	145376	11	0.16	          0.90	5.88	5.99	5.87	5.88	    25.34	86475400	  1.92	区域地产	广东	2.04	5.95	62019	83357	  0.74	1219	113	--  	         16.18	
600260	凯乐科技	3.28	20.48	0.65	20.48	20.49	206663	2	-0.38	          3.88	19.78	20.65	19.69	19.83	    90.72	419938912	  1.33	通信设备	湖北	4.84	20.32	94862	111801	  0.85	18	5	--  	          5.33	
600280	中央商场	-1.17	8.45	-0.10	8.44	8.45	82736	223	-0.11	          0.72	8.55	8.55	8.40	8.55	    90.84	70027520	  0.89	百货	江苏	1.75	8.46	52555	30180	  1.74	1109	315	--  	         11.48	
600282	南钢股份	-0.27	3.67	-0.01	3.67	3.68	552845	259	-0.27	          1.43	3.60	3.70	3.58	3.68	    41.11	201314592	  0.81	普钢	江苏	3.26	3.64	302751	250093	  1.21	6155	404	--  	         38.76	
600305	恒顺醋业	0.98	11.39	0.11	11.39	11.40	36985	9	-0.08	          0.61	11.28	11.45	11.18	11.28	    44.00	41891388	  1.18	食品	江苏	2.39	11.33	15218	21767	  0.70	93	396	--  	          6.03	
600310	桂东电力	0.00	9.29	0.00	--  	--  	0	0	0.00	          0.00	--  	--  	--  	9.29	    55.71	0	  0.00	水力发电	广西	0.00	9.29	0	0	--  	0	0	--  	          8.28	
600352	浙江龙盛	-0.10	9.59	-0.01	9.58	9.59	120108	20	0.00	          0.39	9.56	9.61	9.50	9.60	    16.45	114994528	  0.82	染料涂料	浙江	1.15	9.57	67348	52760	  1.28	4644	468	--  	         30.60	
600353	旭光股份	0.88	10.29	0.09	10.29	10.30	81282	6	0.09	          1.49	10.20	10.30	10.13	10.20	   123.58	83403376	  0.62	元器件	四川	1.67	10.26	38573	42708	  0.90	126	3508	--  	          5.44	
600358	国旅联合	0.00	10.53	0.00	--  	--  	0	0	0.00	          0.00	--  	--  	--  	10.53	--  	0	  0.00	旅游服务	江苏	0.00	10.53	0	0	--  	0	0	--  	          4.32	
600410	华胜天成	1.46	10.40	0.15	10.40	10.41	63477	18	0.38	          0.71	10.21	10.41	10.19	10.25	   341.85	65523352	  0.75	软件服务	北京	2.15	10.32	22112	41365	  0.53	37	1	--  	          8.92	
600435	北方导航	0.06	16.28	0.01	16.28	16.29	650072	147	0.18	          4.36	16.30	16.66	16.16	16.27	  4761.61	1064255936	  1.19	专用机械	北京	3.07	16.37	320213	329859	  0.97	778	581	--  	         14.89	
600521	华海药业	1.88	22.25	0.41	22.25	22.26	44867	2	0.00	          0.44	21.90	22.34	21.70	21.84	    45.15	99445624	  0.55	化学制药	浙江	2.93	22.16	20666	24200	  0.85	83	402	--  	         10.24	
600533	栖霞建设	-0.36	5.50	-0.02	5.51	5.52	89448	143	-0.18	          0.85	5.53	5.54	5.44	5.52	    92.85	49175920	  1.11	区域地产	江苏	1.81	5.50	60491	28957	  2.09	97	358	--  	         10.50	
600551	时代出版	0.00	20.32	0.00	--  	--  	0	0	0.00	          0.00	--  	--  	--  	20.32	    25.53	0	  0.00	出版业	安徽	0.00	20.32	0	0	--  	0	0	--  	          5.06	
600571	信雅达	0.30	19.76	0.06	19.74	19.76	49789	3	0.25	          1.19	19.65	19.80	19.40	19.70	    75.89	97579512	  0.79	软件服务	浙江	2.03	19.60	24447	25341	  0.96	30	3	--  	          4.20	
600577	精达股份	-1.84	6.93	-0.13	6.92	6.93	1663293	212	-0.14	         11.72	6.87	7.20	6.77	7.06	    60.51	1154152320	  1.31	电气设备	安徽	6.09	6.94	859026	804266	  1.07	850	787	--  	         14.19	
600582	天地科技	0.77	5.23	0.04	5.23	5.24	194512	2042	0.19	          0.70	5.20	5.24	5.16	5.19	    44.52	101227368	  1.06	工程机械	北京	1.54	5.20	107342	87169	  1.23	1774	4497	--  	         27.74	
600588	用友网络	0.26	19.27	0.05	19.25	19.29	44671	2	-0.10	          0.31	19.31	19.36	19.02	19.22	--  	85825168	  0.62	软件服务	北京	1.77	19.21	21979	22692	  0.97	16	42	--  	         14.60	
600604	市北高新	0.05	18.73	0.01	18.73	18.74	31711	5	0.10	          0.83	18.70	18.74	18.52	18.72	    80.22	59108296	  1.02	园区开发	上海	1.18	18.64	17874	13836	  1.29	56	208	--  	          3.82	
600624	复旦复华	0.58	8.69	0.05	8.68	8.69	52208	5	0.00	          0.90	8.61	8.69	8.55	8.64	   116.91	45112420	  0.44	综合类	上海	1.62	8.64	25515	26693	  0.96	223	476	--  	          5.83	
600633	浙报传媒	1.75	18.63	0.32	18.63	18.64	182060	15	-0.10	          1.53	18.11	18.75	17.93	18.31	    45.68	336685504	  1.27	出版业	浙江	4.48	18.49	85354	96706	  0.88	143	4	--  	         11.88	
600658	电子城	-0.29	13.79	-0.04	13.75	13.82	28267	29	0.29	          0.49	13.72	13.82	13.51	13.83	    64.41	38607732	  0.85	园区开发	北京	2.24	13.66	14655	13612	  1.08	108	1	--  	          5.80	
600665	天地源	1.67	5.49	0.09	5.48	5.49	212372	1	0.18	          2.46	5.49	5.59	5.46	5.40	    20.60	116957992	  3.00	全国地产	上海	2.41	5.51	100069	112302	  0.89	844	2979	--  	          8.64	
600682	南京新百	-1.20	36.19	-0.44	36.14	36.19	41212	5	-0.30	          0.57	36.65	36.65	36.00	36.63	--  	149394352	  1.31	百货	江苏	1.77	36.25	27258	13954	  1.95	21	26	--  	          7.26	
600705	中航资本	0.62	6.51	0.04	6.50	6.52	643221	6030	0.30	          0.86	6.43	6.53	6.36	6.47	    25.14	415336352	  0.94	多元金融	黑龙江	2.63	6.46	280274	362946	  0.77	4513	10723	--  	         74.65	
600718	东软集团	0.31	19.33	0.06	19.34	19.35	198575	24	0.31	          1.61	19.25	19.35	19.02	19.27	     8.82	381471552	  0.71	软件服务	辽宁	1.71	19.21	102675	95899	  1.07	83	847	--  	         12.32	
600736	苏州高新	0.00	8.51	0.00	--  	--  	0	0	0.00	          0.00	--  	--  	--  	8.51	    33.09	0	  0.00	园区开发	江苏	0.00	8.51	0	0	--  	0	0	--  	         11.39	
600739	辽宁成大	0.40	17.60	0.07	17.59	17.60	88316	224	0.00	          0.65	17.50	17.62	17.41	17.53	    24.28	155000672	  1.23	商贸代理	辽宁	1.20	17.55	39347	48969	  0.80	598	30	--  	         13.65	
600744	华银电力	0.58	5.18	0.03	5.17	5.18	48763	20	0.19	          0.59	5.15	5.18	5.10	5.15	--  	25089348	  0.87	火力发电	湖南	1.55	5.15	25006	23756	  1.05	573	1790	--  	          8.28	
600757	长江传媒	0.70	8.60	0.06	8.60	8.61	58560	101	0.23	          0.48	8.54	8.62	8.48	8.54	    19.19	50144816	  0.83	出版业	湖北	1.64	8.56	25493	33066	  0.77	129	1172	--  	         12.13	
600770	综艺股份	0.51	9.89	0.05	9.89	9.90	71105	48	0.10	          0.64	9.83	9.90	9.71	9.84	   235.72	69826048	  0.62	综合类	江苏	1.93	9.82	37485	33620	  1.11	132	1217	--  	         11.05	
600783	鲁信创投	1.06	24.71	0.26	24.69	24.70	47998	30	0.20	          0.64	24.42	24.73	24.40	24.45	    41.54	118123904	  0.57	矿物制品	山东	1.35	24.61	21197	26801	  0.79	56	42	--  	          7.44	
600810	神马股份	-2.07	10.41	-0.22	10.42	10.43	121609	39	0.09	          2.75	10.50	10.50	10.16	10.63	    46.34	125597328	  0.90	化纤	河南	3.20	10.33	65229	56379	  1.16	106	602	--  	          4.42	
600839	四川长虹	0.23	4.36	0.01	4.35	4.36	390777	1	0.00	          0.85	4.35	4.36	4.28	4.35	    28.93	169151104	  0.92	家用电器	四川	1.84	4.33	204307	186470	  1.10	7253	9936	--  	         46.11	
600868	梅雁吉祥	-0.18	5.60	-0.01	5.59	5.60	322766	53	0.35	          1.70	5.60	5.60	5.53	5.61	   155.84	179780208	  0.56	水力发电	广东	1.25	5.57	183342	139424	  1.31	2572	3322	--  	         18.98	
600869	智慧能源	3.02	8.52	0.25	8.51	8.52	631857	4	0.00	          3.09	8.34	8.92	8.34	8.27	    49.92	543232576	  4.99	电气设备	青海	7.01	8.60	257784	374072	  0.69	384	181	--  	         20.42	
600872	中炬高新	4.38	15.73	0.66	15.73	15.74	109959	16	0.19	          1.38	15.08	15.74	15.05	15.07	    36.71	169725616	  1.45	食品	广东	4.58	15.44	46670	63288	  0.74	61	1615	--  	          7.97	
600884	杉杉股份	-0.46	14.99	-0.07	14.98	14.99	189178	65	0.20	          2.30	14.98	15.30	14.80	15.06	    47.10	285711168	  0.85	服饰	浙江	3.32	15.10	95851	93327	  1.03	300	55	--  	          8.22	
600889	南京化纤	-0.07	13.71	-0.01	13.68	13.70	59708	1	-0.07	          1.94	13.74	13.77	13.43	13.72	    46.35	81144024	  0.76	化纤	江苏	2.48	13.59	30407	29300	  1.04	30	19	--  	          3.07	
600894	广日股份	0.65	13.86	0.09	13.85	13.86	37585	100	-0.07	          0.44	13.78	13.89	13.71	13.77	    10.60	51908428	  0.66	运输设备	广东	1.31	13.81	18211	19374	  0.94	282	145	--  	          8.60	
600895	张江高科	0.84	18.03	0.15	18.03	18.04	61449	9	0.00	          0.40	17.88	18.05	17.78	17.88	    53.99	110192512	  0.75	园区开发	上海	1.51	17.93	28025	33424	  0.84	253	430	--  	         15.49	
600981	汇鸿集团	0.34	8.93	0.03	8.92	8.93	28952	2	0.00	          1.20	8.90	8.94	8.83	8.90	    26.74	25729668	  0.66	商贸代理	江苏	1.24	8.89	17279	11673	  1.48	293	10	--  	          2.42	
601002	晋亿实业	1.10	9.18	0.10	9.18	9.19	75662	10	0.00	          0.95	9.08	9.19	9.00	9.08	   123.40	69025160	  0.66	机械基件	浙江	2.09	9.12	31006	44655	  0.69	30	759	--  	          7.93	
601238	广汽集团	-0.69	26.06	-0.18	26.05	26.09	50319	261	-0.03	          0.12	26.20	26.54	26.04	26.24	    22.53	132062496	  0.88	汽车整车	广东	1.91	26.24	29538	20781	  1.42	103	50	--  	         42.53	
601901	方正证券	-0.58	8.54	-0.05	8.53	8.54	337465	259	0.23	          0.54	8.59	8.59	8.45	8.59	    19.78	287944192	  0.62	证券	湖南	1.63	8.53	186486	150979	  1.24	18934	1331	--  	         62.90	
603116	红蜻蜓	-3.02	20.88	-0.65	20.88	20.89	104509	55	0.00	          5.78	21.58	21.59	20.73	21.53	    31.39	218670912	  2.28	服饰	浙江	3.99	20.92	56057	48451	  1.16	4	7	--  	          1.81	
603588	高能环境	1.74	30.36	0.52	30.36	30.37	31805	2	0.16	          1.31	30.08	30.38	29.60	29.84	   100.08	95695416	  0.99	环境保护	北京	2.61	30.09	11760	20044	  0.59	66	17	--  	          2.43	
603598	引力传媒	0.00	21.22	0.00	--  	--  	0	0	0.00	          0.00	--  	--  	--  	21.22	   151.63	0	  0.00	影视音像	北京	0.00	21.22	0	0	--  	0	0	--  	          0.97	
数据来源:通达信
