代码	名称	涨幅%%	现价	涨跌	买价	卖价	总量	现量	涨速%%	换手%%	今开	最高	最低	昨收	市盈(动)	总金额	量比	细分行业	地区	振幅%%	均价	内盘	外盘	内外比	买量	卖量	未匹配量	流通股(亿)	
000008	神州高铁	1.17	8.67	0.10	8.67	8.68	91970	1337	0.00	          0.46	8.57	8.74	8.42	8.57	    84.21	78601520	  1.63	运输设备	北京	3.73	8.55	44883	47086	  0.95	525	1208	--  	         19.95	
000625	长安汽车	0.84	15.62	0.13	15.62	15.63	332306	1602	-0.06	          0.88	15.46	15.65	15.37	15.49	     7.27	516725120	  0.77	汽车整车	重庆	1.81	15.55	154897	177409	  0.87	933	2360	--  	         37.61	
000836	鑫茂科技	3.60	8.35	0.29	8.34	8.35	553755	4768	-0.11	          4.68	8.10	8.65	7.95	8.06	   212.67	456351936	  1.65	通信设备	天津	8.68	8.24	262092	291662	  0.90	1284	3533	--  	         11.83	
000901	航天科技	1.03	36.34	0.37	36.33	36.34	33034	801	0.08	          1.02	36.01	36.39	35.82	35.97	   399.85	119620544	  0.56	航空	黑龙江	1.58	36.21	15431	17603	  0.88	597	146	--  	          3.24	
000909	数源科技	-0.06	15.70	-0.01	15.69	15.70	22471	677	0.12	          0.76	15.71	15.75	15.55	15.71	   162.40	35160216	  0.51	综合类	浙江	1.27	15.65	11893	10577	  1.12	508	188	--  	          2.94	
000925	众合科技	0.54	24.15	0.13	24.15	24.16	59738	1868	-0.12	          1.96	23.82	24.47	23.82	24.02	--  	144512480	  0.84	专用机械	浙江	2.71	24.19	31061	28677	  1.08	181	194	--  	          3.06	
000988	华工科技	2.30	16.02	0.36	16.01	16.02	184570	2453	0.12	          2.07	15.66	16.08	15.55	15.66	    63.87	293708800	  1.42	电器仪表	湖北	3.38	15.91	78738	105832	  0.74	1592	2041	--  	          8.91	
002008	大族激光	4.29	26.28	1.08	26.28	26.29	233238	2237	0.15	          2.36	25.21	26.52	25.16	25.20	    33.20	607490112	  1.27	电器仪表	深圳	5.40	26.05	102167	131071	  0.78	682	436	--  	          9.90	
002055	得润电子	4.71	24.01	1.08	24.01	24.02	130972	2279	0.00	          3.25	23.02	24.10	23.02	22.93	   106.05	311023744	  1.27	元器件	深圳	4.71	23.75	51545	79426	  0.65	139	333	--  	          4.03	
002214	大立科技	0.16	12.22	0.02	12.22	12.23	74484	1213	0.16	          2.10	12.19	12.25	12.01	12.20	   145.79	90299104	  0.58	电器仪表	浙江	1.97	12.12	43318	31166	  1.39	372	413	--  	          3.55	
002232	启明信息	1.49	12.97	0.19	12.96	12.97	42511	370	0.15	          1.06	12.75	13.05	12.55	12.78	  8513.61	54543276	  1.07	软件服务	吉林	3.91	12.83	18828	23683	  0.80	195	17	--  	          4.02	
002284	亚太股份	0.52	13.45	0.07	13.45	13.46	54446	1243	0.00	          0.79	13.38	13.49	13.32	13.38	    59.65	73123600	  0.44	汽车配件	浙江	1.27	13.43	26689	27757	  0.96	513	767	--  	          6.86	
002373	千方科技	0.86	14.12	0.12	14.11	14.12	53301	1050	0.07	          0.96	14.05	14.12	13.82	14.00	    53.08	74754048	  0.66	软件服务	北京	2.14	14.02	26782	26519	  1.01	278	683	--  	          5.55	
002405	四维图新	2.83	20.00	0.55	19.99	20.00	233965	4595	0.25	          2.32	19.52	20.15	19.25	19.45	   158.88	463744672	  0.93	软件服务	北京	4.63	19.82	98256	135708	  0.72	322	1677	--  	         10.08	
002414	高德红外	-0.08	24.20	-0.02	24.20	24.21	28933	116	0.04	          0.62	24.60	24.60	24.06	24.22	   270.45	70012216	  1.32	电器仪表	湖北	2.23	24.20	15803	13130	  1.20	191	30	--  	          4.65	
002444	巨星科技	0.78	16.80	0.13	16.80	16.81	157179	2169	-0.05	          1.55	16.75	17.07	16.73	16.67	    29.39	265318400	  0.78	轻工机械	浙江	2.04	16.88	81751	75428	  1.08	688	328	--  	         10.12	
002446	盛路通信	2.20	23.22	0.50	23.21	23.22	29813	494	-0.04	          1.62	22.72	23.27	22.65	22.72	    43.26	68601240	  1.16	通信设备	广东	2.73	23.01	10381	19432	  0.53	2	421	--  	          1.85	
002448	中原内配	0.36	11.28	0.04	11.27	11.28	68992	751	0.00	          1.50	11.19	11.30	11.08	11.24	    30.19	77355712	  0.57	汽车配件	河南	1.96	11.21	34358	34634	  0.99	899	734	--  	          4.59	
002456	欧菲光	4.62	36.03	1.59	36.02	36.03	317444	2829	0.00	          3.09	34.30	36.28	34.10	34.44	    51.79	1128560384	  2.66	元器件	深圳	6.33	35.55	123970	193473	  0.64	118	157	--  	         10.28	
002488	金固股份	-0.07	14.77	-0.01	14.77	14.78	46886	1278	0.06	          1.22	14.79	14.83	14.55	14.78	--  	68874496	  0.70	汽车配件	浙江	1.89	14.69	24215	22671	  1.07	448	256	--  	          3.85	
002590	万安科技	-0.05	18.38	-0.01	18.37	18.38	94485	1586	0.00	          2.17	18.38	18.62	18.15	18.39	    81.73	173729856	  0.76	汽车配件	浙江	2.56	18.39	47605	46880	  1.02	130	59324	--  	          4.35	
002703	浙江世宝	-0.67	33.90	-0.23	33.90	33.91	32775	741	-0.05	          2.37	34.30	34.39	33.50	34.13	   157.97	111006728	  0.59	汽车配件	浙江	2.61	33.87	17598	15176	  1.16	114	78	--  	          1.39	
002766	索菱股份	0.83	37.80	0.31	37.78	37.80	42758	435	-0.05	          4.85	37.51	38.50	37.24	37.49	    85.49	162167248	  1.27	汽车配件	深圳	3.36	37.93	21816	20942	  1.04	6	62	--  	          0.88	
300020	银江股份	1.10	15.68	0.17	15.68	15.69	87285	1871	0.12	          1.41	15.48	15.70	15.35	15.51	    32.55	135941840	  0.79	软件服务	浙江	2.26	15.57	45523	41761	  1.09	260	409	--  	          6.21	
300075	数字政通	1.68	18.17	0.30	18.17	18.18	48787	831	-0.05	          1.81	17.79	18.23	17.64	17.87	    96.28	87774368	  0.98	软件服务	北京	3.30	17.99	21060	27726	  0.76	858	252	--  	          2.69	
300100	双林股份	1.33	27.41	0.36	27.41	27.42	44240	749	0.10	          1.63	27.05	27.43	26.55	27.05	    33.63	119964880	  0.93	汽车服务	浙江	3.25	27.12	22809	21431	  1.06	428	78	--  	          2.71	
300114	中航电测	0.73	24.76	0.18	24.75	24.76	17446	454	0.12	          0.57	24.59	24.76	24.58	24.58	    86.11	43021296	  0.88	元器件	陕西	0.73	24.66	8024	9421	  0.85	166	147	--  	          3.04	
300134	大富科技	--  	23.36	--  	--  	--  	0	0	--  	          0.00	--  	--  	--  	23.36	   281.18	0	  0.00	通信设备	深圳	0.00	23.36	0	0	--  	0	0	--  	          7.12	
300177	中海达	1.10	13.75	0.15	13.75	13.76	34844	762	0.07	          1.11	13.58	13.77	13.50	13.60	   214.38	47695292	  0.57	通信设备	广东	1.99	13.69	15819	19024	  0.83	52	305	--  	          3.13	
300209	天泽信息	--  	27.82	--  	--  	--  	0	0	--  	          0.00	--  	--  	--  	27.82	   115.15	0	  0.00	软件服务	江苏	0.00	27.82	0	0	--  	0	0	--  	          2.11	
300270	中威电子	-0.20	14.80	-0.03	14.79	14.80	22597	665	0.27	          1.56	14.81	14.85	14.62	14.83	    92.76	33311690	  0.98	通信设备	浙江	1.55	14.74	11974	10622	  1.13	130	28	--  	          1.45	
300458	全志科技	0.80	77.92	0.62	77.92	77.93	22361	327	0.00	          3.18	77.10	78.30	75.60	77.30	    70.51	172998896	  0.92	元器件	广东	3.49	77.36	10720	11641	  0.92	43	10	--  	          0.70	
600074	保千里	0.88	13.71	0.12	13.70	13.71	193616	34	0.00	          2.14	13.55	13.76	13.46	13.59	    40.70	263935312	  1.53	电脑设备	江苏	2.21	13.63	91416	102200	  0.89	227	279	--  	          9.06	
600081	东风科技	0.26	15.65	0.04	15.64	15.65	46020	27	0.06	          1.47	15.57	15.65	15.36	15.61	    47.34	71366088	  1.12	汽车配件	上海	1.86	15.51	22191	23829	  0.93	34	89	--  	          3.14	
600166	福田汽车	0.00	3.34	0.00	3.34	3.35	558735	9	0.00	          0.84	3.33	3.36	3.25	3.34	    71.99	185587968	  1.31	汽车整车	北京	3.29	3.32	299732	259003	  1.16	3158	23132	--  	         66.70	
600562	国睿科技	0.12	33.54	0.04	33.53	33.54	23018	4	0.05	          0.70	33.48	33.65	33.25	33.50	    90.41	77030976	  0.71	通信设备	江苏	1.19	33.47	12897	10120	  1.27	99	11	--  	          3.28	
600699	均胜电子	1.05	31.78	0.33	31.78	31.80	61512	13	0.00	          0.89	31.40	31.97	31.05	31.45	    56.08	194309440	  0.97	汽车配件	浙江	2.93	31.59	28614	32897	  0.87	26	1447	--  	          6.89	
600718	东软集团	0.31	19.33	0.06	19.34	19.35	198575	24	0.31	          1.61	19.25	19.35	19.02	19.27	     8.82	381471552	  0.71	软件服务	辽宁	1.71	19.21	102675	95899	  1.07	83	847	--  	         12.32	
600741	华域汽车	1.34	16.58	0.22	16.57	16.59	166706	93	0.12	          0.58	16.35	16.67	16.29	16.36	     8.78	275820544	  1.43	汽车配件	上海	2.32	16.55	75609	91096	  0.83	107	43	--  	         28.67	
601238	广汽集团	-0.69	26.06	-0.18	26.05	26.09	50319	261	-0.03	          0.12	26.20	26.54	26.04	26.24	    22.53	132062496	  0.88	汽车整车	广东	1.91	26.24	29538	20781	  1.42	103	50	--  	         42.53	
601689	拓普集团	-0.54	33.21	-0.18	33.28	33.29	49290	6	0.42	          2.89	33.30	34.01	32.72	33.39	    38.16	165036272	  0.99	汽车配件	浙江	3.86	33.48	26579	22711	  1.17	37	6	--  	          1.71	
601799	星宇股份	-0.23	39.47	-0.09	39.48	39.49	13720	40	0.02	          0.57	39.61	39.64	39.26	39.56	    33.99	54131848	  1.00	汽车配件	江苏	0.96	39.45	8096	5624	  1.44	2	42	--  	          2.40	
603005	晶方科技	2.20	32.12	0.69	32.11	32.12	37046	3	-0.03	          2.16	31.19	32.50	31.18	31.43	   180.46	119273064	  1.46	半导体	江苏	4.20	32.20	15492	21554	  0.72	4	1	--  	          1.72	
603023	威帝股份	0.13	14.95	0.02	14.95	14.96	29232	15	0.00	          2.30	14.95	14.96	14.63	14.93	    64.71	43403412	  0.60	汽车配件	黑龙江	2.21	14.85	16069	13162	  1.22	81	159	--  	          1.27	
数据来源:通达信
