代码	名称	涨幅%%	现价	涨跌	买价	卖价	总量	现量	涨速%%	换手%%	今开	最高	最低	昨收	市盈(动)	总金额	量比	细分行业	地区	振幅%%	均价	内盘	外盘	内外比	买量	卖量	未匹配量	流通股(亿)	
000026	飞亚达Ａ	1.19	14.46	0.17	14.45	14.46	84189	713	0.06	          2.36	14.25	14.52	14.14	14.29	    57.33	121192872	  0.84	其他商业	深圳	2.66	14.40	37726	46462	  0.81	414	765	--  	          3.57	
000063	中兴通讯	--  	15.28	--  	--  	--  	0	0	--  	          0.00	--  	--  	--  	15.28	    16.65	0	  0.00	通信设备	深圳	0.00	15.28	0	0	--  	0	0	--  	         33.90	
000636	风华高科	2.00	10.72	0.21	10.72	10.73	153875	926	-0.09	          1.89	10.56	10.78	10.43	10.51	    65.01	163933632	  1.06	元器件	广东	3.33	10.65	66422	87452	  0.76	1708	258	--  	          8.13	
000670	*ST盈方	1.85	7.72	0.14	7.72	7.73	240105	5484	0.12	          4.00	7.50	7.83	7.45	7.58	   283.15	184048832	  1.12	元器件	湖北	5.01	7.67	116533	123571	  0.94	257	1280	--  	          6.00	
000725	京东方Ａ	1.91	3.20	0.06	3.20	3.21	3809817	28719	-0.31	          1.59	3.13	3.21	3.12	3.14	   599.76	1206541312	  1.88	元器件	北京	2.87	3.17	1356919	2452897	  0.55	45648	105935	--  	        240.29	
002027	分众传媒	-0.60	11.63	-0.07	11.63	11.64	277595	2338	0.08	          0.78	11.73	11.73	11.50	11.70	    24.22	322380288	  1.01	软件服务	广东	1.97	11.61	160843	116752	  1.38	2886	1262	--  	         35.43	
002055	得润电子	4.71	24.01	1.08	24.01	24.02	130972	2279	0.00	          3.25	23.02	24.10	23.02	22.93	   106.05	311023744	  1.27	元器件	深圳	4.71	23.75	51545	79426	  0.65	139	333	--  	          4.03	
002217	合力泰	-0.82	19.45	-0.16	19.44	19.45	111693	1735	0.15	          2.39	19.50	19.52	19.17	19.61	    39.46	216111200	  0.77	元器件	山东	1.78	19.35	57575	54117	  1.06	362	65	--  	          4.67	
002230	科大讯飞	1.08	34.59	0.37	34.59	34.60	633294	6215	0.02	          5.46	34.98	35.97	34.34	34.22	   122.25	2222599680	  0.92	软件服务	安徽	4.76	35.10	325352	307942	  1.06	568	324	--  	         11.60	
002241	歌尔股份	3.62	32.62	1.14	32.62	32.63	155813	567	0.09	          1.23	31.46	32.99	31.43	31.48	    36.04	506591232	  1.43	元器件	山东	4.96	32.51	56835	98977	  0.57	32	88	--  	         12.64	
002273	水晶光电	3.20	22.27	0.69	22.27	22.28	183297	1111	0.04	          3.00	21.58	22.33	21.40	21.58	    65.26	403571840	  0.93	元器件	浙江	4.31	22.02	76144	107152	  0.71	555	565	--  	          6.10	
002280	联络互动	1.31	11.59	0.15	11.59	11.60	346061	6871	0.08	          2.76	11.41	11.60	11.20	11.44	    72.05	395949440	  0.74	软件服务	浙江	3.50	11.44	143969	202092	  0.71	2674	3420	--  	         12.52	
002288	超华科技	-0.39	7.65	-0.03	7.65	7.66	88218	1141	0.00	          1.34	7.62	7.69	7.52	7.68	  1196.59	67324168	  0.77	元器件	广东	2.21	7.63	50266	37951	  1.32	776	590	--  	          6.60	
002362	汉王科技	-0.34	23.44	-0.08	23.44	23.45	89298	839	-0.08	          5.06	23.51	24.09	23.13	23.52	   238.70	209852848	  0.84	电脑设备	北京	4.08	23.50	48933	40365	  1.21	131	202	--  	          1.76	
002432	九安医疗	-0.33	15.23	-0.05	15.23	15.24	28729	531	0.13	          0.77	15.35	15.39	15.04	15.28	--  	43675832	  0.87	医疗保健	天津	2.29	15.20	16981	11748	  1.45	261	128	--  	          3.72	
002512	达华智能	0.13	15.78	0.02	15.78	15.79	49048	1235	0.06	          0.86	15.76	15.85	15.55	15.76	   207.34	77116776	  0.46	元器件	广东	1.90	15.72	27436	21612	  1.27	91	368	--  	          5.72	
002579	中京电子	-0.33	14.95	-0.05	14.95	14.96	122142	1522	0.13	          3.49	14.78	15.06	14.62	15.00	    44.03	181882560	  0.42	元器件	广东	2.93	14.89	64091	58050	  1.10	703	173	--  	          3.50	
002603	以岭药业	1.40	18.13	0.25	18.12	18.13	75497	772	-0.05	          0.84	17.85	18.15	17.62	17.88	    35.23	135783296	  1.47	中成药	河北	2.96	17.99	28246	47251	  0.60	271	261	--  	          8.94	
002618	丹邦科技	-0.12	24.15	-0.03	24.13	24.15	18777	202	-0.12	          0.51	24.18	24.20	23.76	24.18	   405.32	44970424	  0.73	元器件	深圳	1.82	23.95	11185	7592	  1.47	2	47	--  	          3.65	
002635	安洁科技	4.24	40.56	1.65	40.55	40.56	95404	711	0.44	          4.51	38.88	41.09	37.92	38.91	    44.29	379724800	  1.71	电脑设备	江苏	8.15	39.80	38372	57031	  0.67	15	37	--  	          2.12	
002655	共达电声	-0.44	13.49	-0.06	13.49	13.50	98225	940	0.00	          2.73	13.40	13.66	13.37	13.55	   269.68	132701288	  0.69	元器件	山东	2.14	13.51	51352	46873	  1.10	62	318	--  	          3.60	
002681	奋达科技	--  	12.93	--  	--  	--  	0	0	--  	          0.00	--  	--  	--  	12.93	    50.26	0	  0.00	家用电器	深圳	0.00	12.93	0	0	--  	0	0	--  	          6.01	
002721	金一文化	0.86	16.40	0.14	16.40	16.41	20120	229	0.00	          0.78	16.36	16.44	16.01	16.26	    97.69	32841168	  0.86	服饰	北京	2.64	16.32	8812	11307	  0.78	204	274	--  	          2.56	
300028	金亚科技	-1.79	13.20	-0.24	13.20	13.21	178070	3051	0.00	          7.19	13.49	13.58	13.11	13.44	   390.45	236503104	  1.06	通信设备	四川	3.50	13.28	95483	82586	  1.16	464	392	--  	          2.48	
300032	金龙机电	-0.27	15.05	-0.04	15.03	15.05	36231	556	0.26	          0.61	15.06	15.06	14.83	15.09	    64.89	54206188	  0.85	元器件	浙江	1.52	14.96	19016	17215	  1.10	3	267	--  	          5.96	
300053	欧比特	3.94	13.72	0.52	13.71	13.72	120963	3075	0.14	          2.66	13.20	13.78	13.01	13.20	   176.29	162916192	  1.39	半导体	广东	5.83	13.47	45799	75163	  0.61	2049	111	--  	          4.54	
300061	康耐特	0.52	23.11	0.12	23.10	23.11	20682	84	0.04	          1.42	22.83	23.25	22.38	22.99	   210.52	47314144	  1.15	医疗保健	上海	3.78	22.88	12644	8037	  1.57	7	3	--  	          1.45	
300101	振芯科技	0.00	19.22	0.00	19.22	19.23	116232	1745	0.00	          2.12	19.19	19.45	19.11	19.22	   122.48	224144944	  0.82	通信设备	四川	1.77	19.28	56507	59725	  0.95	1485	541	--  	          5.49	
300134	大富科技	--  	23.36	--  	--  	--  	0	0	--  	          0.00	--  	--  	--  	23.36	   281.18	0	  0.00	通信设备	深圳	0.00	23.36	0	0	--  	0	0	--  	          7.12	
300184	力源信息	-0.80	14.79	-0.12	14.79	14.80	45996	639	-0.06	          1.60	14.78	14.83	14.57	14.91	   131.15	67605080	  0.95	元器件	湖北	1.74	14.70	22332	23663	  0.94	411	617	--  	          2.88	
300223	北京君正	--  	48.40	--  	--  	--  	0	0	--  	          0.00	--  	--  	--  	48.40	   741.58	0	  0.00	半导体	北京	0.00	48.40	0	0	--  	0	0	--  	          0.98	
300236	上海新阳	2.29	37.51	0.84	37.51	37.52	51142	243	-0.10	          2.64	36.97	37.91	36.32	36.67	   128.92	190699168	  1.16	染料涂料	上海	4.34	37.29	24132	27010	  0.89	53	4	--  	          1.94	
300246	宝莱特	2.16	34.48	0.73	34.47	34.48	20740	529	0.17	          1.92	33.75	34.49	33.36	33.75	    73.89	70861272	  1.33	医疗保健	广东	3.35	34.17	8725	12015	  0.73	10	481	--  	          1.08	
300312	邦讯技术	1.10	17.52	0.19	17.52	17.53	37529	507	0.63	          2.13	17.37	17.68	17.23	17.33	--  	65700668	  0.68	通信设备	北京	2.60	17.51	15707	21821	  0.72	106	102	--  	          1.76	
300327	中颖电子	1.04	40.88	0.42	40.88	40.89	63972	633	0.09	          3.40	40.21	41.50	40.20	40.46	    86.88	261709888	  0.81	半导体	上海	3.21	40.91	29859	34113	  0.88	99	136	--  	          1.88	
300562	乐心医疗	0.96	143.09	1.36	143.09	143.10	17980	197	0.06	         12.15	140.30	144.29	138.62	141.73	   104.85	254237616	  0.95	医疗保健	广东	4.00	141.40	9350	8630	  1.08	41	7	--  	          0.15	
600345	长江通信	0.04	22.70	0.01	22.69	22.72	15534	10	0.30	          0.78	22.69	22.78	22.31	22.69	    64.62	35118464	  0.84	通信设备	湖北	2.07	22.61	6656	8878	  0.75	5	117	--  	          1.98	
600584	长电科技	3.73	19.48	0.70	19.47	19.48	198623	3	0.00	          2.02	18.77	19.60	18.65	18.78	   253.46	383456928	  1.04	半导体	江苏	5.06	19.31	82808	115814	  0.72	526	394	--  	          9.85	
601231	环旭电子	1.59	10.87	0.17	10.85	10.87	95085	64	0.18	          0.44	10.75	10.92	10.57	10.70	    33.40	102812368	  1.90	元器件	上海	3.27	10.81	43700	51384	  0.85	20	108	--  	         21.76	
数据来源:通达信
