代码	名称	涨幅%%	现价	涨跌	买价	卖价	总量	现量	涨速%%	换手%%	今开	最高	最低	昨收	市盈(动)	总金额	量比	细分行业	地区	振幅%%	均价	内盘	外盘	内外比	买量	卖量	未匹配量	流通股(亿)	
000333	美的集团	-0.94	33.90	-0.32	33.89	33.90	450041	6379	-0.11	          0.71	34.28	34.79	33.74	34.22	    12.75	1537993472	  1.26	家用电器	广东	3.07	34.17	244329	205711	  1.19	248	3540	--  	         63.42	
000410	沈阳机床	0.59	11.93	0.07	11.93	11.94	91546	1164	0.00	          1.24	11.90	12.06	11.86	11.86	--  	109438288	  0.64	机床制造	辽宁	1.69	11.95	48548	42998	  1.13	108	1201	--  	          7.40	
000584	友利控股	--  	11.85	--  	--  	--  	0	0	--  	          0.00	--  	--  	--  	11.85	--  	0	  0.00	化纤	江苏	0.00	11.85	0	0	--  	0	0	--  	          6.11	
000725	京东方Ａ	1.91	3.20	0.06	3.20	3.21	3809817	28719	-0.31	          1.59	3.13	3.21	3.12	3.14	   599.76	1206541312	  1.88	元器件	北京	2.87	3.17	1356919	2452897	  0.55	45648	105935	--  	        240.29	
000821	京山轻机	--  	16.24	--  	--  	--  	0	0	--  	          0.00	--  	--  	--  	16.24	   130.09	0	  0.00	轻工机械	湖北	0.00	16.24	0	0	--  	0	0	--  	          3.45	
000837	秦川机床	0.53	9.45	0.05	9.44	9.45	89219	796	0.10	          1.85	9.41	9.48	9.27	9.40	--  	83674792	  0.85	机床制造	陕西	2.23	9.38	42788	46431	  0.92	468	197	--  	          4.81	
000913	*ST钱江	-1.83	17.75	-0.33	17.75	17.78	22819	762	-0.39	          0.50	18.04	18.04	17.71	18.08	   109.51	40745684	  0.77	摩托车	浙江	1.83	17.86	14290	8528	  1.68	266	1	--  	          4.53	
000938	紫光股份	--  	56.89	--  	--  	--  	0	0	--  	          0.00	--  	--  	--  	56.89	    85.57	0	  0.00	软件服务	北京	0.00	56.89	0	0	--  	0	0	--  	          2.06	
000961	中南建设	-3.25	9.82	-0.33	9.82	9.83	691595	11870	-0.60	          2.38	10.13	10.13	9.55	10.15	    55.97	677680384	  0.97	建筑施工	江苏	5.71	9.80	293452	398143	  0.74	556	1075	--  	         29.10	
001696	宗申动力	0.44	9.03	0.04	9.03	9.04	59772	996	-0.11	          0.67	9.02	9.06	8.88	8.99	    31.71	53850128	  0.69	摩托车	重庆	2.00	9.01	24106	35665	  0.68	1099	658	--  	          8.91	
002006	精功科技	0.61	9.96	0.06	9.95	9.96	42807	609	0.10	          0.97	9.88	9.96	9.87	9.90	    64.50	42447372	  0.57	专用机械	浙江	0.91	9.92	25361	17445	  1.45	321	248	--  	          4.43	
002008	大族激光	4.29	26.28	1.08	26.28	26.29	233238	2237	0.15	          2.36	25.21	26.52	25.16	25.20	    33.20	607490112	  1.27	电器仪表	深圳	5.40	26.05	102167	131071	  0.78	682	436	--  	          9.90	
002009	天奇股份	1.78	14.87	0.26	14.86	14.87	51004	650	0.13	          1.92	14.60	14.88	14.55	14.61	    62.93	75376616	  1.18	工程机械	江苏	2.26	14.78	18844	32160	  0.59	435	617	--  	          2.66	
002011	盾安环境	0.32	9.55	0.03	9.54	9.55	27490	192	-0.10	          0.33	9.53	9.57	9.43	9.52	   115.74	26167094	  0.61	工程机械	浙江	1.47	9.52	13365	14124	  0.95	271	79	--  	          8.40	
002026	山东威达	-0.54	11.13	-0.06	11.13	11.14	74402	994	0.08	          2.10	11.20	11.24	10.99	11.19	    40.56	82557968	  0.70	机械基件	山东	2.23	11.10	46744	27657	  1.69	586	506	--  	          3.54	
002031	巨轮智能	0.29	3.41	0.01	3.40	3.41	157711	1698	0.00	          0.84	3.39	3.43	3.37	3.40	   210.22	53651224	  0.41	汽车配件	广东	1.76	3.40	72858	84853	  0.86	6314	111	--  	         18.72	
002067	景兴纸业	0.44	6.87	0.03	6.86	6.87	159482	1648	0.00	          1.66	6.84	6.88	6.70	6.84	    32.80	108477040	  0.71	造纸	浙江	2.63	6.80	72620	86862	  0.84	1800	699	--  	          9.60	
002073	软控股份	0.95	10.65	0.10	10.64	10.65	42608	461	0.09	          0.68	10.54	10.69	10.51	10.55	--  	45255732	  0.86	软件服务	山东	1.71	10.62	20221	22386	  0.90	557	402	--  	          6.26	
002097	山河智能	1.21	9.21	0.11	9.21	9.22	228659	2411	0.10	          3.63	9.10	9.35	9.06	9.10	   152.07	210899008	  0.59	工程机械	湖南	3.19	9.22	117591	111067	  1.06	635	836	--  	          6.29	
002116	中国海诚	0.66	13.73	0.09	13.73	13.74	21174	567	-0.21	          0.51	13.69	13.79	13.50	13.64	    53.05	28995492	  1.01	建筑施工	上海	2.13	13.69	10786	10387	  1.04	436	39	--  	          4.12	
002122	天马股份	0.18	11.16	0.02	11.16	11.17	68051	1020	0.00	          0.62	11.14	11.25	10.96	11.14	   349.06	75538704	  0.57	机械基件	浙江	2.60	11.10	33792	34258	  0.99	653	1297	--  	         10.92	
002139	拓邦股份	2.86	14.38	0.40	14.37	14.38	99772	2456	0.06	          3.45	13.96	14.38	13.82	13.98	    46.49	141763648	  1.41	元器件	深圳	4.01	14.21	40070	59701	  0.67	1133	298	--  	          2.89	
002147	新光圆成	0.18	16.25	0.03	16.24	16.25	26705	302	0.06	          1.19	16.20	16.27	16.03	16.22	    35.98	43205044	  0.75	机械基件	安徽	1.48	16.18	14119	12586	  1.12	105	526	--  	          2.24	
002184	海得控制	0.15	19.63	0.03	19.62	19.63	23287	570	0.05	          1.73	19.59	19.73	19.38	19.60	   344.74	45521596	  1.24	软件服务	上海	1.79	19.55	10962	12324	  0.89	31	32	--  	          1.34	
002209	达 意 隆	0.66	18.18	0.12	18.18	18.19	14837	250	0.49	          0.93	18.02	18.23	17.81	18.06	--  	26737780	  0.78	轻工机械	广东	2.33	18.02	5615	9222	  0.61	21	63	--  	          1.59	
002230	科大讯飞	1.08	34.59	0.37	34.59	34.60	633294	6215	0.02	          5.46	34.98	35.97	34.34	34.22	   122.25	2222599680	  0.92	软件服务	安徽	4.76	35.10	325352	307942	  1.06	568	324	--  	         11.60	
002270	华明装备	0.89	14.70	0.13	14.68	14.70	22330	687	0.13	          1.08	14.54	14.79	14.45	14.57	    38.82	32806002	  0.92	电气设备	山东	2.33	14.69	8384	13946	  0.60	49	854	--  	          2.07	
002283	天润曲轴	-0.66	7.50	-0.05	7.50	7.51	194869	5045	-0.13	          1.74	7.57	7.58	7.40	7.55	    50.62	145759840	  0.99	汽车配件	山东	2.38	7.48	111931	82938	  1.35	433	1637	--  	         11.20	
002292	奥飞娱乐	0.64	22.10	0.14	22.10	22.11	73120	1496	0.18	          1.01	21.91	22.16	21.60	21.96	    49.51	160087040	  0.72	影视音像	广东	2.55	21.89	32846	40273	  0.82	996	169	--  	          7.22	
002298	中电鑫龙	-0.07	13.41	-0.01	13.41	13.42	54236	1282	0.07	          1.38	13.40	13.45	13.24	13.42	    68.41	72527448	  1.07	软件服务	安徽	1.56	13.37	32056	22179	  1.45	105	252	--  	          3.92	
002334	英威腾	1.07	8.47	0.09	8.46	8.47	81554	1366	0.11	          1.52	8.35	8.47	8.28	8.38	    81.19	68322976	  0.60	电气设备	深圳	2.27	8.38	43854	37699	  1.16	1153	2005	--  	          5.38	
002337	赛象科技	0.67	7.48	0.05	7.48	7.49	42799	331	-0.26	          0.76	7.42	7.52	7.32	7.43	--  	31900904	  0.78	化工机械	天津	2.69	7.45	21617	21181	  1.02	638	882	--  	          5.66	
002367	康力电梯	0.82	13.56	0.11	13.56	13.57	59688	627	0.00	          1.30	13.55	13.60	13.48	13.45	    22.05	80801216	  1.37	运输设备	江苏	0.89	13.54	31712	27975	  1.13	294	302	--  	          4.60	
002376	新北洋	0.52	13.56	0.07	13.56	13.57	46400	1516	0.22	          0.81	13.47	13.57	13.33	13.49	    46.36	62475744	  0.60	电脑设备	山东	1.78	13.46	22269	24130	  0.92	132	375	--  	          5.72	
002380	科远股份	0.86	27.12	0.23	27.12	27.14	9875	263	0.07	          0.94	27.00	27.12	26.73	26.89	    91.85	26652700	  0.79	电气设备	江苏	1.45	26.99	4195	5679	  0.74	11	28	--  	          1.05	
002403	爱仕达	1.11	14.61	0.16	14.60	14.61	20572	504	0.06	          0.71	14.39	14.68	14.38	14.45	    38.55	29868064	  1.01	家用电器	浙江	2.08	14.52	9792	10780	  0.91	36	18	--  	          2.89	
002406	远东传动	1.62	9.42	0.15	9.42	9.43	69361	1791	0.21	          1.75	9.28	9.43	9.23	9.27	    47.30	64957856	  0.83	汽车配件	河南	2.16	9.37	29038	40323	  0.72	147	837	--  	          3.97	
002415	海康威视	2.10	30.18	0.62	30.17	30.18	205430	2868	0.00	          0.42	29.55	30.44	29.51	29.56	    28.73	618551744	  1.39	电器仪表	浙江	3.15	30.11	89812	115617	  0.78	10	502	--  	         48.38	
002444	巨星科技	0.78	16.80	0.13	16.80	16.81	157179	2169	-0.05	          1.55	16.75	17.07	16.73	16.67	    29.39	265318400	  0.78	轻工机械	浙江	2.04	16.88	81751	75428	  1.08	688	328	--  	         10.12	
002472	双环传动	0.18	11.17	0.02	11.16	11.17	39767	290	0.26	          0.76	11.11	11.27	11.08	11.15	    42.32	44419088	  0.74	机械基件	浙江	1.70	11.17	25031	14735	  1.70	314	9	--  	          5.21	
002482	广田集团	0.43	9.30	0.04	9.29	9.30	124220	861	0.10	          0.95	9.23	9.43	9.19	9.26	    36.31	115623464	  1.27	装修装饰	深圳	2.59	9.31	59779	64441	  0.93	41	1342	--  	         13.10	
002520	日发精机	3.38	12.22	0.40	12.21	12.22	54913	4417	1.07	          1.04	11.84	12.22	11.81	11.82	   150.97	65809940	  1.08	机床制造	浙江	3.47	11.98	24638	30274	  0.81	30	271	--  	          5.30	
002527	新时达	0.88	13.75	0.12	13.75	13.76	85135	1098	0.07	          2.32	13.71	13.92	13.68	13.63	    40.35	117358656	  0.87	电器仪表	上海	1.76	13.79	45038	40096	  1.12	112	567	--  	          3.67	
002535	林州重机	0.28	7.27	0.02	7.27	7.28	82715	1984	0.13	          1.59	7.25	7.29	7.17	7.25	   346.70	59873224	  0.94	工程机械	河南	1.66	7.24	48358	34356	  1.41	148	2653	--  	          5.20	
002559	亚威股份	1.40	13.77	0.19	13.77	13.78	56704	900	0.07	          1.84	13.58	13.93	13.50	13.58	    69.67	78188840	  1.21	机床制造	江苏	3.17	13.79	24682	32021	  0.77	7	6	--  	          3.08	
002577	雷柏科技	-0.63	33.19	-0.21	33.19	33.20	114449	1402	0.09	          4.07	33.40	34.41	33.07	33.40	   395.56	385089280	  0.84	电脑设备	深圳	4.01	33.65	61154	53295	  1.15	220	177	--  	          2.81	
002611	东方精工	0.85	17.80	0.15	17.80	17.81	93699	708	0.00	          3.20	17.63	18.21	17.60	17.65	   118.34	168353504	  0.85	轻工机械	广东	3.46	17.97	45363	48336	  0.94	823	85	--  	          2.93	
002660	茂硕电源	0.54	13.09	0.07	13.09	13.10	57516	772	0.15	          3.00	12.99	13.22	12.82	13.02	   204.58	74939192	  0.77	电气设备	深圳	3.07	13.03	27075	30440	  0.89	11	651	--  	          1.92	
002681	奋达科技	--  	12.93	--  	--  	--  	0	0	--  	          0.00	--  	--  	--  	12.93	    50.26	0	  0.00	家用电器	深圳	0.00	12.93	0	0	--  	0	0	--  	          6.01	
002689	远大智能	1.37	7.41	0.10	7.40	7.41	96201	1164	0.13	          1.02	7.38	7.54	7.34	7.31	   149.68	71555888	  0.64	运输设备	辽宁	2.74	7.44	50938	45263	  1.13	341	515	--  	          9.42	
002698	博实股份	1.53	15.88	0.24	15.87	15.88	38350	252	0.12	          0.74	15.56	16.05	15.56	15.64	   116.11	60728504	  1.14	化工机械	黑龙江	3.13	15.84	18378	19971	  0.92	170	98	--  	          5.21	
002747	埃斯顿	--  	41.34	--  	--  	--  	0	0	--  	          0.00	--  	--  	--  	41.34	   213.48	0	  0.00	机械基件	江苏	0.00	41.34	0	0	--  	0	0	--  	          0.60	
300019	硅宝科技	0.23	13.33	0.03	13.32	13.33	44964	1026	0.00	          2.07	13.19	13.35	12.90	13.30	    49.01	59126860	  0.73	化工原料	四川	3.38	13.15	21691	23273	  0.93	186	351	--  	          2.17	
300024	机器人	1.62	22.55	0.36	22.55	22.56	278703	2368	0.04	          1.84	22.38	22.88	22.30	22.19	    85.65	631489984	  0.60	专用机械	辽宁	2.61	22.66	132967	145736	  0.91	1372	850	--  	         15.14	
300044	赛为智能	--  	20.02	--  	--  	--  	0	0	--  	          0.00	--  	--  	--  	20.02	   155.74	0	  0.00	软件服务	深圳	0.00	20.02	0	0	--  	0	0	--  	          2.36	
300073	当升科技	1.44	59.70	0.85	59.70	59.73	122273	3228	0.38	          7.49	58.00	60.66	57.59	58.85	   130.67	724598400	  0.74	矿物制品	北京	5.22	59.26	60190	62083	  0.97	7	11	--  	          1.63	
300076	GQY视讯	-0.25	11.94	-0.03	11.94	11.95	146088	2477	0.00	          3.97	11.95	12.04	11.78	11.97	--  	174135776	  0.53	电脑设备	浙江	2.17	11.92	76438	69650	  1.10	930	610	--  	          3.68	
300083	劲胜精密	10.01	8.57	0.78	8.57	--  	959800	152	0.00	          8.51	8.30	8.57	8.20	7.79	   115.34	818297728	  3.30	元器件	广东	4.75	8.53	676692	283108	  2.39	115334	0	--  	         11.28	
300097	智云股份	-0.37	58.79	-0.22	58.76	58.79	11461	116	0.08	          1.33	58.99	59.88	58.61	59.01	   141.89	67729312	  0.78	电器仪表	辽宁	2.15	59.10	4898	6562	  0.75	2	159	--  	          0.86	
300098	高新兴	1.36	13.41	0.18	13.41	13.42	139500	2098	0.07	          2.55	13.22	13.47	13.14	13.23	    53.90	186126608	  0.93	通信设备	广东	2.49	13.34	57702	81797	  0.71	286	1096	--  	          5.46	
300111	向日葵	0.19	5.14	0.01	5.13	5.14	86615	2150	0.00	          0.78	5.12	5.15	5.08	5.13	   187.83	44325860	  1.03	半导体	浙江	1.36	5.12	46078	40537	  1.14	2825	4770	--  	         11.16	
300115	长盈精密	3.14	29.21	0.89	29.21	29.22	90012	475	-0.03	          1.00	28.59	29.55	28.21	28.32	    40.43	261414976	  1.55	元器件	深圳	4.73	29.04	35619	54393	  0.65	476	33	--  	          8.98	
300117	嘉寓股份	-0.16	6.29	-0.01	6.28	6.29	30370	415	0.15	          0.42	6.28	6.32	6.20	6.30	    68.49	19029014	  0.73	装修装饰	北京	1.90	6.27	17500	12869	  1.36	937	1683	--  	          7.16	
300124	汇川技术	4.85	23.12	1.07	23.11	23.12	176872	2770	-0.08	          1.38	22.05	23.24	22.04	22.05	    41.93	403614464	  1.69	电器仪表	深圳	5.44	22.82	70245	106627	  0.66	41	283	--  	         12.82	
300126	锐奇股份	0.87	11.61	0.10	11.60	11.61	57187	1210	0.00	          2.72	11.50	11.62	11.37	11.51	   240.95	65723444	  0.67	轻工机械	上海	2.17	11.49	31667	25519	  1.24	453	106	--  	          2.10	
300131	英唐智控	1.53	9.93	0.15	9.93	9.94	286826	4299	0.10	          4.57	9.77	9.96	9.69	9.78	    52.73	283606528	  1.27	元器件	深圳	2.76	9.89	131019	155807	  0.84	229	1872	--  	          6.28	
300154	瑞凌股份	1.01	9.96	0.10	9.95	9.96	25759	574	0.10	          0.82	9.86	9.96	9.73	9.86	    45.43	25446574	  0.77	元器件	深圳	2.33	9.88	11213	14546	  0.77	158	62	--  	          3.14	
300161	华中数控	-0.42	26.09	-0.11	26.08	26.09	35311	826	-0.22	          2.19	26.28	26.59	26.09	26.20	--  	92975992	  0.69	机床制造	湖北	1.91	26.33	18287	17023	  1.07	49	20	--  	          1.61	
300173	智慧松德	0.37	16.25	0.06	16.24	16.25	22732	160	0.06	          0.73	16.21	16.57	16.00	16.19	   147.82	37205636	  0.86	轻工机械	广东	3.52	16.37	13568	9163	  1.48	170	76	--  	          3.13	
300193	佳士科技	2.91	10.60	0.30	10.59	10.60	113649	1618	0.18	          3.15	10.34	10.68	10.32	10.30	    49.27	119664208	  0.96	专用机械	深圳	3.50	10.53	52956	60692	  0.87	351	506	--  	          3.61	
300195	长荣股份	-0.06	16.69	-0.01	16.69	16.70	20289	284	0.05	          1.19	16.73	16.79	16.50	16.70	    47.55	33743512	  0.70	轻工机械	天津	1.74	16.63	11061	9228	  1.20	62	236	--  	          1.71	
300201	海伦哲	--  	8.70	--  	--  	--  	0	0	--  	          0.00	--  	--  	--  	8.70	   191.70	0	  0.00	专用机械	江苏	0.00	8.70	0	0	--  	0	0	--  	          8.53	
300213	佳讯飞鸿	1.68	24.25	0.40	24.24	24.25	44313	990	0.12	          2.84	23.86	24.25	23.61	23.85	    71.30	106464360	  0.85	通信设备	北京	2.68	24.03	21336	22977	  0.93	109	189	--  	          1.56	
300222	科大智能	1.83	26.17	0.47	26.17	26.18	578035	10321	0.26	         20.64	25.98	27.88	25.78	25.70	    84.87	1542609408	  1.07	电气设备	上海	8.17	26.69	270267	307768	  0.88	944	463	--  	          2.80	
300276	三丰智能	--  	18.15	--  	--  	--  	0	0	--  	          0.00	--  	--  	--  	18.15	   771.16	0	  0.00	专用机械	湖北	0.00	18.15	0	0	--  	0	0	--  	          2.00	
300278	华昌达	0.24	21.15	0.05	21.14	21.15	39398	329	0.00	          1.76	21.20	21.59	21.09	21.10	   113.36	83807256	  1.12	专用机械	湖北	2.37	21.27	24137	15261	  1.58	212	53	--  	          2.24	
300280	南通锻压	0.39	31.00	0.12	31.00	31.01	16882	571	0.00	          1.32	30.88	31.26	30.61	30.88	   683.79	52304572	  1.03	专用机械	江苏	2.10	30.98	5874	11007	  0.53	7	55	--  	          1.28	
300281	金明精机	0.16	19.15	0.03	19.15	19.16	9412	101	0.26	          0.66	19.00	19.21	18.94	19.12	   119.46	17970742	  0.61	专用机械	广东	1.41	19.09	5422	3990	  1.36	33	992	--  	          1.42	
300293	蓝英装备	1.21	17.61	0.21	17.60	17.61	63826	1778	0.22	          2.38	17.36	17.71	17.17	17.40	  2485.73	111881304	  0.94	专用机械	辽宁	3.10	17.53	33353	30472	  1.09	6	7	--  	          2.68	
300307	慈星股份	3.01	11.30	0.33	11.30	11.31	110171	1185	0.00	          1.39	11.00	11.33	10.92	10.97	    55.76	123686664	  0.97	纺织机械	浙江	3.74	11.23	52436	57735	  0.91	513	289	--  	          7.93	
300328	宜安科技	1.72	11.85	0.20	11.85	11.86	40776	592	-0.08	          1.01	11.80	11.97	11.68	11.65	   204.10	48379604	  0.78	铝	广东	2.49	11.86	19990	20785	  0.96	387	20	--  	          4.03	
300358	楚天科技	0.95	17.00	0.16	16.99	17.00	25661	480	0.11	          1.75	16.83	17.02	16.80	16.84	    59.93	43484588	  0.55	医疗保健	湖南	1.31	16.95	12375	13286	  0.93	593	1381	--  	          1.47	
300367	东方网力	--  	20.04	--  	--  	--  	0	0	--  	          0.00	--  	--  	--  	20.04	   116.32	0	  0.00	电脑设备	北京	0.00	20.04	0	0	--  	0	0	--  	          3.94	
300368	汇金股份	-0.97	18.44	-0.18	18.43	18.44	48260	479	0.05	          2.30	18.42	18.54	18.15	18.62	  1221.61	88656792	  0.89	专用机械	河北	2.09	18.37	25538	22722	  1.12	726	401	--  	          2.10	
300403	地尔汉宇	2.17	64.03	1.36	64.03	64.04	22791	204	0.20	          3.87	62.81	64.13	62.81	62.67	    41.23	145014688	  1.58	电气设备	广东	2.11	63.63	10253	12538	  0.82	121	6	--  	          0.59	
300418	昆仑万维	-0.17	23.06	-0.04	23.05	23.06	82693	1503	0.08	          1.86	23.14	23.33	22.68	23.10	    39.54	190556560	  0.67	互联网	北京	2.81	23.04	46543	36149	  1.29	186	143	--  	          4.44	
300458	全志科技	0.80	77.92	0.62	77.92	77.93	22361	327	0.00	          3.18	77.10	78.30	75.60	77.30	    70.51	172998896	  0.92	元器件	广东	3.49	77.36	10720	11641	  0.92	43	10	--  	          0.70	
300461	田中精机	3.56	75.42	2.59	75.42	75.43	14688	155	-0.11	          6.23	72.01	76.50	71.00	72.83	  1099.70	108269352	  1.25	专用机械	浙江	7.55	73.71	7067	7621	  0.93	57	53	--  	          0.24	
300475	聚隆科技	0.64	25.13	0.16	25.12	25.13	14283	406	0.11	          2.33	25.16	25.16	24.73	24.97	    47.22	35663112	  0.63	专用机械	安徽	1.72	24.97	7855	6428	  1.22	249	9	--  	          0.61	
300532	今天国际	2.02	64.70	1.28	64.70	64.71	20452	447	0.01	          9.74	63.49	65.47	63.49	63.42	   109.78	132005272	  1.47	软件服务	深圳	3.12	64.54	9881	10571	  0.93	71	170	--  	          0.21	
300607	拓斯达	3.25	82.35	2.59	82.35	82.36	32916	1002	0.09	         18.17	79.00	82.73	79.00	79.76	    95.23	267052256	  0.69	专用机械	广东	4.68	81.13	15203	17713	  0.86	135	11	--  	          0.18	
600074	保千里	0.88	13.71	0.12	13.70	13.71	193616	34	0.00	          2.14	13.55	13.76	13.46	13.59	    40.70	263935312	  1.53	电脑设备	江苏	2.21	13.63	91416	102200	  0.89	227	279	--  	          9.06	
600172	黄河旋风	0.75	18.69	0.14	18.68	18.70	89992	1	0.00	          1.39	18.49	18.77	18.25	18.55	    43.57	167061808	  0.85	矿物制品	河南	2.80	18.56	39123	50868	  0.77	1	332	--  	          6.46	
600282	南钢股份	-0.27	3.67	-0.01	3.67	3.68	552845	259	-0.27	          1.43	3.60	3.70	3.58	3.68	    41.11	201314592	  0.81	普钢	江苏	3.26	3.64	302751	250093	  1.21	6155	404	--  	         38.76	
600330	天通股份	0.47	10.75	0.05	10.75	10.76	77399	2	-0.18	          0.94	10.70	10.80	10.60	10.70	    61.68	83003456	  0.67	元器件	浙江	1.87	10.72	37338	40060	  0.93	50	361	--  	          8.20	
600503	华丽家族	0.62	8.17	0.05	8.16	8.17	173733	2	0.12	          1.11	8.12	8.17	8.08	8.12	    78.36	141440928	  0.66	区域地产	上海	1.11	8.14	89848	83884	  1.07	1139	466	--  	         15.63	
600560	金自天正	0.92	16.37	0.15	16.37	16.38	23659	36	0.00	          1.06	16.20	16.38	16.15	16.22	   186.94	38552584	  0.53	电气设备	北京	1.42	16.30	11706	11952	  0.98	239	80	--  	          2.24	
600565	迪马股份	0.74	6.78	0.05	6.78	6.79	200554	30	0.14	          1.36	6.71	6.79	6.69	6.73	    95.45	135151072	  1.03	全国地产	重庆	1.49	6.74	101032	99521	  1.02	26	5756	--  	         14.72	
600580	卧龙电气	0.93	8.72	0.08	8.71	8.72	34329	23	0.22	          0.31	8.63	8.73	8.60	8.64	    55.98	29796320	  0.72	电气设备	浙江	1.50	8.68	13850	20479	  0.68	108	135	--  	         11.11	
600690	青岛海尔	2.36	11.29	0.26	11.28	11.29	712079	76	0.00	          1.30	11.05	11.40	10.95	11.03	    13.51	800984448	  1.84	家用电器	山东	4.08	11.25	318240	393838	  0.81	7203	663	--  	         54.91	
600699	均胜电子	1.05	31.78	0.33	31.78	31.80	61512	13	0.00	          0.89	31.40	31.97	31.05	31.45	    56.08	194309440	  0.97	汽车配件	浙江	2.93	31.59	28614	32897	  0.87	26	1447	--  	          6.89	
600701	工大高新	-0.89	16.64	-0.15	16.65	16.66	395277	66	-0.06	          7.92	16.70	17.38	16.56	16.79	   224.84	669358976	  1.27	综合类	黑龙江	4.88	16.93	207076	188200	  1.10	204	16	--  	          4.99	
600775	南京熊猫	1.65	15.40	0.25	15.39	15.40	76592	51	0.00	          1.14	15.15	15.48	15.01	15.15	   133.41	117335080	  1.36	通信设备	江苏	3.10	15.32	30848	45743	  0.67	59	44	--  	          6.72	
600806	*ST昆机	1.43	8.54	0.12	8.54	8.55	72083	1	0.35	          1.85	8.37	8.57	8.26	8.42	--  	60501632	  0.86	机床制造	云南	3.68	8.39	32670	39413	  0.83	149	431	--  	          3.90	
600815	厦工股份	0.85	7.12	0.06	7.11	7.12	93522	8	0.28	          0.98	7.07	7.15	6.99	7.06	--  	66275996	  0.66	工程机械	福建	2.27	7.09	42555	50966	  0.83	1789	419	--  	          9.59	
600835	上海机电	0.83	20.64	0.17	20.64	20.65	31436	103	0.04	          0.39	20.45	20.68	20.31	20.47	    13.85	64525624	  0.98	运输设备	上海	1.81	20.53	15066	16369	  0.92	5	175	--  	          8.07	
600885	宏发股份	0.87	34.76	0.30	34.72	34.75	10012	40	-0.02	          0.19	34.03	34.83	34.00	34.46	    28.99	34609096	  0.70	电气设备	湖北	2.41	34.57	5458	4553	  1.20	4	60	--  	          5.32	
601369	陕鼓动力	1.13	7.18	0.08	7.17	7.18	55359	2	0.13	          0.34	7.08	7.18	7.05	7.10	    42.42	39409632	  1.25	机械基件	陕西	1.83	7.12	19341	36018	  0.54	239	1032	--  	         16.39	
601608	中信重工	0.54	5.55	0.03	5.54	5.55	185260	1906	0.18	          0.43	5.50	5.57	5.41	5.52	--  	102212048	  0.70	专用机械	河南	2.90	5.52	88100	97159	  0.91	1591	1281	--  	         42.80	
601727	上海电气	0.00	8.42	0.00	--  	--  	0	0	0.00	          0.00	--  	--  	--  	8.42	    47.95	0	  0.00	电气设备	上海	0.00	8.42	0	0	--  	0	0	--  	         98.51	
603100	川仪股份	0.61	14.83	0.09	14.82	14.83	19091	16	0.06	          0.83	14.68	14.84	14.53	14.74	    46.04	28083220	  0.53	电器仪表	重庆	2.10	14.71	7738	11352	  0.68	114	71	--  	          2.31	
603355	莱克电气	0.88	49.11	0.43	49.06	49.17	17348	28	-0.04	          2.60	48.89	49.96	48.08	48.68	    44.13	85524152	  1.36	电气设备	江苏	3.86	49.30	8608	8739	  0.99	3	5	--  	          0.67	
数据来源:通达信
