代码	名称	涨幅%%	现价	涨跌	买价	卖价	总量	现量	涨速%%	换手%%	今开	最高	最低	昨收	市盈(动)	总金额	量比	细分行业	地区	振幅%%	均价	内盘	外盘	内外比	买量	卖量	未匹配量	流通股(亿)	
002791	坚朗五金	0.77	48.68	0.37	48.68	48.69	21945	412	0.02	          4.95	48.01	48.85	47.00	48.31	    42.42	105525776	  1.08	其他建材	广东	3.83	48.09	10227	11718	  0.87	29	10	--  	          0.44	
002792	通宇通讯	1.64	47.16	0.76	47.16	47.17	14656	331	0.12	          3.26	46.20	47.30	46.10	46.40	    51.08	68486424	  0.84	通信设备	广东	2.59	46.73	6276	8380	  0.75	88	4	--  	          0.45	
002793	东音股份	0.03	64.51	0.02	64.51	64.52	18209	382	0.00	          7.28	63.98	64.78	63.19	64.49	    64.42	116641768	  1.01	专用机械	浙江	2.47	64.06	10684	7524	  1.42	147	1	--  	          0.25	
002795	永和智控	--  	91.60	--  	--  	--  	0	0	--  	          0.00	--  	--  	--  	91.60	   138.02	0	  0.00	机械基件	浙江	0.00	91.60	0	0	--  	0	0	--  	          0.25	
002796	世嘉科技	-2.25	61.57	-1.42	61.57	61.58	36914	1227	-0.08	         18.46	61.00	61.70	59.88	62.99	   104.52	224798992	  1.09	专用机械	江苏	2.89	60.90	20685	16229	  1.27	155	334	--  	          0.20	
002797	第一创业	-0.57	29.56	-0.17	29.55	29.56	88290	2224	-0.03	          4.03	29.60	29.63	28.88	29.73	   114.37	258980608	  0.97	证券	深圳	2.52	29.33	45226	43064	  1.05	247	141	--  	          2.19	
002798	帝王洁具	2.49	58.42	1.42	58.42	58.44	21354	674	0.00	          9.89	56.88	58.80	56.20	57.00	   147.41	123724344	  1.02	家居用品	四川	4.56	57.94	9413	11941	  0.79	18	2	--  	          0.22	
002799	环球印务	-0.28	49.36	-0.14	49.36	49.37	34798	567	0.22	         13.92	48.99	49.96	48.03	49.50	   223.04	171640496	  0.67	广告包装	陕西	3.90	49.33	16685	18112	  0.92	259	50	--  	          0.25	
002800	天顺股份	1.56	61.75	0.95	61.75	61.76	9147	96	0.08	          4.90	60.40	62.14	60.12	60.80	   139.36	56205792	  1.19	仓储物流	新疆	3.32	61.45	3485	5662	  0.62	53	30	--  	          0.19	
002801	微光股份	1.64	121.66	1.96	121.66	121.67	13968	360	0.05	          9.49	119.52	121.70	117.50	119.70	    76.07	167799248	  1.16	电气设备	浙江	3.51	120.13	7129	6839	  1.04	21	1	--  	          0.15	
002802	洪汇新材	2.91	51.94	1.47	51.93	51.94	41456	684	0.01	         15.35	50.46	52.99	49.86	50.47	   106.79	214272592	  2.03	化工原料	江苏	6.20	51.69	18728	22727	  0.82	56	137	--  	          0.27	
002803	吉宏股份	--  	45.38	--  	--  	--  	0	0	--  	          0.00	--  	--  	--  	45.38	   132.75	0	  0.00	广告包装	福建	0.00	45.38	0	0	--  	0	0	--  	          0.29	
002805	丰元股份	1.93	53.30	1.01	53.27	53.30	56853	1731	0.16	         23.47	51.63	53.48	50.26	52.29	   218.78	296330336	  0.70	化工原料	山东	6.16	52.12	26355	30498	  0.86	2	400	--  	          0.24	
002806	华锋股份	--  	62.10	--  	--  	--  	0	0	--  	          0.00	--  	--  	--  	62.10	   193.70	0	  0.00	元器件	广东	0.00	62.10	0	0	--  	0	0	--  	          0.20	
002807	江阴银行	0.97	20.90	0.20	20.90	20.91	331242	8055	-0.38	         15.82	20.35	21.08	19.80	20.70	    54.30	680929152	  0.64	银行	江苏	6.18	20.56	163931	167311	  0.98	2187	23	--  	          2.09	
002808	苏州恒久	-2.18	42.69	-0.95	42.69	42.70	33729	1088	0.07	         11.24	43.64	43.69	42.00	43.64	   161.97	143556176	  0.74	元器件	江苏	3.87	42.56	19263	14465	  1.33	9	347	--  	          0.30	
002809	红墙股份	4.53	70.87	3.07	70.87	70.88	34173	467	-0.04	         17.09	67.87	73.00	67.84	67.80	    85.98	241170848	  2.16	化工原料	广东	7.61	70.57	15219	18954	  0.80	144	86	--  	          0.20	
002810	山东赫达	0.82	47.83	0.39	47.83	47.84	21312	386	0.02	          8.89	47.32	48.20	46.40	47.44	    92.30	101366280	  1.03	化工原料	山东	3.79	47.56	10033	11278	  0.89	33	39	--  	          0.24	
002811	亚泰国际	0.99	35.60	0.35	35.59	35.60	35861	666	0.00	          7.97	35.17	35.71	34.55	35.25	    77.32	126224640	  1.17	装修装饰	深圳	3.29	35.20	17376	18485	  0.94	9	265	--  	          0.45	
002812	创新股份	--  	55.50	--  	--  	--  	0	0	--  	          0.00	--  	--  	--  	55.50	    50.46	0	  0.00	广告包装	云南	0.00	55.50	0	0	--  	0	0	--  	          0.33	
002813	路畅科技	--  	47.96	--  	--  	--  	0	0	--  	          0.00	--  	--  	--  	47.96	   111.97	0	  0.00	汽车配件	深圳	0.00	47.96	0	0	--  	0	0	--  	          0.30	
002815	崇达技术	2.75	44.80	1.20	44.79	44.80	41297	984	0.06	          8.26	43.62	44.84	42.87	43.60	    48.88	181020224	  0.76	半导体	深圳	4.52	43.83	20983	20313	  1.03	16	90	--  	          0.50	
002816	和科达	--  	40.16	--  	--  	--  	0	0	--  	          0.00	--  	--  	--  	40.16	   154.82	0	  0.00	专用机械	深圳	0.00	40.16	0	0	--  	0	0	--  	          0.25	
002817	黄山胶囊	-0.47	59.40	-0.28	59.39	59.40	21853	384	-0.11	         10.08	59.26	59.88	57.00	59.68	    88.93	127571312	  1.03	化学制药	安徽	4.83	58.38	12126	9727	  1.25	46	143	--  	          0.22	
002818	富森美	1.03	54.95	0.56	54.94	54.95	28819	777	0.10	          6.55	54.29	54.95	52.82	54.39	    41.97	155548656	  0.84	房产服务	四川	3.92	53.97	14193	14626	  0.97	149	182	--  	          0.44	
002819	东方中科	-1.94	50.01	-0.99	50.01	50.02	82663	2369	-0.15	         29.17	50.10	51.50	49.00	51.00	   185.23	413876096	  0.72	电器仪表	北京	4.90	50.07	45770	36893	  1.24	166	11	--  	          0.28	
002820	桂发祥	-1.83	55.78	-1.04	55.78	55.79	65970	2267	-0.07	         20.62	55.68	57.66	54.51	56.82	    69.18	369254976	  0.47	食品	天津	5.54	55.97	36912	29058	  1.27	509	14	--  	          0.32	
002821	凯莱英	2.06	138.41	2.79	138.41	138.45	17638	277	0.07	          7.71	135.69	139.50	134.70	135.62	    62.11	242419136	  1.05	生物制药	天津	3.54	137.44	7402	10235	  0.72	5	1	--  	          0.23	
002822	中装建设	2.08	27.97	0.57	27.97	27.98	81315	1362	0.07	         10.84	27.11	28.20	26.49	27.40	    54.43	222673728	  0.94	装修装饰	深圳	6.24	27.38	35524	45791	  0.78	811	89	--  	          0.75	
002823	凯中精密	1.86	46.59	0.85	46.58	46.59	31075	620	0.02	          8.63	45.80	46.62	44.80	45.74	    56.66	142300032	  0.58	机械基件	深圳	3.98	45.79	13620	17455	  0.78	27	110	--  	          0.36	
002824	和胜股份	-1.03	45.04	-0.47	45.04	45.05	52613	968	0.35	         17.54	45.05	45.05	43.01	45.51	    75.71	231818224	  0.71	铝	广东	4.48	44.06	26926	25686	  1.05	23	25	--  	          0.30	
002825	纳尔股份	-1.25	53.60	-0.68	53.60	53.61	25847	1379	-0.14	         10.34	54.60	54.61	52.50	54.28	    82.41	137830128	  0.82	化工原料	上海	3.89	53.32	13396	12451	  1.08	117	63	--  	          0.25	
002826	易明医药	2.06	31.65	0.64	31.64	31.65	51651	1742	0.12	         10.89	30.93	31.76	30.20	31.01	   126.56	160374960	  0.69	化学制药	西藏	5.03	31.05	21676	29975	  0.72	128	73	--  	          0.47	
002827	高争民爆	4.10	32.74	1.29	32.74	32.75	77006	2221	0.03	         16.74	31.03	32.80	30.88	31.45	    55.98	247390976	  1.24	化工原料	西藏	6.10	32.13	32916	44090	  0.75	1022	281	--  	          0.46	
002828	贝肯能源	1.20	43.69	0.52	43.69	43.70	33125	758	0.11	         11.31	42.98	43.85	42.17	43.17	   105.32	143004560	  0.73	石油开采	新疆	3.89	43.17	17174	15950	  1.08	247	223	--  	          0.29	
002829	星网宇达	5.43	90.35	4.65	90.35	90.38	37688	562	-0.11	         19.84	86.70	91.97	86.10	85.70	    93.64	335471552	  1.06	通信设备	北京	6.85	89.01	17211	20477	  0.84	33	3	--  	          0.19	
002830	名雕股份	5.58	73.00	3.86	72.88	73.00	70399	1482	1.38	         42.23	67.03	75.40	66.70	69.14	   209.75	496870464	  2.64	装修装饰	深圳	12.58	70.58	31878	38521	  0.83	2	873	--  	          0.17	
002831	裕同科技	10.00	77.02	7.00	77.02	--  	79905	273	0.00	         19.97	69.78	77.02	69.03	70.02	    41.93	591602304	  2.07	广告包装	深圳	11.41	74.04	36140	43764	  0.83	2843	0	--  	          0.40	
002832	比音勒芬	2.41	58.32	1.37	58.32	58.34	40756	955	0.12	         15.28	56.40	58.53	56.10	56.95	    44.34	234263456	  1.24	服饰	广东	4.27	57.48	17442	23314	  0.75	666	3	--  	          0.27	
002833	弘亚数控	3.83	53.99	1.99	53.99	54.00	52968	1072	-0.01	         15.88	51.02	54.17	51.02	52.00	    44.97	280442848	  1.12	专用机械	广东	6.06	52.95	21863	31105	  0.70	109	152	--  	          0.33	
002835	同为股份	2.42	42.30	1.00	42.29	42.30	31822	1264	0.11	         11.79	41.17	42.30	40.36	41.30	    79.05	132379224	  0.96	元器件	深圳	4.70	41.60	14276	17545	  0.81	2	61	--  	          0.27	
002836	新宏泽	10.01	61.56	5.60	61.56	--  	131822	534	0.00	         65.91	57.87	61.56	57.02	55.96	    97.89	784500672	  3.27	广告包装	广东	8.11	59.51	63607	68215	  0.93	120	0	--  	          0.20	
002837	英维克	1.32	57.70	0.75	57.69	57.70	20941	665	-0.05	         10.47	56.71	57.94	55.65	56.95	    62.85	119291960	  0.89	专用机械	深圳	4.02	56.97	8553	12387	  0.69	10	63	--  	          0.20	
002838	道恩股份	3.82	65.70	2.42	65.69	65.70	21566	684	0.07	         10.27	63.00	66.00	62.50	63.28	    67.36	139457136	  1.03	塑料	山东	5.53	64.66	9243	12323	  0.75	5	334	--  	          0.21	
002839	张家港行	-1.03	24.88	-0.26	24.87	24.88	257102	7803	0.04	         14.22	24.66	25.30	24.20	25.14	    65.39	635708864	  0.51	银行	江苏	4.38	24.73	140126	116976	  1.20	831	1230	--  	          1.81	
002840	华统股份	0.57	30.19	0.17	30.18	30.19	52142	529	-0.19	         11.67	29.89	30.28	28.82	30.02	    63.03	154494368	  0.51	食品	浙江	4.86	29.63	26334	25807	  1.02	367	266	--  	          0.45	
002841	视源股份	7.72	97.00	6.95	96.88	97.00	68995	1254	0.35	         17.04	89.08	98.95	89.00	90.05	    49.37	641704512	  1.38	元器件	广东	11.05	93.01	28294	40701	  0.70	2	139	--  	          0.41	
002842	翔鹭钨业	1.27	56.71	0.71	56.71	56.72	43548	668	0.24	         17.42	55.48	56.99	54.00	56.00	    90.07	242119392	  0.59	小金属	广东	5.34	55.60	21109	22439	  0.94	33	82	--  	          0.25	
002843	泰嘉股份	-0.77	35.98	-0.28	35.98	35.99	59782	1639	0.11	         17.08	35.74	36.30	33.23	36.26	   131.58	210901872	  0.66	钢加工	湖南	8.47	35.28	31654	28127	  1.13	174	133	--  	          0.35	
002845	同兴达	1.36	57.98	0.78	57.97	57.98	30930	664	-0.03	         12.89	56.96	58.06	55.60	57.20	   103.85	175906064	  0.69	元器件	深圳	4.30	56.87	14563	16366	  0.89	9	157	--  	          0.24	
002846	英联股份	2.92	39.42	1.12	39.42	39.43	57008	1492	-0.07	         19.00	38.03	40.00	37.02	38.30	    85.36	220488528	  0.65	广告包装	广东	7.78	38.68	26720	30288	  0.88	172	720	--  	          0.30	
002847	盐津铺子	0.80	49.30	0.39	49.30	49.31	50643	1119	-0.16	         16.34	48.20	49.57	47.04	48.91	    73.91	245263072	  0.64	食品	湖南	5.17	48.43	24862	25781	  0.96	79	46	--  	          0.31	
002848	高斯贝尔	-0.82	35.07	-0.29	35.06	35.07	77631	1243	0.19	         18.57	35.15	35.20	33.47	35.36	   132.91	267289632	  0.41	通信设备	湖南	4.89	34.43	40780	36850	  1.11	14	54	--  	          0.42	
002849	威星智能	0.47	59.48	0.28	59.47	59.48	65599	1116	0.05	         30.28	58.07	59.88	55.85	59.20	    98.70	379891936	  1.43	电器仪表	浙江	6.81	57.91	34548	31050	  1.11	21	440	--  	          0.22	
002850	科达利	10.00	105.80	9.62	105.80	--  	2677	24	0.00	          0.76	105.80	105.80	105.80	96.18	    63.66	28322554	 11.15	机械基件	深圳	0.00	105.80	2527	149	 16.96	11069	0	--  	          0.35	
002851	麦格米特	10.02	28.22	2.57	28.22	--  	163	5	0.00	          0.04	28.22	28.22	28.22	25.65	    45.73	459083	0.00	电气设备	深圳	0.00	28.22	142	20	  7.10	33329	0	--  	          0.45	
002852	道道全	10.00	74.92	6.81	74.92	--  	55	1	0.00	          0.02	74.92	74.92	74.92	68.11	    36.42	408614	0.00	食品	湖南	0.00	74.92	54	0	--  	12914	0	--  	          0.25	
002853	皮阿诺	10.00	49.15	4.47	49.15	--  	33	3	0.00	          0.02	49.15	49.15	49.15	44.68	    34.89	162195	0.00	家居用品	广东	0.00	49.15	33	0	--  	14066	0	--  	          0.16	
300474	景嘉微	-0.12	51.61	-0.06	51.61	51.62	53666	855	-0.11	          8.01	51.28	53.18	51.26	51.67	   113.61	280799840	  1.23	元器件	湖南	3.72	52.32	28220	25445	  1.11	199	22	--  	          0.67	
300484	蓝海华腾	0.62	77.44	0.48	77.44	77.50	12320	141	0.09	          4.74	76.96	78.00	75.71	76.96	    57.00	95197440	  0.72	电气设备	深圳	2.98	77.27	6656	5664	  1.18	40	22	--  	          0.26	
300505	川金诺	-1.26	62.82	-0.80	62.82	62.84	22778	492	-0.03	          9.76	62.61	63.40	61.50	63.62	   100.42	142252288	  0.71	化工原料	云南	2.99	62.45	11647	11131	  1.05	120	31	--  	          0.23	
300506	名家汇	0.15	40.15	0.06	40.15	40.16	31790	650	0.14	          4.24	40.10	40.27	39.36	40.09	   184.13	126669752	  0.49	建筑施工	深圳	2.27	39.85	15734	16055	  0.98	929	33	--  	          0.75	
300507	苏奥传感	3.04	100.67	2.97	100.66	100.67	15445	300	0.16	          9.27	97.99	100.80	97.03	97.70	    74.88	154037680	  1.50	汽车配件	江苏	3.86	99.73	7251	8194	  0.88	84	70	--  	          0.17	
300508	维宏股份	3.35	112.19	3.64	112.18	112.19	11091	166	0.16	          9.38	108.62	112.82	108.60	108.55	   135.43	123477272	  1.78	软件服务	上海	3.89	111.34	5213	5877	  0.89	15	34	--  	          0.12	
300509	新美星	1.63	52.84	0.85	52.84	52.85	12383	216	0.07	          6.19	52.21	52.84	50.61	51.99	    83.13	64639096	  1.36	专用机械	江苏	4.29	52.20	5455	6928	  0.79	177	49	--  	          0.20	
300510	金冠电气	--  	34.91	--  	--  	--  	0	0	--  	          0.00	--  	--  	--  	34.91	   107.67	0	  0.00	电气设备	吉林	0.00	34.91	0	0	--  	0	0	--  	          0.44	
300511	雪榕生物	5.15	46.17	2.26	46.16	46.17	55007	806	0.34	         14.67	44.00	46.60	43.78	43.91	   168.05	249571344	  2.83	种植业	上海	6.42	45.37	25169	29837	  0.84	14	21	--  	          0.38	
300512	中亚股份	-0.16	30.70	-0.05	30.69	30.70	47401	561	0.13	          7.02	30.75	31.00	30.28	30.75	    51.94	145160880	  1.21	专用机械	浙江	2.34	30.62	25501	21899	  1.16	123	541	--  	          0.68	
300513	恒泰实达	-0.93	82.42	-0.77	82.42	82.43	14384	179	0.02	          7.55	83.16	83.83	81.01	83.19	  1259.49	118533056	  1.28	软件服务	北京	3.39	82.41	7429	6954	  1.07	7	1	--  	          0.19	
300515	三德科技	1.07	49.30	0.52	49.30	49.31	20375	551	0.10	          8.15	48.10	49.49	47.90	48.78	   161.45	99333152	  1.06	电器仪表	湖南	3.26	48.75	10672	9703	  1.10	80	233	--  	          0.25	
300516	久之洋	1.34	94.72	1.25	94.72	94.73	12116	257	0.07	          4.04	93.68	94.72	92.15	93.47	   163.51	113409760	  0.93	电器仪表	湖北	2.75	93.60	5851	6264	  0.93	2	2	--  	          0.30	
300517	海波重科	5.61	46.13	2.45	46.13	46.14	47484	881	0.06	         18.55	44.00	46.77	44.00	43.68	   129.22	215400992	  2.95	建筑施工	湖北	6.34	45.36	22614	24870	  0.91	348	4	--  	          0.26	
300518	盛讯达	--  	113.46	--  	--  	--  	0	0	--  	          0.00	--  	--  	--  	113.46	   113.81	0	  0.00	软件服务	深圳	0.00	113.46	0	0	--  	0	0	--  	          0.23	
300519	新光药业	2.43	77.11	1.83	77.11	77.12	13845	478	0.15	          6.92	75.40	77.11	74.12	75.28	    54.74	104962056	  1.99	中成药	浙江	3.97	75.81	6270	7575	  0.83	83	91	--  	          0.20	
300520	科大国创	8.86	86.00	7.00	86.00	86.03	70754	597	0.00	         30.76	79.05	86.90	78.15	79.00	   325.32	592993472	  2.22	软件服务	安徽	11.08	83.81	33009	37744	  0.87	316	10	--  	          0.23	
300521	爱司凯	3.00	56.00	1.63	55.99	56.00	20060	355	0.07	         10.03	54.20	56.00	53.07	54.37	   103.77	110508736	  1.18	专用机械	广东	5.39	55.09	9713	10346	  0.94	102	73	--  	          0.20	
300522	世名科技	1.91	85.82	1.61	85.82	85.84	16903	220	-0.06	         10.14	84.40	86.88	83.61	84.21	    81.50	144246928	  1.26	染料涂料	江苏	3.88	85.34	8203	8699	  0.94	7	4	--  	          0.17	
300523	辰安科技	0.50	99.79	0.50	99.69	99.79	14129	191	-0.06	          7.06	97.92	99.88	96.70	99.29	  1188.92	138833808	  1.07	软件服务	北京	3.20	98.26	6868	7261	  0.95	1	22	--  	          0.20	
300525	博思软件	2.42	86.41	2.04	86.40	86.41	6922	75	0.00	          4.05	84.60	86.42	84.60	84.37	   358.65	59231340	  2.22	软件服务	福建	2.16	85.57	1904	5017	  0.38	1	37	--  	          0.17	
300526	中潜股份	--  	107.03	--  	--  	--  	0	0	--  	          0.00	--  	--  	--  	107.03	   294.70	0	  0.00	专用机械	广东	0.00	107.03	0	0	--  	0	0	--  	          0.21	
300527	华舟应急	0.86	27.01	0.23	27.00	27.01	52348	1367	0.00	          4.52	26.79	27.03	26.30	26.78	   113.96	139890816	  0.68	专用机械	湖北	2.73	26.72	25737	26611	  0.97	907	186	--  	          1.16	
300528	幸福蓝海	3.99	30.74	1.18	30.74	30.75	63777	1404	0.03	          8.22	29.57	30.83	29.13	29.56	    97.86	193359296	  2.27	影视音像	江苏	5.75	30.32	26073	37703	  0.69	291	455	--  	          0.78	
300529	健帆生物	3.85	42.59	1.58	42.59	42.60	35074	790	0.11	          8.35	40.95	42.59	40.06	41.01	    94.52	145608656	  1.62	医疗保健	广东	6.17	41.52	16137	18936	  0.85	480	108	--  	          0.42	
300530	达志科技	1.72	62.24	1.05	62.24	62.25	16588	250	0.00	          9.48	61.16	62.30	60.17	61.19	    97.06	101816304	  1.92	化工原料	广东	3.48	61.38	7610	8977	  0.85	34	84	--  	          0.18	
300531	优博讯	3.66	116.88	4.13	116.88	116.89	59303	778	-0.09	         29.65	115.88	118.98	111.00	112.75	   187.93	682611072	  2.60	软件服务	深圳	7.08	115.11	28759	30544	  0.94	12	7	--  	          0.20	
300532	今天国际	2.02	64.70	1.28	64.70	64.71	20452	447	0.01	          9.74	63.49	65.47	63.49	63.42	   109.78	132005272	  1.47	软件服务	深圳	3.12	64.54	9881	10571	  0.93	71	170	--  	          0.21	
300533	冰川网络	6.29	118.67	7.02	118.66	118.67	28501	608	0.00	         11.40	112.21	120.62	111.01	111.65	    77.17	332123328	  1.80	软件服务	深圳	8.61	116.53	12268	16233	  0.76	2	79	--  	          0.25	
300534	陇神戎发	10.01	59.26	5.39	59.26	--  	4661	1	0.00	          2.15	59.26	59.26	59.26	53.87	   102.54	27622390	  0.30	中成药	甘肃	0.00	59.26	4359	302	 14.43	60638	0	--  	          0.22	
300535	达威股份	--  	90.29	--  	--  	--  	0	0	--  	          0.00	--  	--  	--  	90.29	   104.05	0	  0.00	化工原料	四川	0.00	90.29	0	0	--  	0	0	--  	          0.15	
300536	农尚环境	1.82	45.40	0.81	45.36	45.40	28630	778	-0.04	         12.30	44.61	45.85	44.32	44.59	    83.28	128950528	  1.36	建筑施工	湖北	3.43	45.04	13982	14648	  0.95	10	31	--  	          0.23	
300537	广信材料	0.12	42.67	0.05	42.67	42.68	19323	364	0.09	          7.73	42.58	42.77	41.20	42.62	   105.22	81423608	  0.77	染料涂料	江苏	3.68	42.14	9677	9646	  1.00	248	38	--  	          0.25	
300538	同益股份	0.52	70.06	0.36	70.05	70.06	16330	215	0.00	         11.66	69.10	70.81	68.67	69.70	   106.58	113535320	  1.79	批发业	深圳	3.07	69.52	8233	8097	  1.02	178	37	--  	          0.14	
300539	横河模具	1.18	42.09	0.49	42.09	42.10	28222	451	0.04	         11.88	41.60	42.10	41.01	41.60	   129.73	117442792	  1.40	塑料	浙江	2.62	41.61	12974	15248	  0.85	35	482	--  	          0.24	
300540	深冷股份	2.48	51.68	1.25	51.68	51.69	18090	555	0.13	          9.04	50.60	52.00	49.60	50.43	    87.57	92462336	  1.84	专用机械	四川	4.76	51.11	8478	9611	  0.88	33	3	--  	          0.20	
300541	先进数通	0.42	48.28	0.20	48.27	48.28	27591	765	0.16	          9.20	47.95	48.36	46.64	48.08	   182.68	130930216	  0.97	软件服务	北京	3.58	47.45	14497	13093	  1.11	15	215	--  	          0.30	
300542	新晨科技	1.10	49.65	0.54	49.65	49.66	18366	415	0.44	          8.14	48.79	49.85	48.16	49.11	   346.69	90004984	  0.97	软件服务	北京	3.44	49.01	9572	8793	  1.09	23	12	--  	          0.23	
300543	朗科智能	4.07	113.75	4.45	113.75	113.76	27525	346	0.04	         18.35	109.79	114.47	106.91	109.30	    83.46	304080704	  1.79	电气设备	深圳	6.92	110.47	13615	13909	  0.98	120	26	--  	          0.15	
300545	联得装备	2.48	68.89	1.67	68.89	68.90	14665	435	-0.01	          8.22	67.70	68.90	66.04	67.22	   162.10	99482648	  0.83	专用机械	深圳	4.25	67.84	6353	8311	  0.76	13	44	--  	          0.18	
300546	雄帝科技	3.28	110.81	3.52	110.81	110.82	20768	213	0.00	         15.57	107.29	111.90	106.00	107.29	   136.99	225800688	  1.70	元器件	深圳	5.50	108.73	10248	10520	  0.97	82	2	--  	          0.13	
300547	川环科技	1.39	80.00	1.10	79.99	80.00	11513	132	0.08	          7.70	78.82	80.10	77.63	78.90	    65.89	91150112	  1.14	橡胶	四川	3.13	79.17	5460	6052	  0.90	39	64	--  	          0.15	
300548	博创科技	1.33	76.70	1.01	76.69	76.70	15414	274	0.01	          7.46	75.70	76.99	74.25	75.69	    91.70	116936592	  0.78	元器件	浙江	3.62	75.87	8068	7345	  1.10	119	31	--  	          0.21	
300549	优德精密	2.09	70.95	1.45	70.95	70.96	21440	504	0.04	         12.86	69.15	70.97	67.30	69.50	   107.58	148600336	  1.21	专用机械	江苏	5.28	69.31	11446	9993	  1.15	169	34	--  	          0.17	
300550	和仁科技	2.73	65.52	1.74	65.51	65.52	17289	597	-0.09	          8.64	63.30	65.60	62.26	63.78	   111.85	111209360	  1.60	软件服务	浙江	5.24	64.32	7275	10014	  0.73	59	10	--  	          0.20	
300551	古鳌科技	3.28	62.70	1.99	62.70	62.71	26006	491	-0.01	         14.16	60.19	63.42	59.16	60.71	   223.47	159781440	  1.97	专用机械	上海	7.02	61.44	12630	13376	  0.94	246	59	--  	          0.18	
300552	万集科技	0.00	56.15	0.00	56.15	56.16	36194	419	-0.08	         13.56	56.16	56.30	54.20	56.15	    80.28	200518304	  1.20	软件服务	北京	3.74	55.40	18579	17615	  1.05	83	6	--  	          0.27	
300553	集智股份	1.76	83.19	1.44	83.18	83.19	12932	760	0.10	         10.78	80.99	83.19	79.85	81.75	   126.30	106022568	  1.12	电器仪表	浙江	4.09	81.99	5758	7173	  0.80	48	281	--  	          0.12	
300555	路通视信	1.80	58.25	1.03	58.25	58.26	20939	431	0.08	         10.47	56.93	58.30	55.22	57.22	    88.21	119747584	  1.53	通信设备	江苏	5.38	57.19	9725	11213	  0.87	145	12	--  	          0.20	
300556	丝路视觉	-1.52	53.18	-0.82	53.18	53.19	41795	1067	0.03	         15.03	53.00	53.63	51.40	54.00	   381.02	219725888	  0.85	软件服务	深圳	4.13	52.57	22434	19360	  1.16	27	33	--  	          0.28	
300557	理工光科	1.51	73.22	1.09	73.20	73.22	15628	285	0.02	         11.16	71.99	73.28	70.30	72.13	    93.54	112660912	  1.12	电器仪表	湖北	4.13	72.09	7600	8028	  0.95	32	12	--  	          0.14	
300558	贝达药业	1.34	70.44	0.93	70.44	70.45	11575	184	-0.01	          2.82	69.08	70.58	68.88	69.51	    68.70	80958752	  1.05	化学制药	浙江	2.45	69.94	4882	6692	  0.73	18	51	--  	          0.41	
300559	佳发安泰	4.43	66.00	2.80	65.98	66.00	19862	163	-0.07	         11.03	63.20	66.30	63.16	63.20	    89.10	128988528	  1.84	软件服务	四川	4.97	64.94	8636	11226	  0.77	41	140	--  	          0.18	
300560	中富通	1.02	61.58	0.62	61.58	61.59	9067	267	-0.03	          5.17	60.86	61.67	60.06	60.96	   111.62	55231924	  0.48	通信设备	福建	2.64	60.91	4369	4698	  0.93	151	15	--  	          0.18	
300561	汇金科技	0.13	78.08	0.10	78.07	78.08	26565	282	0.03	         12.65	76.50	78.98	75.51	77.98	    83.17	204477936	  0.85	软件服务	广东	4.45	76.97	13682	12883	  1.06	38	178	--  	          0.21	
300562	乐心医疗	0.96	143.09	1.36	143.09	143.10	17980	197	0.06	         12.15	140.30	144.29	138.62	141.73	   104.85	254237616	  0.95	医疗保健	广东	4.00	141.40	9350	8630	  1.08	41	7	--  	          0.15	
300563	神宇股份	1.30	51.50	0.66	51.50	51.51	21510	637	0.03	         10.75	50.80	51.65	50.12	50.84	   108.13	109605200	  0.88	通信设备	江苏	3.01	50.96	10249	11260	  0.91	48	59	--  	          0.20	
300565	科信技术	-0.03	36.60	-0.01	36.59	36.60	46921	770	0.08	         11.73	36.42	36.66	35.33	36.61	    79.70	168587296	  0.92	通信设备	深圳	3.63	35.93	21444	25476	  0.84	19	393	--  	          0.40	
300566	激智科技	2.14	66.45	1.39	66.35	66.45	12521	112	-0.07	          6.29	65.06	66.74	63.70	65.06	    93.44	81811376	  0.95	元器件	浙江	4.67	65.34	5309	7211	  0.74	7	9	--  	          0.20	
300567	精测电子	3.33	93.00	3.00	92.88	93.00	14644	483	-0.92	          7.32	88.88	94.15	87.71	90.00	   111.50	132427296	  1.11	电器仪表	湖北	7.16	90.43	6459	8185	  0.79	1	4	--  	          0.20	
300568	星源材质	1.99	82.00	1.60	81.99	82.00	47570	449	0.07	         15.86	80.00	84.50	79.18	80.40	    63.31	392310080	  1.37	化工原料	深圳	6.62	82.47	23505	24065	  0.98	44	190	--  	          0.30	
300569	天能重工	1.34	93.81	1.24	93.81	93.82	14102	276	0.02	          6.77	92.50	93.89	90.61	92.57	    38.42	130895968	  0.93	专用机械	山东	3.54	92.82	6568	7533	  0.87	20	3	--  	          0.21	
300570	太辰光	1.80	52.55	0.93	52.54	52.55	37148	725	0.01	         11.63	51.50	52.58	50.50	51.62	    66.46	191797648	  0.94	元器件	深圳	4.03	51.63	17791	19356	  0.92	12	465	--  	          0.32	
300571	平治信息	6.16	122.10	7.08	122.10	122.20	19899	280	0.09	         19.90	113.93	124.30	113.48	115.02	   103.03	235387216	  1.09	互联网	浙江	9.41	118.29	8071	11827	  0.68	18	10	--  	          0.10	
300572	安车检测	2.02	60.20	1.19	60.20	60.22	16024	398	0.00	          9.61	59.38	60.24	58.63	59.01	    77.38	95262560	  1.11	电器仪表	深圳	2.73	59.45	6921	9103	  0.76	77	5	--  	          0.17	
300573	兴齐眼药	3.23	51.10	1.60	51.10	51.11	20151	633	0.09	         10.08	49.89	51.18	49.05	49.50	    67.57	101232248	  0.71	化学制药	辽宁	4.30	50.24	9386	10765	  0.87	123	47	--  	          0.20	
300575	中旗股份	1.09	58.53	0.63	58.53	58.54	18569	414	-0.01	         10.12	57.76	58.63	57.08	57.90	    57.67	107718112	  1.03	农药化肥	江苏	2.68	58.01	9016	9553	  0.94	118	55	--  	          0.18	
300576	容大感光	3.97	48.74	1.86	48.74	48.75	25820	1534	0.57	         12.91	46.62	48.86	45.88	46.88	   106.03	122940656	  0.98	染料涂料	深圳	6.36	47.61	10087	15733	  0.64	0	30	--  	          0.20	
300577	开润股份	5.37	83.38	4.25	83.36	83.38	13724	278	0.22	          8.23	78.66	84.28	76.36	79.13	    65.00	110816184	  1.50	纺织	安徽	10.01	80.74	5869	7855	  0.75	7	65	--  	          0.17	
300578	会畅通讯	5.30	56.82	2.86	56.82	56.83	56217	1403	-0.07	         31.23	54.00	58.50	53.63	53.96	   110.32	315577760	  1.31	通信设备	上海	9.03	56.14	24473	31744	  0.77	490	71	--  	          0.18	
300579	数字认证	1.77	68.40	1.19	68.40	68.41	36851	620	0.19	         18.43	66.70	69.00	65.30	67.21	   227.67	247340432	  0.80	软件服务	北京	5.51	67.12	18422	18428	  1.00	54	16	--  	          0.20	
300580	贝斯特	4.73	33.85	1.53	33.84	33.85	102653	1986	-0.14	         20.53	32.37	33.94	31.50	32.32	    61.27	337116768	  0.74	汽车配件	江苏	7.55	32.84	45925	56727	  0.81	138	107	--  	          0.50	
300581	晨曦航空	3.30	121.66	3.89	121.66	121.67	16954	185	0.10	         15.00	117.00	121.94	115.12	117.77	   190.49	202396992	  0.63	航空	陕西	5.79	119.38	7253	9701	  0.75	13	2	--  	          0.11	
300582	英飞特	2.10	41.76	0.86	41.76	41.77	49359	959	0.19	         14.96	40.80	41.88	39.66	40.90	    89.41	201694960	  0.79	半导体	浙江	5.43	40.86	23891	25468	  0.94	89	513	--  	          0.33	
300583	赛托生物	4.18	76.55	3.07	76.55	76.56	42503	1105	-0.09	         15.94	73.51	76.89	72.30	73.48	    84.62	318708096	  1.70	生物制药	山东	6.25	74.99	18117	24385	  0.74	275	92	--  	          0.27	
300584	海辰药业	3.53	48.75	1.66	48.74	48.75	33665	962	0.20	         16.83	47.16	48.85	46.61	47.09	    93.76	161624208	  1.61	化学制药	江苏	4.76	48.01	12805	20860	  0.61	3	17	--  	          0.20	
300585	奥联电子	3.74	48.77	1.76	48.76	48.77	25986	601	-0.22	         12.99	46.93	48.89	46.02	47.01	    79.40	123794128	  1.26	汽车配件	江苏	6.11	47.64	11675	14311	  0.82	9	50	--  	          0.20	
300586	美联新材	3.02	43.72	1.28	43.72	43.73	63866	1025	-0.06	         26.61	42.49	44.17	41.88	42.44	    88.70	274700320	  1.22	化工原料	广东	5.40	43.01	29457	34408	  0.86	89	48	--  	          0.24	
300587	天铁股份	1.67	42.09	0.69	42.09	42.10	36926	693	0.11	         14.20	41.23	42.09	40.35	41.40	    70.18	153111568	  0.75	橡胶	浙江	4.20	41.46	16880	20046	  0.84	172	67	--  	          0.26	
300588	熙菱信息	6.04	45.99	2.62	45.98	45.99	50157	1450	-0.32	         20.06	43.47	46.28	42.98	43.37	   180.32	223749072	  1.17	软件服务	新疆	7.61	44.61	20445	29711	  0.69	29	287	--  	          0.25	
300589	江龙船艇	-0.48	47.79	-0.23	47.79	47.80	39482	1018	0.14	         18.22	47.80	48.07	46.05	48.02	   153.66	186450528	  0.60	船舶	广东	4.21	47.22	20992	18489	  1.14	313	55	--  	          0.22	
300590	移为通信	1.97	76.96	1.49	76.96	76.98	23462	435	0.05	         11.73	75.01	77.28	73.66	75.47	    80.04	177295376	  0.76	通信设备	上海	4.80	75.57	11945	11516	  1.04	39	14	--  	          0.20	
300591	万里马	0.57	24.70	0.14	24.70	24.71	109327	1793	-0.28	         18.22	24.14	24.79	23.50	24.56	   163.55	264169456	  0.53	服饰	广东	5.25	24.16	53186	56141	  0.95	367	113	--  	          0.60	
300592	华凯创意	1.09	36.06	0.39	36.06	36.07	51194	1490	0.16	         16.73	35.41	36.22	34.80	35.67	   117.12	182055568	  0.64	软件服务	湖南	3.98	35.56	24331	26863	  0.91	159	15	--  	          0.31	
300593	新雷能	1.41	41.75	0.58	41.74	41.75	42540	555	-0.04	         14.72	41.04	42.07	39.40	41.17	    96.59	173674848	  0.65	电气设备	北京	6.49	40.83	22569	19970	  1.13	30	17	--  	          0.29	
300595	欧普康视	4.17	121.88	4.88	121.88	121.89	27014	477	0.18	         15.89	115.18	122.48	115.18	117.00	    72.68	322172768	  0.92	医疗保健	安徽	6.24	119.26	12007	15007	  0.80	40	1	--  	          0.17	
300596	利安隆	1.20	44.79	0.53	44.79	44.80	36092	888	0.24	         12.03	44.30	44.79	42.90	44.26	    54.88	158654768	  0.63	化工原料	天津	4.27	43.96	17331	18761	  0.92	136	163	--  	          0.30	
300597	吉大通信	1.73	28.18	0.48	28.18	28.19	93800	2460	0.00	         15.63	27.72	28.24	26.80	27.70	   140.10	258437344	  0.51	通信设备	吉林	5.20	27.55	46627	47173	  0.99	892	142	--  	          0.60	
300598	诚迈科技	1.75	56.90	0.98	56.90	56.91	35816	643	-0.03	         17.91	55.00	56.97	53.40	55.92	   103.94	197518480	  0.93	软件服务	江苏	6.38	55.15	17121	18695	  0.92	174	16	--  	          0.20	
300599	雄塑科技	1.49	26.65	0.39	26.65	26.66	129794	3473	-0.03	         17.08	25.89	26.75	25.00	26.26	    83.95	336396480	  0.66	塑料	广东	6.66	25.92	62660	67133	  0.93	984	94	--  	          0.76	
300600	瑞特股份	6.49	71.08	4.33	71.08	71.09	37663	899	0.12	         15.07	67.13	71.18	67.10	66.75	    62.04	260346768	  1.01	电气设备	江苏	6.11	69.12	15737	21926	  0.72	94	15	--  	          0.25	
300601	康泰生物	-2.19	36.64	-0.82	36.63	36.64	141273	2652	0.32	         33.64	36.69	37.40	34.48	37.46	   151.80	511341792	  1.77	生物制药	深圳	7.79	36.20	73218	68054	  1.08	172	253	--  	          0.42	
300602	飞荣达	1.46	61.24	0.88	61.23	61.24	33608	688	0.21	         13.44	59.80	61.39	58.70	60.36	    60.58	201821552	  0.74	元器件	深圳	4.46	60.05	15767	17840	  0.88	13	86	--  	          0.25	
300603	立昂技术	3.41	45.50	1.50	45.49	45.50	83993	1689	-0.04	         32.68	43.96	45.75	43.90	44.00	   213.56	377874112	  0.64	通信设备	新疆	4.20	44.99	35776	48216	  0.74	202	96	--  	          0.26	
300605	恒锋信息	2.68	49.50	1.29	49.48	49.50	33074	1168	0.54	         15.75	47.80	49.50	47.08	48.21	   106.51	159872800	  0.70	软件服务	福建	5.02	48.34	15288	17786	  0.86	30	409	--  	          0.21	
300606	金太阳	1.92	45.04	0.85	45.03	45.04	45606	615	0.02	         20.45	44.02	45.28	43.31	44.19	    99.92	203018448	  0.76	矿物制品	广东	4.46	44.52	18619	26986	  0.69	1575	50	--  	          0.22	
300607	拓斯达	3.25	82.35	2.59	82.35	82.36	32916	1002	0.09	         18.17	79.00	82.73	79.00	79.76	    95.23	267052256	  0.69	专用机械	广东	4.68	81.13	15203	17713	  0.86	135	11	--  	          0.18	
300608	思特奇	0.86	70.05	0.60	70.04	70.05	25061	436	-0.05	         14.87	69.60	70.20	67.11	69.45	--  	172449856	  0.78	软件服务	北京	4.45	68.81	12272	12788	  0.96	1	77	--  	          0.17	
300609	汇纳科技	9.99	65.04	5.91	65.04	--  	170290	172	0.00	         68.12	65.04	65.04	60.58	59.13	   134.66	1078722816	177.39	互联网	上海	7.54	63.35	102005	68284	  1.49	5893	0	--  	          0.25	
300610	晨化股份	1.11	43.70	0.48	43.69	43.70	34837	613	0.00	         13.93	43.21	43.85	41.77	43.22	    71.75	149537856	  0.60	化工原料	江苏	4.81	42.92	17609	17228	  1.02	74	36	--  	          0.25	
300611	美力科技	-1.45	54.52	-0.80	54.51	54.52	68165	1173	0.16	         30.47	55.32	55.77	52.85	55.32	   112.99	366218208	  1.40	机械基件	浙江	5.28	53.73	36805	31359	  1.17	291	205	--  	          0.22	
300612	宣亚国际	3.68	87.92	3.12	87.91	87.92	50228	1316	-0.15	         27.90	84.70	90.98	83.00	84.80	   171.55	433165312	  0.80	广告包装	北京	9.41	86.24	23579	26648	  0.88	14	43	--  	          0.18	
300613	富瀚微	4.80	294.50	13.50	294.50	294.54	47187	1028	0.50	         42.47	296.02	304.88	281.13	281.00	   117.03	1371012864	  1.68	半导体	上海	8.45	290.55	22585	24602	  0.92	131	1	--  	          0.11	
300615	欣天科技	1.68	58.58	0.97	58.58	58.59	30479	874	0.01	         15.24	57.10	58.60	56.03	57.61	    79.08	175037504	  0.51	元器件	深圳	4.46	57.43	14572	15906	  0.92	125	118	--  	          0.20	
300616	尚品宅配	10.00	114.59	10.42	114.59	--  	187	2	0.00	          0.07	114.59	114.59	114.59	104.17	    48.44	2142833	0.00	家居用品	广东	0.00	114.59	165	22	  7.50	16899	0	--  	          0.27	
300617	安靠智电	10.01	82.78	7.53	82.78	--  	914	22	0.00	          0.55	82.78	82.78	82.78	75.25	    76.04	7562202	0.00	电气设备	江苏	0.00	82.78	805	108	  7.45	9765	0	--  	          0.17	
300618	寒锐钴业	10.02	28.88	2.63	28.88	--  	65	2	0.00	          0.02	28.88	28.88	28.88	26.25	    52.06	186478	0.00	小金属	江苏	0.00	28.88	64	0	--  	38156	0	--  	          0.30	
300619	金银河	10.00	33.88	3.08	33.88	--  	118	3	0.00	          0.06	33.88	33.88	33.88	30.80	    58.68	399784	0.00	专用机械	广东	0.00	33.88	113	5	 22.60	16363	0	--  	          0.19	
300620	光库科技	10.02	18.11	1.65	18.11	--  	12	5	0.00	          0.01	18.11	18.11	18.11	16.46	    32.15	21732	0.00	元器件	广东	0.00	18.11	10	2	  5.00	55456	0	--  	          0.22	
600908	无锡银行	-0.07	13.92	-0.01	13.92	13.93	153208	118	0.28	          8.29	13.98	14.09	13.67	13.93	    27.63	212666784	  0.43	银行	江苏	3.02	13.88	73544	79664	  0.92	22	8	--  	          1.85	
600909	华安证券	-0.76	11.70	-0.09	11.68	11.69	530394	186	0.08	          6.63	11.65	11.74	11.41	11.79	    61.83	615110976	  0.69	证券	安徽	2.80	11.60	270107	260287	  1.04	2194	49	--  	          8.00	
600919	江苏银行	0.40	10.04	0.04	10.04	10.05	306419	44	0.19	          2.65	9.99	10.05	9.91	10.00	    10.50	305591456	  0.64	银行	江苏	1.40	9.97	163845	142573	  1.15	234	2188	--  	         11.54	
600926	杭州银行	1.44	22.58	0.32	22.56	22.60	161774	119	0.40	          6.18	22.10	22.61	21.83	22.26	    13.20	359509952	  0.94	银行	浙江	3.50	22.22	77000	84774	  0.91	14	20	--  	          2.62	
600936	广西广电	-1.30	12.16	-0.16	12.15	12.16	106641	20	0.08	          3.55	12.21	12.21	11.95	12.32	    54.86	128866456	  0.69	影视音像	广西	2.11	12.08	54855	51785	  1.06	461	45	--  	          3.00	
600939	重庆建工	8.19	16.78	1.27	16.75	16.76	1232781	7	0.35	         67.92	17.06	17.06	16.00	15.51	   103.77	2037821952	100.72	建筑施工	重庆	6.83	16.53	603939	628841	  0.96	11421	9	--  	          1.82	
600977	中国电影	1.55	23.55	0.36	23.53	23.54	123305	21	-0.12	          2.64	23.10	23.74	22.88	23.19	    47.75	288981376	  0.97	影视音像	北京	3.71	23.44	56947	66357	  0.86	31	56	--  	          4.67	
600996	贵广网络	-0.67	17.77	-0.12	17.77	17.78	190860	93	-0.05	          9.09	17.88	17.88	17.18	17.89	    33.21	335298624	  0.65	影视音像	贵州	3.91	17.57	103074	87786	  1.17	39	56	--  	          2.10	
601020	华钰矿业	0.85	35.41	0.30	35.40	35.42	44919	7	-0.08	          8.64	35.00	35.52	34.05	35.11	   131.92	156900992	  0.88	铅锌	西藏	4.19	34.93	21843	23075	  0.95	3	5	--  	          0.52	
601127	小康股份	0.30	26.41	0.08	26.41	26.42	29749	90	0.11	          2.09	26.30	26.42	25.90	26.33	    60.85	77903032	  0.53	汽车配件	重庆	1.97	26.19	14439	15310	  0.94	33	95	--  	          1.43	
601128	常熟银行	-1.15	12.87	-0.15	12.85	12.86	214358	91	0.23	          9.64	12.91	13.03	12.66	13.02	    27.68	274935872	  0.47	银行	江苏	2.84	12.83	117572	96786	  1.21	757	946	--  	          2.22	
601163	三角轮胎	0.41	31.77	0.13	31.76	31.77	51039	13	-0.03	          2.55	31.57	31.79	31.02	31.64	    33.59	160296384	  0.81	汽车配件	山东	2.43	31.41	24746	26293	  0.94	102	36	--  	          2.00	
601212	白银有色	9.99	10.68	0.97	10.68	--  	4362590	30	0.00	         62.50	10.68	10.68	10.01	9.71	   247.77	4577934336	 91.81	铜	甘肃	6.90	10.49	2781614	1580976	  1.76	40335	0	--  	          6.98	
601229	上海银行	-0.17	23.60	-0.04	23.59	23.60	177041	100	0.12	          2.95	23.59	23.63	23.36	23.64	     9.74	415681376	  0.90	银行	上海	1.14	23.48	86327	90713	  0.95	269	66	--  	          6.00	
601375	中原证券	-1.82	10.76	-0.20	10.74	10.75	1008111	565	0.18	         14.40	10.70	10.85	10.41	10.96	    57.60	1072776128	  0.68	证券	河南	4.01	10.64	554833	453277	  1.22	3365	130	--  	          7.00	
601500	通用股份	0.65	20.05	0.13	20.04	20.06	149090	140	0.30	          8.52	19.87	20.18	19.71	19.92	    82.56	297501376	  1.05	汽车配件	江苏	2.36	19.95	74197	74893	  0.99	98	68	--  	          1.75	
601595	上海电影	2.61	37.75	0.96	37.74	37.75	66423	36	0.02	          7.10	36.79	38.15	36.43	36.79	    59.44	249001456	  1.40	影视音像	上海	4.68	37.49	28891	37532	  0.77	31	240	--  	          0.94	
601611	中国核建	0.59	17.12	0.10	17.12	17.13	135926	63	0.05	          2.59	17.02	17.15	16.81	17.02	    67.00	231335952	  0.69	建筑施工	北京	2.00	17.02	70774	65152	  1.09	384	130	--  	          5.25	
601811	新华文轩	-0.58	22.14	-0.13	22.15	22.16	43282	14	-0.09	          4.38	22.14	22.25	21.76	22.27	    42.57	95112000	  0.58	出版业	四川	2.20	21.98	23730	19551	  1.21	35	46	--  	          0.99	
601858	中国科传	-0.98	20.21	-0.20	20.20	20.21	232274	105	0.04	         17.80	20.01	20.29	19.25	20.41	   130.12	461172480	  0.63	出版业	北京	5.10	19.85	119579	112695	  1.06	86	203	--  	          1.31	
601881	中国银河	-0.75	13.21	-0.10	13.19	13.20	468143	9	0.07	          7.80	13.12	13.25	12.92	13.31	    28.30	613373440	  0.71	证券	北京	2.48	13.10	240631	227511	  1.06	2132	960	--  	          6.00	
601882	海天精工	3.02	26.98	0.79	26.99	27.00	101123	90	-0.03	         19.37	26.10	27.26	25.05	26.19	   207.39	268324768	  0.84	机床制造	浙江	8.44	26.53	48283	52839	  0.91	80	692	--  	          0.52	
601966	玲珑轮胎	0.42	26.39	0.11	26.38	26.39	37631	1	0.11	          1.88	26.30	26.41	25.91	26.28	    30.59	98455288	  0.76	汽车配件	山东	1.90	26.16	18780	18850	  1.00	96	46	--  	          2.00	
601997	贵阳银行	0.29	17.46	0.05	17.46	17.47	123223	4	0.11	          2.46	17.35	17.53	17.12	17.41	    11.16	213488656	  0.56	银行	贵州	2.35	17.33	62891	60331	  1.04	16	1958	--  	          5.00	
603007	花王股份	-2.16	60.63	-1.34	60.60	60.61	67872	46	0.04	         20.35	61.00	61.46	59.99	61.97	    98.11	411718976	  0.71	建筑施工	江苏	2.37	60.66	36244	31628	  1.15	158	9	--  	          0.33	
603016	新宏泰	0.92	38.53	0.35	38.53	38.54	24549	15	-0.02	          6.63	38.12	38.65	37.50	38.18	    87.47	93745328	  0.96	电气设备	江苏	3.01	38.19	11502	13047	  0.88	38	70	--  	          0.37	
603028	赛福天	2.97	24.62	0.71	24.61	24.62	55768	87	0.16	         10.10	23.93	24.65	23.83	23.91	   138.62	135700256	  1.66	钢加工	江苏	3.43	24.33	25369	30399	  0.83	50	12	--  	          0.55	
603029	天鹅股份	0.61	52.37	0.32	52.51	52.60	54728	29	0.51	         23.45	52.26	52.99	51.01	52.05	   206.18	284743104	  0.82	专用机械	山东	3.80	52.03	26837	27890	  0.96	31	80	--  	          0.23	
603031	安德利	2.27	55.89	1.24	55.90	55.91	21184	13	0.01	         10.59	54.58	56.47	54.21	54.65	   107.87	118004824	  0.86	百货	安徽	4.14	55.71	10235	10948	  0.93	165	5	--  	          0.20	
603032	德新交运	3.00	34.32	1.00	34.30	34.33	50533	50	0.14	         15.16	33.28	34.61	32.70	33.32	    80.82	170346240	  0.47	公路	新疆	5.73	33.71	24675	25858	  0.95	8	9	--  	          0.33	
603033	三维股份	3.09	51.97	1.56	51.97	51.99	44390	9	0.15	         19.56	50.49	52.00	49.42	50.41	    60.65	226271984	  1.35	橡胶	浙江	5.12	50.97	21116	23274	  0.91	11	3	--  	          0.23	
603035	常熟汽饰	1.50	28.46	0.42	28.47	28.48	88909	68	0.03	         12.70	28.00	28.48	27.30	28.04	    37.60	248707216	  0.58	汽车配件	江苏	4.21	27.97	41759	47150	  0.89	17	34	--  	          0.70	
603036	如通股份	-2.53	35.45	-0.92	35.45	35.47	105233	107	0.39	         20.70	35.85	36.10	34.50	36.37	   113.41	370056512	  0.73	专用机械	江苏	4.40	35.17	57047	48186	  1.18	65	54	--  	          0.51	
603037	凯众股份	3.76	56.05	2.03	56.00	56.02	29280	2	0.03	         14.64	54.00	56.09	53.00	54.02	    52.02	160346256	  1.16	汽车配件	上海	5.72	54.76	13938	15342	  0.91	10	83	--  	          0.20	
603038	华立股份	1.06	66.68	0.70	66.67	66.68	21232	8	-0.01	         12.71	65.31	66.80	64.06	65.98	    45.52	139872176	  1.03	装修装饰	广东	4.15	65.88	9892	11340	  0.87	5	8	--  	          0.17	
603039	泛微网络	1.92	82.36	1.55	82.33	82.37	15377	20	-0.04	          9.22	80.82	82.43	79.01	80.81	   109.97	124458392	  0.70	软件服务	上海	4.23	80.94	7047	8329	  0.85	3	28	--  	          0.17	
603040	新坐标	6.65	72.51	4.52	72.49	72.50	60919	66	-0.01	         40.61	67.71	73.91	67.71	67.99	    97.78	433498304	  1.83	机械基件	浙江	9.12	71.16	23884	37034	  0.64	13	41	--  	          0.15	
603058	永吉股份	3.28	29.25	0.93	29.29	29.30	47376	7	0.34	         11.24	28.60	29.51	27.50	28.32	   137.49	135391104	  0.69	广告包装	贵州	7.10	28.58	22839	24537	  0.93	7	58	--  	          0.42	
603060	国检集团	2.04	37.03	0.74	37.02	37.03	110304	81	0.08	         20.06	35.90	37.33	35.30	36.29	    71.88	401461664	  1.49	建筑施工	北京	5.59	36.40	57005	53298	  1.07	37	10	--  	          0.55	
603067	振华股份	0.31	29.07	0.09	29.07	29.08	50866	27	0.10	          9.25	28.86	29.18	28.12	28.98	    65.52	146394112	  0.71	化工原料	湖北	3.66	28.78	26705	24161	  1.11	1	57	--  	          0.55	
603069	海汽集团	0.00	18.22	0.00	18.23	18.24	40757	28	-0.05	          5.16	18.17	18.43	17.92	18.22	    81.66	74025736	  0.69	公路	海南	2.80	18.16	22310	18446	  1.21	43	284	--  	          0.79	
603089	正裕工业	2.38	43.80	1.02	43.80	43.81	35885	31	0.20	         13.46	42.50	43.82	41.81	42.78	    52.97	154036960	  0.76	汽车配件	浙江	4.70	42.92	15755	20130	  0.78	636	34	--  	          0.27	
603090	宏盛股份	1.21	47.79	0.57	47.79	47.80	71448	39	0.65	         28.58	47.67	47.99	45.99	47.22	   123.59	336795264	  2.76	专用机械	江苏	4.24	47.14	35368	36079	  0.98	18	112	--  	          0.25	
603098	森特股份	10.02	27.89	2.54	27.89	--  	153712	10	0.00	         24.59	25.12	27.89	24.67	25.35	    59.73	407488992	  1.05	装修装饰	北京	12.70	26.51	75206	78506	  0.96	33672	0	--  	          0.63	
603101	汇嘉时代	-0.45	24.23	-0.11	24.22	24.24	35970	5	0.12	          5.99	24.35	24.35	23.71	24.34	    72.06	86257984	  0.61	百货	新疆	2.63	23.98	19438	16531	  1.18	9	12	--  	          0.60	
603131	上海沪工	2.17	54.03	1.15	54.04	54.07	19205	17	-0.03	          7.68	52.86	54.07	51.69	52.88	    80.48	102461704	  1.60	专用机械	上海	4.50	53.35	8754	10450	  0.84	14	33	--  	          0.25	
603138	海量数据	10.01	23.18	2.11	23.18	--  	93	10	0.00	          0.05	23.18	23.18	23.18	21.07	    43.59	215481	0.00	软件服务	北京	0.00	23.18	80	12	  6.67	40898	0	--  	          0.21	
603159	上海亚虹	-0.62	59.73	-0.37	59.67	59.68	57029	78	0.48	         22.81	59.21	60.45	58.30	60.10	   164.41	338504832	  0.58	专用机械	上海	3.58	59.36	32235	24793	  1.30	10	4	--  	          0.25	
603160	汇顶科技	2.70	106.65	2.80	106.63	106.64	24831	34	0.08	          5.52	104.88	106.88	103.80	103.85	    59.10	261743904	  0.90	元器件	深圳	2.97	105.41	10496	14335	  0.73	5	80	--  	          0.45	
603165	荣晟环保	1.15	42.36	0.48	42.38	42.39	34801	92	-0.14	         10.99	41.78	42.47	40.81	41.88	    55.96	145122736	  0.63	造纸	浙江	3.96	41.70	15134	19666	  0.77	160	154	--  	          0.32	
603177	德创环保	0.91	30.94	0.28	30.94	30.97	118389	292	0.29	         23.44	30.20	30.97	29.32	30.66	   150.88	356081280	  0.48	环境保护	浙江	5.38	30.08	55288	63101	  0.88	103	12	--  	          0.51	
603186	华正新材	6.35	49.77	2.97	49.78	49.79	46085	99	1.15	         14.25	46.43	49.96	46.17	46.80	    70.94	223606544	  1.34	元器件	浙江	8.10	48.52	20978	25106	  0.84	2	99	--  	          0.32	
603189	网达软件	1.01	36.98	0.37	36.95	36.99	123223	43	-0.08	         22.32	36.12	37.45	35.15	36.61	   306.73	443226272	  1.59	软件服务	上海	6.28	35.97	63899	59324	  1.08	33	60	--  	          0.55	
603203	快克股份	6.03	63.63	3.62	63.65	63.66	28546	23	0.11	         12.41	59.63	63.78	59.63	60.01	    63.74	178006720	  1.89	专用机械	江苏	6.92	62.36	11582	16963	  0.68	111	4	--  	          0.23	
603208	江山欧派	4.27	65.74	2.69	65.77	65.78	35694	23	-0.01	         17.66	62.03	65.99	61.72	63.05	    47.37	228055008	  0.80	家居用品	浙江	6.77	63.89	15788	19905	  0.79	8	3	--  	          0.20	
603218	日月股份	-0.99	49.01	-0.49	49.02	49.03	60634	37	-0.10	         14.79	49.50	49.70	48.20	49.50	    60.83	296160928	  0.49	工程机械	浙江	3.03	48.84	30784	29850	  1.03	5	4	--  	          0.41	
603228	景旺电子	1.52	51.31	0.77	51.32	51.33	47090	17	0.11	          9.81	50.09	51.54	49.63	50.54	    38.33	238895456	  0.76	元器件	深圳	3.78	50.73	22437	24653	  0.91	1	4	--  	          0.48	
603238	诺邦股份	-1.12	48.35	-0.55	48.37	48.38	80835	26	0.12	         26.94	47.93	48.80	46.00	48.90	    94.45	382216192	  1.20	纺织	浙江	5.73	47.28	41553	39281	  1.06	1	48	--  	          0.30	
603239	浙江仙通	2.42	84.33	1.99	84.30	84.38	10815	2	0.14	          4.79	81.52	84.94	81.52	82.34	    71.29	90379264	  1.02	汽车配件	浙江	4.15	83.57	5348	5467	  0.98	1	2	--  	          0.23	
603258	电魂网络	4.94	60.29	2.84	60.29	60.30	73360	28	0.08	         12.23	57.50	60.60	56.46	57.45	    54.88	432961056	  2.15	互联网	浙江	7.21	59.02	32258	41102	  0.78	295	28	--  	          0.60	
603266	天龙股份	5.99	46.18	2.61	46.18	46.19	51462	24	-0.21	         20.58	43.62	46.46	42.81	43.57	    56.42	232647888	  1.58	塑料	浙江	8.38	45.21	21441	30020	  0.71	7	12	--  	          0.25	
603298	杭叉集团	1.67	29.21	0.48	29.20	29.21	145908	87	0.06	         16.84	28.65	29.48	27.62	28.73	    43.34	418835200	  0.61	专用机械	浙江	6.47	28.71	71263	74645	  0.95	40	17	--  	          0.87	
603313	梦百合	0.46	37.43	0.17	37.41	37.42	39779	67	0.00	          6.63	37.06	37.57	36.50	37.26	    47.48	147702624	  0.73	家居用品	江苏	2.87	37.13	19270	20508	  0.94	5	135	--  	          0.60	
603319	湘油泵	1.41	53.27	0.74	53.23	53.28	34576	82	-0.18	         17.09	52.85	53.52	51.75	52.53	    86.25	182925360	  1.17	汽车配件	湖南	3.37	52.91	16783	17792	  0.94	5	9	--  	          0.20	
603322	超讯通信	3.03	91.00	2.68	91.01	91.02	54394	5	0.00	         27.20	88.48	91.23	85.11	88.32	   336.76	487655360	  0.76	通信设备	广东	6.93	89.65	29333	25060	  1.17	3	6	--  	          0.20	
603323	吴江银行	-1.81	18.96	-0.35	18.92	18.95	175787	111	0.15	         15.77	19.15	19.40	18.72	19.31	    28.16	333159168	  0.51	银行	江苏	3.52	18.95	95942	79845	  1.20	834	80	--  	          1.12	
603330	上海天洋	4.65	70.73	3.14	70.75	70.77	38440	13	0.04	         25.63	67.50	71.19	66.90	67.59	    79.88	267691264	  1.33	塑料	上海	6.35	69.64	18053	20386	  0.89	10	3	--  	          0.15	
603336	宏辉果蔬	1.47	42.87	0.62	42.89	42.90	40012	33	0.16	         12.00	41.82	43.05	41.28	42.25	    95.44	169495648	  0.79	农业综合	广东	4.19	42.36	18614	21398	  0.87	63	149	--  	          0.33	
603337	杰克股份	1.36	38.64	0.52	38.64	38.65	52843	15	0.00	         10.23	38.18	38.75	37.38	38.12	    37.47	202075488	  0.65	纺织机械	浙江	3.59	38.24	26846	25997	  1.03	168	17	--  	          0.52	
603339	四方冷链	1.09	34.32	0.37	34.30	34.36	27122	22	0.17	          5.25	34.07	34.38	33.35	33.95	    64.72	91965712	  1.02	专用机械	江苏	3.03	33.91	11973	15148	  0.79	21	101	--  	          0.52	
603345	安井食品	2.89	44.22	1.24	44.24	44.25	192639	93	0.24	         35.67	42.98	44.84	42.36	42.98	    56.26	845513344	  1.73	食品	福建	5.77	43.89	93327	99312	  0.94	38	4	--  	          0.54	
603358	华达科技	1.02	64.31	0.65	64.27	64.30	44377	5	-0.03	         11.09	63.78	64.50	61.71	63.66	    38.42	280234944	  0.87	汽车配件	江苏	4.38	63.15	20739	23638	  0.88	6	26	--  	          0.40	
603360	百傲化学	3.50	41.72	1.41	41.65	41.75	70679	81	-0.52	         21.20	39.97	42.10	39.82	40.31	    57.47	289666464	  0.57	化工原料	辽宁	5.66	40.98	30206	40472	  0.75	16	20	--  	          0.33	
603389	亚振家居	6.79	30.66	1.95	30.64	30.65	212644	1	-0.06	         38.84	29.13	31.20	29.13	28.71	   120.51	643851840	  1.06	家居用品	江苏	7.21	30.28	100852	111791	  0.90	60	44	--  	          0.55	
603393	新天然气	0.66	51.78	0.34	51.79	51.80	18000	2	0.01	          4.50	51.36	51.83	50.31	51.44	    51.95	92132160	  0.68	供气供热	新疆	2.95	51.18	9053	8947	  1.01	33	28	--  	          0.40	
603416	信捷电气	3.42	60.18	1.99	60.17	60.18	32766	85	0.04	         13.05	58.27	60.48	58.07	58.19	    70.39	194137792	  0.81	电气设备	江苏	4.14	59.25	14402	18364	  0.78	30	337	--  	          0.25	
603421	鼎信通讯	0.10	39.14	0.04	39.10	39.16	26572	187	0.12	          6.12	38.91	39.16	38.12	39.10	    62.67	102579144	  0.84	通信设备	山东	2.66	38.60	14045	12527	  1.12	1	54	--  	          0.43	
603429	集友股份	6.61	80.98	5.02	80.99	81.00	23137	19	-0.01	         13.61	75.27	81.40	74.16	75.96	   123.98	180870480	  1.34	广告包装	安徽	9.53	78.17	8003	15134	  0.53	52	316	--  	          0.17	
603444	吉比特	10.00	358.53	32.59	358.53	--  	27993	2	0.00	         15.73	327.21	358.53	323.50	325.94	    41.46	958321408	  1.06	互联网	福建	10.75	342.34	11170	16823	  0.66	2843	0	--  	          0.18	
603515	欧普照明	0.91	37.54	0.34	37.57	37.58	35264	107	0.48	          6.08	36.89	37.60	36.36	37.20	    54.56	130711736	  0.99	电气设备	上海	3.33	37.07	17952	17311	  1.04	8	18	--  	          0.58	
603528	多伦科技	0.85	69.90	0.59	69.89	69.90	30188	53	0.21	          5.84	68.89	69.94	68.17	69.31	    44.30	208817888	  1.14	软件服务	江苏	2.55	69.17	15558	14629	  1.06	15	29	--  	          0.52	
603556	海兴电力	0.38	44.47	0.17	44.47	44.48	33991	20	0.06	          3.64	44.10	44.50	43.30	44.30	    34.39	149288400	  0.78	电器仪表	浙江	2.71	43.92	16508	17483	  0.94	4	41	--  	          0.93	
603559	中通国脉	2.85	59.46	1.65	59.50	59.51	45550	55	0.96	         20.70	55.56	59.95	55.56	57.81	   179.82	264084000	  0.99	通信设备	吉林	7.59	57.98	22267	23283	  0.96	323	4	--  	          0.22	
603569	长久物流	-0.42	38.24	-0.16	38.19	38.22	19104	3	0.10	          4.77	38.08	38.32	37.13	38.40	    50.24	72061464	  0.94	仓储物流	北京	3.10	37.72	9551	9552	  1.00	77	45	--  	          0.40	
603577	汇金通	9.23	49.68	4.20	49.67	49.70	117718	198	0.38	         40.34	45.00	50.00	44.30	45.48	    94.30	555438144	  1.00	钢加工	山东	12.53	47.18	50830	66888	  0.76	1	764	--  	          0.29	
603578	三星新材	10.02	28.44	2.59	28.44	--  	165	10	0.00	          0.08	28.44	28.44	28.44	25.85	    52.46	470170	0.00	玻璃	浙江	0.00	28.44	136	29	  4.69	20603	0	--  	          0.22	
603579	荣泰健康	5.08	140.99	6.82	140.99	141.06	39157	58	0.02	         22.38	136.00	143.99	135.88	134.17	    47.76	549262848	  1.18	医疗保健	上海	6.04	140.27	17159	21998	  0.78	5	9	--  	          0.18	
603585	苏利股份	2.31	71.78	1.62	71.83	71.88	23677	20	-0.16	          9.47	70.00	71.99	69.10	70.16	    41.28	167327088	  1.07	化工原料	江苏	4.12	70.67	10413	13263	  0.79	9	158	--  	          0.25	
603603	博天环境	-2.22	39.12	-0.89	39.09	39.11	179732	145	0.33	         44.92	38.02	39.97	37.81	40.01	   127.80	697175296	  3.09	环境保护	北京	5.40	38.79	94582	85150	  1.11	21	4	--  	          0.40	
603615	茶花股份	0.03	30.43	0.01	30.45	30.46	88231	7	-0.03	         14.71	30.18	30.64	29.06	30.42	    73.46	263656576	  0.58	塑料	福建	5.19	29.88	43977	44253	  0.99	0	34	--  	          0.60	
603626	科森科技	1.38	45.69	0.62	45.67	45.68	56131	17	0.19	         10.66	45.07	45.86	43.70	45.07	    57.71	251302912	  0.58	专用机械	江苏	4.79	44.77	26971	29159	  0.92	36	3	--  	          0.53	
603628	清源股份	2.92	35.90	1.02	35.80	36.00	245823	356	0.81	         35.91	35.15	36.52	33.50	34.88	   151.24	862635712	  0.94	电气设备	福建	8.66	35.09	114477	131346	  0.87	94	131	--  	          0.68	
603633	徕木股份	1.13	39.47	0.44	39.48	39.49	57094	72	0.05	         18.97	39.20	39.88	38.47	39.03	    93.48	223812688	  1.46	元器件	上海	3.61	39.20	28943	28151	  1.03	298	41	--  	          0.30	
603637	镇海股份	5.18	45.08	2.22	45.07	45.09	64972	39	-0.06	         25.40	42.48	45.15	42.45	42.86	    71.20	285982720	  1.17	建筑施工	浙江	6.30	44.02	27867	37104	  0.75	7	3	--  	          0.26	
603638	艾迪精密	0.59	32.28	0.19	32.27	32.28	66388	336	0.09	         15.09	31.80	32.30	30.61	32.09	    74.22	209545776	  0.61	专用机械	山东	5.27	31.56	31912	34476	  0.93	47	228	--  	          0.44	
603639	海利尔	1.41	56.76	0.79	56.74	56.75	30752	13	0.10	         10.25	55.75	56.94	54.86	55.97	    36.95	172005648	  0.94	农药化肥	山东	3.72	55.93	15709	15043	  1.04	21	45	--  	          0.30	
603658	安图生物	-0.28	49.04	-0.14	49.05	49.08	19589	3	0.12	          4.66	48.73	49.44	48.19	49.18	    58.89	95752664	  0.57	医疗保健	河南	2.54	48.88	10676	8912	  1.20	67	1	--  	          0.42	
603660	苏州科达	0.64	34.82	0.22	34.81	34.84	35554	5	0.34	          7.11	34.10	34.89	33.50	34.60	   276.02	121663032	  0.80	通信设备	江苏	4.02	34.22	18338	17215	  1.07	194	5	--  	          0.50	
603663	三祥新材	1.34	35.43	0.47	35.42	35.45	23340	91	0.48	          6.96	35.05	35.45	33.61	34.96	   112.70	80907248	  0.86	矿物制品	福建	5.26	34.66	11030	12310	  0.90	15	21	--  	          0.34	
603667	五洲新春	7.11	38.28	2.54	38.22	38.27	133902	124	0.07	         26.46	35.80	38.99	35.42	35.74	    86.25	501304416	  1.14	机械基件	浙江	9.99	37.44	62055	71847	  0.86	1	2	--  	          0.51	
603668	天马科技	1.54	28.36	0.43	28.36	28.37	102361	99	0.00	         19.31	27.66	28.44	26.32	27.93	    71.12	282705888	  0.67	饲料	福建	7.59	27.62	49806	52554	  0.95	43	77	--  	          0.53	
603677	奇精机械	0.95	64.57	0.61	64.55	64.56	18790	32	-0.03	          9.39	63.60	64.86	62.05	63.96	    63.13	119528592	  0.69	机械基件	浙江	4.39	63.61	8907	9882	  0.90	7	4	--  	          0.20	
603689	皖天然气	-2.32	22.75	-0.54	22.79	22.80	206544	161	-0.52	         24.59	22.60	23.20	21.90	23.29	    82.24	466691168	  0.60	供气供热	安徽	5.58	22.60	113729	92814	  1.23	41	106	--  	          0.84	
603690	至纯科技	-0.67	26.84	-0.18	26.82	26.84	105584	6	-0.07	         20.30	26.62	27.16	25.71	27.02	   116.81	279414432	  0.59	专用机械	上海	5.37	26.46	53886	51698	  1.04	4	1	--  	          0.52	
603701	德宏股份	0.88	56.00	0.49	55.97	55.99	13437	10	0.14	          6.86	55.50	56.00	54.80	55.51	    62.91	74522736	  1.00	汽车配件	浙江	2.16	55.46	6579	6857	  0.96	10	2	--  	          0.20	
603708	家家悦	1.36	29.02	0.39	29.01	29.03	69349	69	0.00	          7.71	28.45	29.07	28.02	28.63	    43.93	198026400	  0.75	超市连锁	山东	3.67	28.56	33949	35400	  0.96	58	79	--  	          0.90	
603716	塞力斯	3.58	117.36	4.06	117.33	117.35	11724	12	-0.11	          9.20	113.45	119.24	111.50	113.30	    86.75	135744608	  1.44	医药商业	湖北	6.83	115.78	5672	6052	  0.94	3	2	--  	          0.13	
603726	朗迪集团	2.37	50.99	1.18	50.99	51.00	24862	80	0.00	         10.50	49.79	51.00	48.00	49.81	    72.80	124445048	  1.11	机械基件	浙江	6.02	50.05	12430	12431	  1.00	2	615	--  	          0.24	
603727	博迈科	1.19	47.67	0.56	47.65	47.66	50779	15	-0.06	          8.65	47.10	47.76	45.90	47.11	    40.14	238129248	  0.71	石油开采	天津	3.95	46.90	23332	27447	  0.85	9	28	--  	          0.59	
603737	三棵树	0.01	71.23	0.01	71.24	71.25	9583	5	0.05	          3.83	71.09	72.49	69.80	71.22	   102.14	68039008	  0.53	染料涂料	福建	3.78	71.00	5235	4348	  1.20	8	16	--  	          0.25	
603738	泰晶科技	1.32	71.62	0.93	71.57	71.60	10640	7	0.12	          6.38	71.00	72.50	70.00	70.69	    90.91	75679464	  1.53	元器件	湖北	3.54	71.13	4368	6271	  0.70	1	1	--  	          0.17	
603777	来伊份	2.10	45.61	0.94	45.62	45.63	87322	72	0.13	         14.55	44.30	45.96	44.30	44.67	   102.41	395698816	  1.22	其他商业	上海	3.72	45.32	38952	48369	  0.81	40	30	--  	          0.60	
603779	威龙股份	-0.29	34.54	-0.10	34.55	34.56	38403	15	0.05	          7.65	34.40	34.65	33.90	34.64	   178.57	131658160	  0.58	红黄药酒	山东	2.17	34.28	19533	18869	  1.04	31	20	--  	          0.50	
603798	康普顿	7.04	59.48	3.91	59.51	59.53	27921	11	0.33	         11.17	55.58	60.66	55.58	55.57	    47.11	163388032	  2.37	石油加工	山东	9.14	58.52	11198	16723	  0.67	218	5	--  	          0.25	
603816	顾家家居	3.00	53.98	1.57	53.99	54.00	51808	6	0.03	          6.28	52.40	54.39	51.49	52.41	    39.80	277626176	  1.46	家居用品	浙江	5.53	53.59	23573	28234	  0.83	1	169	--  	          0.83	
603817	海峡环保	6.38	23.50	1.41	23.48	23.49	705944	162	0.81	         62.75	22.90	24.11	22.30	22.09	   125.22	1631983232	147.07	环境保护	福建	8.19	23.12	348933	357011	  0.98	123	44	--  	          1.13	
603819	神力股份	-1.15	42.02	-0.49	42.01	42.02	45877	6	0.14	         15.29	41.89	42.23	40.54	42.51	   109.02	190352192	  0.63	电气设备	江苏	3.98	41.49	24351	21525	  1.13	64	20	--  	          0.30	
603822	嘉澳环保	-2.46	58.32	-1.47	58.38	58.40	47972	8	0.62	         26.14	59.60	59.75	57.61	59.79	    99.74	279790592	  2.15	环境保护	浙江	3.58	58.32	26233	21738	  1.21	22	27	--  	          0.18	
603823	百合花	7.47	35.95	2.50	35.91	35.95	112903	340	1.29	         25.09	33.31	35.99	32.56	33.45	    53.98	387447904	  1.26	染料涂料	浙江	10.25	34.32	47981	64922	  0.74	39	85	--  	          0.45	
603839	安正时尚	1.12	41.63	0.46	41.62	41.63	94528	81	0.19	         13.27	41.30	41.79	39.02	41.17	    51.64	382808544	  0.71	服饰	浙江	6.73	40.50	45593	48934	  0.93	174	10	--  	          0.71	
603843	正平股份	-0.95	19.84	-0.19	19.84	19.85	59790	103	0.10	          6.00	19.99	20.00	19.33	20.03	   120.03	117632416	  0.58	建筑施工	青海	3.34	19.67	33653	26136	  1.29	64	246	--  	          1.00	
603858	步长制药	1.74	90.51	1.55	90.49	90.50	24707	42	0.06	          3.54	89.20	90.75	87.90	88.96	    36.78	221445872	  1.27	中成药	山东	3.20	89.63	11191	13516	  0.83	1	6	--  	          0.70	
603859	能科股份	-1.43	66.84	-0.97	66.70	66.79	22860	7	-0.22	          8.05	69.99	69.99	66.30	67.81	   641.29	154096848	  0.73	软件服务	北京	5.44	67.41	12709	10150	  1.25	4	104	--  	          0.28	
603861	白云电器	-0.07	28.36	-0.02	28.34	28.35	13978	1	0.07	          2.85	28.40	28.50	27.26	28.38	   127.18	39312900	  0.74	电气设备	广东	4.37	28.13	7251	6726	  1.08	36	24	--  	          0.49	
603868	飞科电器	2.57	48.28	1.21	48.24	48.29	45496	57	0.24	         10.43	47.29	48.59	46.82	47.07	    37.54	218283584	  2.15	家用电器	上海	3.76	47.98	18325	27170	  0.67	10	0	--  	          0.44	
603877	太平鸟	-0.53	39.19	-0.21	39.39	39.41	70387	22	-1.03	         12.80	39.03	39.95	38.06	39.40	    58.54	275959808	  0.76	服饰	浙江	4.80	39.21	32754	37633	  0.87	20	21	--  	          0.55	
603878	武进不锈	3.19	34.60	1.07	34.61	34.62	66099	103	0.00	         13.09	33.53	34.67	32.80	33.53	    58.71	224077728	  0.64	钢加工	江苏	5.58	33.90	29624	36474	  0.81	155	245	--  	          0.51	
603881	数据港	10.01	64.10	5.83	64.10	--  	99367	1	0.00	         18.87	61.18	64.10	60.47	58.27	   177.88	622914432	  0.45	互联网	上海	6.23	62.69	58480	40886	  1.43	16145	0	--  	          0.53	
603886	元祖股份	4.04	33.26	1.29	33.25	33.26	116669	38	0.00	         19.45	31.60	33.32	31.60	31.97	    40.47	379189664	  0.68	食品	上海	5.38	32.50	52436	64233	  0.82	14	71	--  	          0.60	
603887	城地股份	1.79	53.39	0.94	53.40	53.42	33345	35	0.20	         13.55	52.42	53.51	52.02	52.45	    79.87	176562528	  2.21	建筑施工	上海	2.84	52.95	16502	16842	  0.98	31	8	--  	          0.25	
603888	新华网	0.68	81.46	0.55	81.45	81.46	20105	7	0.23	          3.87	80.73	81.48	79.02	80.91	    78.88	161603472	  0.73	互联网	北京	3.04	80.38	9694	10411	  0.93	35	13	--  	          0.52	
603900	通灵珠宝	0.90	38.06	0.34	38.07	38.08	38343	64	-0.05	          6.31	37.69	38.17	36.88	37.72	    39.71	144115728	  0.65	服饰	江苏	3.42	37.59	19123	19219	  1.00	184	58	--  	          0.61	
603908	牧高笛	10.01	34.51	3.14	34.51	--  	30	1	0.00	          0.02	34.51	34.51	34.51	31.37	    48.47	103530	0.00	纺织	浙江	0.00	34.51	30	0	--  	11982	0	--  	          0.17	
603909	合诚股份	3.32	49.10	1.58	49.12	49.17	26189	21	0.16	         10.48	47.48	49.38	46.52	47.52	    94.85	126258896	  1.35	建筑施工	福建	6.02	48.21	11402	14787	  0.77	5	17	--  	          0.25	
603928	兴业股份	2.91	28.60	0.81	28.60	28.61	68655	2	0.03	         13.62	27.65	28.64	27.12	27.79	    51.46	192874464	  0.83	化工原料	江苏	5.47	28.09	32240	36414	  0.89	317	228	--  	          0.50	
603929	亚翔集成	2.57	33.97	0.85	33.95	33.96	89932	13	0.08	         16.85	32.78	34.11	31.96	33.12	    35.78	298753120	  0.86	装修装饰	江苏	6.49	33.22	39681	50251	  0.79	24	23	--  	          0.53	
603955	大千生态	10.01	24.17	2.20	24.17	--  	25	10	0.00	          0.01	24.17	24.17	24.17	21.97	    30.18	60425	0.00	建筑施工	江苏	0.00	24.17	25	0	--  	23224	0	--  	          0.22	
603958	哈森股份	1.99	29.26	0.57	29.26	29.29	32851	38	0.10	          6.04	28.71	29.35	28.36	28.69	    85.79	95288832	  1.01	服饰	江苏	3.45	29.01	14024	18826	  0.74	73	85	--  	          0.54	
603959	百利科技	1.21	28.48	0.34	28.46	28.48	34878	33	0.14	          6.23	28.00	28.55	27.50	28.14	    59.94	98060040	  1.31	建筑施工	湖南	3.73	28.11	16973	17905	  0.95	34	8	--  	          0.56	
603966	法兰泰克	2.92	32.03	0.91	32.01	32.03	71503	36	0.18	         17.88	30.90	32.10	30.05	31.12	   105.20	222602784	  0.61	机械基件	江苏	6.59	31.13	31332	40171	  0.78	42	5	--  	          0.40	
603977	国泰集团	1.55	28.84	0.44	28.86	28.87	83300	152	0.13	         15.07	28.19	28.86	27.31	28.40	    56.17	234268608	  0.89	化工原料	江西	5.46	28.12	43392	39908	  1.09	141	121	--  	          0.55	
603986	兆易创新	10.00	195.77	17.80	195.77	--  	18119	4	0.00	          7.25	195.77	195.77	195.77	177.97	   101.53	354712320	  0.29	半导体	北京	0.00	195.77	17906	212	 84.46	28046	0	--  	          0.25	
603987	康德莱	1.02	33.74	0.34	33.74	33.75	87831	35	0.02	         16.70	33.00	33.80	32.48	33.40	    69.61	292448160	  1.06	医疗保健	上海	3.95	33.30	46835	40996	  1.14	56	28	--  	          0.53	
603990	麦迪科技	1.08	56.17	0.60	56.18	56.19	26018	20	0.71	         13.01	55.61	56.78	54.45	55.57	   155.80	144756960	  1.26	软件服务	江苏	4.19	55.64	13620	12397	  1.10	2	178	--  	          0.20	
603991	至正股份	10.01	20.34	1.85	20.34	--  	77	10	0.00	          0.04	20.34	20.34	20.34	18.49	    40.48	156618	0.00	塑料	上海	0.00	20.34	76	1	 76.00	31081	0	--  	          0.19	
数据来源:通达信
