代码	名称	涨幅%%	现价	涨跌	买价	卖价	总量	现量	涨速%%	换手%%	今开	最高	最低	昨收	市盈(动)	总金额	量比	细分行业	地区	振幅%%	均价	内盘	外盘	内外比	买量	卖量	未匹配量	流通股(亿)	
000516	国际医学	--  	7.90	--  	--  	--  	0	0	--  	          0.00	--  	--  	--  	7.90	    60.08	0	  0.00	百货	陕西	0.00	7.90	0	0	--  	0	0	--  	         19.35	
000592	平潭发展	-0.16	6.41	-0.01	6.40	6.41	147737	1593	0.15	          0.77	6.43	6.43	6.30	6.42	   435.91	94164696	  1.14	林业	福建	2.02	6.37	85805	61932	  1.39	1210	1358	--  	         19.13	
000638	万方发展	-0.35	14.35	-0.05	14.35	14.36	43238	509	0.00	          1.40	14.31	14.35	14.00	14.40	   397.63	61409332	  0.41	批发业	辽宁	2.43	14.20	24402	18835	  1.30	202	113	--  	          3.09	
000700	模塑科技	1.08	8.45	0.09	8.44	8.45	49491	476	0.00	          0.71	8.36	8.47	8.32	8.36	    27.35	41644884	  1.19	汽车配件	江苏	1.79	8.41	22614	26877	  0.84	411	907	--  	          6.97	
000722	湖南发展	-0.39	15.52	-0.06	15.52	15.53	42426	528	-0.06	          0.91	15.53	15.60	15.20	15.58	    38.96	65419708	  0.46	水力发电	湖南	2.57	15.42	21529	20896	  1.03	346	211	--  	          4.64	
000919	金陵药业	0.07	13.75	0.01	13.74	13.75	26044	206	0.14	          0.52	13.74	13.80	13.52	13.74	    33.89	35573572	  1.28	化学制药	江苏	2.04	13.66	10980	15063	  0.73	18	30	--  	          5.03	
000990	诚志股份	-0.93	16.03	-0.15	16.02	16.03	23887	227	-0.06	          0.80	16.18	16.23	16.00	16.18	   181.31	38428912	  1.44	化工原料	江西	1.42	16.09	14588	9299	  1.57	57	83	--  	          2.97	
000999	华润三九	3.06	25.97	0.77	25.97	25.98	55634	452	0.07	          0.57	25.21	26.09	25.20	25.20	    21.22	143550336	  1.60	中成药	深圳	3.53	25.80	16191	39443	  0.41	121	189	--  	          9.78	
002004	华邦健康	0.58	8.66	0.05	8.65	8.66	105738	1715	0.11	          0.69	8.61	8.66	8.51	8.61	    21.61	90950784	  0.87	化学制药	重庆	1.74	8.60	50933	54805	  0.93	4113	1823	--  	         15.33	
002172	澳洋科技	0.19	10.58	0.02	10.57	10.58	40220	805	0.18	          0.73	10.56	10.65	10.47	10.56	    29.00	42490912	  0.59	化纤	江苏	1.70	10.56	22609	17611	  1.28	465	113	--  	          5.53	
002173	*ST创疗	2.32	19.83	0.45	19.82	19.83	23396	290	0.20	          1.14	19.38	19.94	19.32	19.38	   100.57	46130204	  1.57	农业综合	浙江	3.20	19.72	12280	11116	  1.10	10	441	--  	          2.06	
002219	恒康医疗	-0.70	12.70	-0.09	12.70	12.71	33404	206	0.15	          0.46	12.78	12.80	12.65	12.79	    88.02	42396236	  0.93	中成药	甘肃	1.17	12.69	20214	13190	  1.53	250	286	--  	          7.19	
002390	信邦制药	1.25	9.73	0.12	9.72	9.73	47852	301	0.00	          0.65	9.62	9.76	9.58	9.61	    62.21	46337096	  0.63	中成药	贵州	1.87	9.68	22079	25772	  0.86	249	1381	--  	          7.33	
002424	贵州百灵	-0.11	17.99	-0.02	17.99	18.00	29394	464	0.11	          0.40	18.01	18.09	17.80	18.01	    60.58	52702040	  1.01	中成药	贵州	1.61	17.93	16600	12793	  1.30	182	211	--  	          7.32	
002437	誉衡药业	0.48	8.30	0.04	8.30	8.31	132418	909	0.00	          0.62	8.26	8.33	8.23	8.26	    24.01	109820488	  0.45	化学制药	黑龙江	1.21	8.29	58276	74141	  0.79	3306	2390	--  	         21.48	
002550	千红制药	0.15	6.88	0.01	6.87	6.88	41910	525	0.00	          0.49	6.87	6.89	6.80	6.87	    35.88	28697026	  1.01	生物制药	江苏	1.31	6.85	24261	17648	  1.37	472	546	--  	          8.53	
300015	爱尔眼科	0.70	30.37	0.21	30.37	30.38	24263	292	-0.03	          0.31	30.17	30.38	29.76	30.16	    48.97	73115640	  1.06	医疗保健	湖南	2.06	30.13	10737	13526	  0.79	82	204	--  	          7.87	
300049	福瑞股份	-0.29	20.62	-0.06	20.61	20.62	24138	289	-0.14	          1.07	20.54	20.78	20.39	20.68	    76.28	49535876	  1.31	中成药	内蒙	1.89	20.52	16387	7750	  2.11	53	14	--  	          2.26	
300143	星河生物	--  	27.37	--  	--  	--  	0	0	--  	          0.00	--  	--  	--  	27.37	   191.41	0	  0.00	种植业	广东	0.00	27.37	0	0	--  	0	0	--  	          0.93	
300298	三诺生物	0.32	19.08	0.06	19.05	19.08	17496	320	0.52	          0.70	19.00	19.08	18.72	19.02	    40.69	33064292	  0.93	医疗保健	湖南	1.89	18.90	9888	7608	  1.30	2	18	--  	          2.51	
600067	冠城大通	1.11	7.28	0.08	7.27	7.28	78948	1	0.00	          0.53	7.19	7.28	7.13	7.20	    32.81	57101516	  0.90	全国地产	福建	2.08	7.23	37806	41142	  0.92	254	1111	--  	         14.92	
600079	人福医药	0.34	20.42	0.07	20.42	20.44	99687	98	0.04	          0.94	20.38	20.67	20.12	20.35	    31.61	203958576	  1.22	化学制药	湖北	2.70	20.46	49054	50632	  0.97	13	53	--  	         10.58	
600105	永鼎股份	0.61	9.95	0.06	9.95	9.96	43882	101	0.10	          0.58	9.96	9.96	9.83	9.89	    44.17	43529228	  0.81	通信设备	江苏	1.31	9.92	20501	23381	  0.88	8	356	--  	          7.62	
600196	复星医药	0.74	25.99	0.19	25.99	26.00	117783	2	0.00	          0.62	25.72	26.27	25.68	25.80	    21.62	306655264	  1.66	化学制药	上海	2.29	26.04	61037	56745	  1.08	23	148	--  	         19.09	
600518	康美药业	0.11	17.49	0.02	17.49	17.50	132173	20	-0.11	          0.30	17.46	17.53	17.30	17.47	    25.04	229966432	  1.51	中成药	广东	1.32	17.40	69981	62192	  1.13	140	809	--  	         43.97	
600594	益佰制药	0.99	18.30	0.18	18.29	18.31	119183	6	-0.10	          1.50	18.12	18.35	18.02	18.12	    37.46	217500528	  0.58	中成药	贵州	1.82	18.25	55676	63506	  0.88	24	54	--  	          7.92	
600763	通策医疗	0.81	28.78	0.23	28.78	28.79	20129	31	0.03	          0.63	28.50	28.80	28.35	28.55	    55.92	57638772	  0.77	医疗保健	浙江	1.58	28.63	9883	10246	  0.96	64	96	--  	          3.21	
600767	运盛医疗	-0.36	14.03	-0.05	13.99	14.00	114866	43	1.08	          3.37	14.00	14.24	12.90	14.08	--  	155823840	  1.60	医疗保健	上海	9.52	13.57	57574	57292	  1.00	4	330	--  	          3.41	
600829	人民同泰	0.52	15.33	0.08	15.35	15.37	33943	8	0.32	          0.59	15.30	15.45	15.09	15.25	    39.60	51943064	  0.81	医药商业	黑龙江	2.36	15.30	14256	19687	  0.72	117	110	--  	          5.80	
600993	马应龙	4.83	21.49	0.99	21.47	21.48	113400	14	0.23	          2.64	20.53	21.50	20.52	20.50	    33.59	239931968	  2.99	中成药	湖北	4.78	21.16	40743	72657	  0.56	8	71	--  	          4.30	
600998	九州通	0.25	19.93	0.05	19.94	19.95	16429	15	0.00	          0.11	19.88	19.98	19.66	19.88	    53.83	32560952	  0.75	医药商业	湖北	1.61	19.82	8576	7852	  1.09	158	141	--  	         14.42	
601567	三星医疗	0.92	12.13	0.11	12.14	12.15	23234	2	0.08	          0.23	12.02	12.18	11.89	12.02	    35.81	27964120	  1.27	电器仪表	浙江	2.41	12.04	9158	14075	  0.65	3	131	--  	         10.15	
数据来源:通达信
