代码	名称	涨幅%%	现价	涨跌	买价	卖价	总量	现量	涨速%%	换手%%	今开	最高	最低	昨收	市盈(动)	总金额	量比	细分行业	地区	振幅%%	均价	内盘	外盘	内外比	买量	卖量	未匹配量	流通股(亿)	
000005	世纪星源	-0.15	6.63	-0.01	6.63	6.64	151310	741	0.00	          1.59	6.62	6.69	6.51	6.64	    39.35	99983144	  0.90	房产服务	深圳	2.71	6.61	61199	90110	  0.68	1030	2727	--  	          9.51	
000425	徐工机械	2.29	4.02	0.09	4.01	4.02	1092317	28084	0.24	          1.56	3.93	4.05	3.90	3.93	   127.77	436577120	  1.42	工程机械	江苏	3.82	4.00	416425	675892	  0.62	3276	17003	--  	         69.94	
000532	力合股份	0.38	18.29	0.07	18.29	18.30	40054	759	0.16	          1.17	18.21	18.30	17.81	18.22	   158.27	72338856	  0.63	元器件	广东	2.69	18.06	21222	18832	  1.13	171	421	--  	          3.43	
000544	中原环保	-1.51	19.52	-0.30	19.52	19.53	47625	1230	-0.05	          1.77	19.80	19.80	19.30	19.82	    38.23	93146968	  0.47	环境保护	河南	2.52	19.56	24549	23075	  1.06	74	234	--  	          2.69	
000598	兴蓉环境	0.17	5.87	0.01	5.86	5.87	212041	3143	0.00	          0.71	5.86	5.87	5.80	5.86	    17.32	123858504	  0.81	水务	四川	1.19	5.84	108415	103625	  1.05	7737	54	--  	         29.86	
000605	渤海股份	-0.05	20.74	-0.01	20.74	20.75	15596	327	0.00	          1.32	20.80	20.82	20.51	20.75	   122.32	32210712	  0.93	水务	北京	1.49	20.65	8437	7159	  1.18	129	136	--  	          1.18	
000685	中山公用	0.92	10.99	0.10	10.99	11.00	56664	831	0.00	          0.53	10.87	11.01	10.81	10.89	    16.68	61898600	  1.05	水务	广东	1.84	10.92	23078	33585	  0.69	116	317	--  	         10.71	
000753	漳州发展	0.00	5.47	0.00	5.47	5.48	126315	2637	0.00	          1.54	5.45	5.48	5.39	5.47	   251.18	68755392	  0.77	汽车服务	福建	1.65	5.44	71637	54678	  1.31	1157	3632	--  	          8.19	
000778	新兴铸管	2.21	5.54	0.12	5.53	5.54	575889	10287	0.00	          1.58	5.42	5.54	5.37	5.42	    66.69	314424512	  1.31	钢加工	河北	3.14	5.46	216751	359137	  0.60	7323	7620	--  	         36.43	
000826	启迪桑德	1.23	34.50	0.42	34.49	34.50	32952	617	0.00	          0.39	34.08	34.55	33.88	34.08	    30.87	112715056	  1.22	环境保护	湖北	1.97	34.21	15578	17374	  0.90	28	543	--  	          8.47	
000915	山大华特	1.88	43.45	0.80	43.45	43.46	33380	410	0.11	          1.86	42.65	43.46	41.80	42.65	    36.82	142878464	  0.82	化学制药	山东	3.89	42.80	15218	18161	  0.84	250	356	--  	          1.80	
000920	南方汇通	0.13	15.08	0.02	15.08	15.09	53897	560	0.39	          1.28	15.09	15.09	14.86	15.06	    58.96	80645920	  1.49	环境保护	贵州	1.53	14.96	24885	29011	  0.86	45	114	--  	          4.22	
000925	众合科技	0.54	24.15	0.13	24.15	24.16	59738	1868	-0.12	          1.96	23.82	24.47	23.82	24.02	--  	144512480	  0.84	专用机械	浙江	2.71	24.19	31061	28677	  1.08	181	194	--  	          3.06	
002034	美 欣 达	-0.14	55.51	-0.08	55.50	55.51	6703	197	-0.14	          1.10	56.30	56.55	55.29	55.59	   286.00	37398680	  0.80	纺织	浙江	2.27	55.80	3807	2895	  1.32	26	9	--  	          0.61	
002051	中工国际	2.20	25.59	0.55	25.58	25.59	59060	793	0.27	          0.64	25.05	25.70	24.80	25.04	    25.02	150016368	  0.75	建筑施工	北京	3.59	25.40	27073	31986	  0.85	41	100	--  	          9.20	
002125	湘潭电化	-0.08	12.52	-0.01	12.52	12.53	38207	272	0.00	          1.72	12.52	12.56	12.31	12.53	   237.71	47509072	  0.74	化工原料	湖南	2.00	12.43	21911	16295	  1.34	570	3	--  	          2.23	
002140	东华科技	1.11	14.52	0.16	14.51	14.52	31503	1045	0.06	          0.72	14.36	14.52	14.21	14.36	    59.13	45486900	  0.64	建筑施工	安徽	2.16	14.44	13306	18196	  0.73	382	2	--  	          4.39	
002168	深圳惠程	--  	16.99	--  	--  	--  	0	0	--  	          0.00	--  	--  	--  	16.99	   184.81	0	  0.00	电气设备	深圳	0.00	16.99	0	0	--  	0	0	--  	          7.62	
002255	海陆重工	--  	10.06	--  	--  	--  	0	0	--  	          0.00	--  	--  	--  	10.06	    91.10	0	  0.00	专用机械	江苏	0.00	10.06	0	0	--  	0	0	--  	          4.42	
002310	东方园林	2.49	15.23	0.37	15.22	15.23	340184	7512	0.13	          2.40	14.85	15.23	14.71	14.86	    59.14	513290048	  2.11	建筑施工	北京	3.50	15.09	151155	189029	  0.80	2270	400	--  	         14.16	
002469	三维工程	0.41	9.79	0.04	9.79	9.80	59277	838	-0.10	          1.28	9.74	9.86	9.67	9.75	   418.71	58010408	  0.66	建筑施工	山东	1.95	9.79	30362	28915	  1.05	105	242	--  	          4.63	
002483	润邦股份	0.36	13.97	0.05	13.97	13.98	64133	1167	-0.07	          1.79	13.81	14.04	13.65	13.92	    55.98	89043504	  0.56	工程机械	江苏	2.80	13.88	33299	30833	  1.08	944	886	--  	          3.59	
002573	清新环境	1.80	20.32	0.36	20.32	20.33	146389	1254	0.00	          1.37	19.89	20.37	19.71	19.96	    32.61	294238176	  1.00	环境保护	北京	3.31	20.10	60009	86380	  0.69	1892	767	--  	         10.65	
002672	东江环保	0.44	18.24	0.08	18.24	18.25	58241	1045	0.05	          1.33	18.24	18.25	17.95	18.16	    31.90	105522544	  1.00	环境保护	广东	1.65	18.12	30737	27503	  1.12	363	262	--  	          4.37	
002688	金河生物	1.05	10.57	0.11	10.56	10.57	37456	1592	0.09	          0.71	10.45	10.58	10.37	10.46	    40.79	39329532	  0.83	化学制药	内蒙	2.01	10.50	16062	21393	  0.75	1398	584	--  	          5.29	
002816	和科达	--  	40.16	--  	--  	--  	0	0	--  	          0.00	--  	--  	--  	40.16	   154.82	0	  0.00	专用机械	深圳	0.00	40.16	0	0	--  	0	0	--  	          0.25	
300007	汉威电子	1.63	19.97	0.32	19.96	19.97	43931	519	-0.05	          1.96	19.63	20.08	19.26	19.65	    73.57	86488880	  0.96	电器仪表	河南	4.17	19.69	21347	22583	  0.95	307	151	--  	          2.24	
300055	万邦达	-0.93	16.98	-0.16	16.98	16.99	42993	891	-0.05	          0.67	17.14	17.20	16.89	17.14	    55.37	73163264	  0.58	环境保护	北京	1.81	17.02	24729	18263	  1.35	1434	339	--  	          6.39	
300067	安诺其	0.58	8.61	0.05	8.60	8.61	26856	644	0.00	          0.76	8.57	8.61	8.46	8.56	    53.50	22955530	  0.45	染料涂料	上海	1.75	8.55	12826	14029	  0.91	459	265	--  	          3.55	
300070	碧水源	1.61	16.45	0.26	16.45	16.46	179749	1254	-0.06	          0.89	16.20	16.57	16.11	16.19	    87.69	294649792	  1.31	环境保护	北京	2.84	16.39	75174	104575	  0.72	535	26	--  	         20.09	
300082	奥克股份	0.68	8.93	0.06	8.92	8.93	47149	737	0.11	          0.70	8.78	8.94	8.75	8.87	    47.70	41731316	  0.64	化工原料	辽宁	2.14	8.85	23427	23722	  0.99	721	1278	--  	          6.74	
300145	中金环境	-0.36	27.30	-0.10	27.30	27.33	47880	372	0.51	          1.21	27.44	27.46	26.84	27.40	    46.43	129623632	  1.11	专用机械	浙江	2.26	27.07	33105	14775	  2.24	405	20	--  	          3.94	
300152	科融环境	0.11	9.00	0.01	8.99	9.00	148295	3620	0.11	          2.08	8.94	9.00	8.75	8.99	--  	131829240	  0.84	环境保护	江苏	2.78	8.89	75968	72327	  1.05	692	314	--  	          7.13	
300165	天瑞仪器	3.97	9.96	0.38	9.96	9.97	106661	5896	0.60	          3.61	9.59	9.96	9.56	9.58	    65.48	104127368	  1.48	电器仪表	江苏	4.18	9.76	41513	65147	  0.64	506	377	--  	          2.95	
300172	中电环保	1.06	10.51	0.11	10.50	10.51	65074	1725	0.19	          1.91	10.34	10.51	10.30	10.40	    53.95	67908680	  0.69	环境保护	江苏	2.02	10.44	36238	28836	  1.26	682	790	--  	          3.42	
300190	维尔利	1.28	16.65	0.21	16.65	16.66	23397	595	0.06	          0.71	16.42	16.75	16.38	16.44	    70.63	38751220	  1.06	环境保护	江苏	2.25	16.56	13271	10126	  1.31	472	80	--  	          3.31	
300198	纳川股份	1.22	7.44	0.09	7.43	7.44	166198	4402	0.13	          2.20	7.31	7.53	7.15	7.35	   174.92	122728032	  0.80	塑料	福建	5.17	7.38	65776	100422	  0.65	812	4380	--  	          7.56	
300262	巴安水务	0.48	16.79	0.08	16.78	16.79	26958	959	0.00	          1.17	16.75	16.82	16.51	16.71	    34.42	45027476	  0.79	环境保护	上海	1.86	16.70	12118	14840	  0.82	93	173	--  	          2.30	
300263	隆华节能	1.96	7.29	0.14	7.28	7.29	76533	2749	0.13	          1.57	7.15	7.30	7.10	7.15	   121.48	55319040	  1.32	专用机械	河南	2.80	7.23	28595	47937	  0.60	4077	451	--  	          4.88	
300266	兴源环境	--  	52.88	--  	--  	--  	0	0	--  	          0.00	--  	--  	--  	52.88	   132.38	0	  0.00	机械基件	浙江	0.00	52.88	0	0	--  	0	0	--  	          4.02	
300275	梅安森	0.20	29.36	0.06	29.36	29.40	27008	1018	0.17	          2.39	29.09	30.10	28.80	29.30	--  	79920304	  0.65	软件服务	重庆	4.44	29.59	14343	12664	  1.13	35	12	--  	          1.13	
300334	津膜科技	0.23	17.35	0.04	17.35	17.36	39118	424	0.05	          1.42	17.35	17.36	17.11	17.31	   180.82	67285248	  1.13	专用机械	天津	1.44	17.20	25155	13963	  1.80	113	109	--  	          2.75	
300362	天翔环境	-0.05	19.03	-0.01	19.03	19.04	29413	250	0.15	          1.56	19.04	19.15	18.70	19.04	   105.29	55563608	  0.99	环境保护	四川	2.36	18.89	13849	15563	  0.89	44	371	--  	          1.88	
300388	国祯环保	0.95	22.30	0.21	22.30	22.31	22917	220	0.00	          1.57	22.06	22.34	21.65	22.09	    65.41	50468408	  1.02	环境保护	安徽	3.12	22.02	9987	12929	  0.77	41	228	--  	          1.46	
300422	博世科	3.77	49.81	1.81	49.81	49.82	127247	1168	0.28	         18.08	47.99	50.30	46.92	48.00	   113.12	622398144	  1.00	环境保护	广西	7.04	48.91	57190	70057	  0.82	46	223	--  	          0.70	
300425	环能科技	0.72	28.10	0.20	28.09	28.10	11915	181	0.10	          1.55	27.89	28.10	27.70	27.90	    89.74	33371058	  0.92	环境保护	四川	1.43	28.01	6195	5719	  1.08	13	36	--  	          0.77	
300437	清水源	2.86	22.65	0.63	22.64	22.65	25610	293	0.08	          3.23	22.20	22.98	21.81	22.02	   156.18	57804380	  1.98	化工原料	河南	5.31	22.57	11405	14205	  0.80	12	103	--  	          0.79	
600008	首创股份	0.23	4.37	0.01	4.37	4.38	548754	280	0.00	          1.14	4.35	4.42	4.34	4.36	    40.24	240462416	  0.68	环境保护	北京	1.83	4.38	328905	219848	  1.50	23	4340	--  	         48.21	
600133	东湖高新	1.71	8.35	0.14	8.34	8.35	68222	500	-0.11	          1.27	8.23	8.39	8.19	8.21	   118.28	56882180	  1.26	园区开发	湖北	2.44	8.34	29562	38660	  0.76	129	510	--  	          5.38	
600168	武汉控股	0.57	10.56	0.06	10.55	10.56	35951	10	0.18	          0.51	10.47	10.56	10.40	10.50	    24.92	37752100	  0.73	水务	湖北	1.52	10.50	17696	18255	  0.97	363	407	--  	          7.10	
600187	国中水务	1.32	6.15	0.08	6.14	6.15	1019158	184	0.16	          7.00	6.07	6.18	5.91	6.07	   628.31	615320320	  0.65	水务	黑龙江	4.45	6.04	440488	578670	  0.76	2692	315	--  	         14.56	
600290	华仪电气	0.51	11.80	0.06	11.80	11.81	256451	16	0.00	          4.87	11.62	12.14	11.61	11.74	   217.47	306187200	  2.64	电气设备	浙江	4.51	11.94	94043	162408	  0.58	245	60	--  	          5.27	
600323	瀚蓝环境	1.12	15.37	0.17	15.36	15.37	73109	409	0.06	          1.16	15.27	15.44	15.18	15.20	    20.42	112058392	  1.21	水务	广东	1.71	15.33	34447	38662	  0.89	244	3380	--  	          6.29	
600350	山东高速	1.65	6.79	0.11	6.78	6.79	105421	1	0.00	          0.22	6.66	6.82	6.61	6.68	     9.95	70738952	  1.28	路桥	山东	3.14	6.71	35088	70333	  0.50	908	264	--  	         48.11	
600458	时代新材	0.63	14.38	0.09	14.38	14.39	39914	20	0.06	          0.60	14.28	14.39	14.11	14.29	    42.46	56967520	  0.77	塑料	湖南	1.96	14.27	21603	18311	  1.18	18	567	--  	          6.61	
600461	洪城水业	1.55	7.85	0.12	7.84	7.85	45489	1	0.12	          0.77	7.73	7.85	7.71	7.73	    20.38	35521208	  0.65	水务	江西	1.81	7.81	16927	28562	  0.59	7	895	--  	          5.94	
600481	双良节能	0.00	8.35	0.00	--  	--  	0	0	0.00	          0.00	--  	--  	--  	8.35	    77.51	0	  0.00	环境保护	江苏	0.00	8.35	0	0	--  	0	0	--  	         16.20	
600526	菲达环保	0.56	12.50	0.07	12.49	12.50	55746	26	0.08	          1.37	12.40	12.50	12.17	12.43	    98.10	68850704	  0.96	环境保护	浙江	2.65	12.35	26729	29016	  0.92	324	89	--  	          4.07	
600545	新疆城建	-0.17	11.86	-0.02	11.85	11.86	92188	60	0.16	          1.36	11.90	11.91	11.70	11.88	--  	108535576	  0.74	建筑施工	新疆	1.77	11.77	49058	43129	  1.14	1189	20	--  	          6.76	
600649	城投控股	0.00	20.34	0.00	--  	--  	0	0	0.00	          0.00	--  	--  	--  	20.34	    24.56	0	  0.00	区域地产	上海	0.00	20.34	0	0	--  	0	0	--  	         24.21	
600724	宁波富达	1.53	5.98	0.09	5.97	5.98	59142	1	0.33	          0.41	5.93	5.98	5.84	5.89	    14.73	35023508	  0.86	区域地产	浙江	2.38	5.92	20107	39034	  0.52	4	475	--  	         14.45	
600846	同济科技	0.55	9.16	0.05	9.16	9.17	55409	4	0.00	          0.89	9.10	9.17	9.05	9.11	    48.85	50558524	  0.76	综合类	上海	1.32	9.12	22447	32961	  0.68	78	1059	--  	          6.25	
600874	创业环保	1.20	8.43	0.10	8.43	8.44	55042	10	0.11	          0.51	8.35	8.50	8.30	8.33	    24.60	46222080	  0.54	环境保护	天津	2.40	8.40	25334	29707	  0.85	33	323	--  	         10.87	
600969	郴电国际	0.58	17.49	0.10	17.47	17.48	19768	15	-0.05	          0.75	17.39	17.61	17.17	17.39	    40.33	34468216	  0.89	水力发电	湖南	2.53	17.44	9634	10134	  0.95	138	285	--  	          2.64	
601113	华鼎股份	0.00	10.30	0.00	--  	--  	0	0	0.00	          0.00	--  	--  	--  	10.30	   224.33	0	  0.00	化纤	浙江	0.00	10.30	0	0	--  	0	0	--  	          6.40	
601158	重庆水务	0.37	8.15	0.03	8.14	8.15	49713	100	0.12	          0.10	8.09	8.16	8.02	8.12	    23.33	40293756	  0.48	水务	重庆	1.72	8.11	24500	25213	  0.97	430	765	--  	         48.00	
601368	绿城水务	0.85	11.89	0.10	11.89	11.90	23466	63	0.00	          0.80	11.79	11.90	11.72	11.79	    32.15	27770980	  0.69	水务	广西	1.53	11.83	7841	15624	  0.50	86	290	--  	          2.94	
603603	博天环境	-2.22	39.12	-0.89	39.09	39.11	179732	145	0.33	         44.92	38.02	39.97	37.81	40.01	   127.80	697175296	  3.09	环境保护	北京	5.40	38.79	94582	85150	  1.11	21	4	--  	          0.40	
603817	海峡环保	6.38	23.50	1.41	23.48	23.49	705944	162	0.81	         62.75	22.90	24.11	22.30	22.09	   125.22	1631983232	147.07	环境保护	福建	8.19	23.12	348933	357011	  0.98	123	44	--  	          1.13	
数据来源:通达信
