代码	名称	涨幅%%	现价	涨跌	买价	卖价	总量	现量	涨速%%	换手%%	今开	最高	最低	昨收	市盈(动)	总金额	量比	细分行业	地区	振幅%%	均价	内盘	外盘	内外比	买量	卖量	未匹配量	流通股(亿)	
000030	富奥股份	1.96	8.83	0.17	8.82	8.83	103535	704	0.11	          0.83	8.66	8.95	8.61	8.66	    16.50	90658352	  1.84	汽车配件	吉林	3.93	8.76	45744	57790	  0.79	314	770	--  	         12.47	
000823	超声电子	5.87	14.42	0.80	14.42	14.43	271893	7910	0.27	          5.06	13.58	14.43	13.36	13.62	    51.73	382096928	  1.66	元器件	广东	7.86	14.05	108094	163798	  0.66	1370	1030	--  	          5.37	
000887	中鼎股份	-1.52	24.65	-0.38	24.64	24.65	148778	2590	0.08	          1.34	25.01	25.01	24.51	25.03	    28.57	367271296	  1.28	橡胶	安徽	2.00	24.69	95377	53401	  1.79	244	216	--  	         11.14	
000901	航天科技	1.03	36.34	0.37	36.33	36.34	33034	801	0.08	          1.02	36.01	36.39	35.82	35.97	   399.85	119620544	  0.56	航空	黑龙江	1.58	36.21	15431	17603	  0.88	597	146	--  	          3.24	
000988	华工科技	2.30	16.02	0.36	16.01	16.02	184570	2453	0.12	          2.07	15.66	16.08	15.55	15.66	    63.87	293708800	  1.42	电器仪表	湖北	3.38	15.91	78738	105832	  0.74	1592	2041	--  	          8.91	
002048	宁波华翔	0.89	23.80	0.21	23.80	23.81	80983	1297	0.16	          1.76	23.53	24.05	23.35	23.59	    20.64	192762192	  0.94	汽车配件	浙江	2.97	23.80	42793	38190	  1.12	271	498	--  	          4.61	
002055	得润电子	4.71	24.01	1.08	24.01	24.02	130972	2279	0.00	          3.25	23.02	24.10	23.02	22.93	   106.05	311023744	  1.27	元器件	深圳	4.71	23.75	51545	79426	  0.65	139	333	--  	          4.03	
002232	启明信息	1.49	12.97	0.19	12.96	12.97	42511	370	0.15	          1.06	12.75	13.05	12.55	12.78	  8513.61	54543276	  1.07	软件服务	吉林	3.91	12.83	18828	23683	  0.80	195	17	--  	          4.02	
002284	亚太股份	0.52	13.45	0.07	13.45	13.46	54446	1243	0.00	          0.79	13.38	13.49	13.32	13.38	    59.65	73123600	  0.44	汽车配件	浙江	1.27	13.43	26689	27757	  0.96	513	767	--  	          6.86	
002368	太极股份	0.71	32.48	0.23	32.48	32.49	29893	564	-0.03	          0.74	32.37	32.49	32.05	32.25	   156.19	96574768	  0.87	软件服务	北京	1.36	32.31	13689	16203	  0.84	7	110	--  	          4.02	
002405	四维图新	2.83	20.00	0.55	19.99	20.00	233965	4595	0.25	          2.32	19.52	20.15	19.25	19.45	   158.88	463744672	  0.93	软件服务	北京	4.63	19.82	98256	135708	  0.72	322	1677	--  	         10.08	
002446	盛路通信	2.20	23.22	0.50	23.21	23.22	29813	494	-0.04	          1.62	22.72	23.27	22.65	22.72	    43.26	68601240	  1.16	通信设备	广东	2.73	23.01	10381	19432	  0.53	2	421	--  	          1.85	
002456	欧菲光	4.62	36.03	1.59	36.02	36.03	317444	2829	0.00	          3.09	34.30	36.28	34.10	34.44	    51.79	1128560384	  2.66	元器件	深圳	6.33	35.55	123970	193473	  0.64	118	157	--  	         10.28	
002463	沪电股份	0.83	4.87	0.04	4.86	4.87	146172	930	0.00	          0.87	4.81	4.88	4.78	4.83	    94.50	70701496	  0.90	元器件	江苏	2.07	4.84	62556	83616	  0.75	1869	1563	--  	         16.73	
002635	安洁科技	4.24	40.56	1.65	40.55	40.56	95404	711	0.44	          4.51	38.88	41.09	37.92	38.91	    44.29	379724800	  1.71	电脑设备	江苏	8.15	39.80	38372	57031	  0.67	15	37	--  	          2.12	
002664	信质电机	--  	25.39	--  	--  	--  	0	0	--  	          0.00	--  	--  	--  	25.39	    42.88	0	  0.00	汽车配件	浙江	0.00	25.39	0	0	--  	0	0	--  	          3.21	
300032	金龙机电	-0.27	15.05	-0.04	15.03	15.05	36231	556	0.26	          0.61	15.06	15.06	14.83	15.09	    64.89	54206188	  0.85	元器件	浙江	1.52	14.96	19016	17215	  1.10	3	267	--  	          5.96	
300209	天泽信息	--  	27.82	--  	--  	--  	0	0	--  	          0.00	--  	--  	--  	27.82	   115.15	0	  0.00	软件服务	江苏	0.00	27.82	0	0	--  	0	0	--  	          2.11	
300256	星星科技	2.52	12.61	0.31	12.60	12.61	163599	6126	0.15	          4.32	12.20	12.61	12.16	12.30	    67.79	203488096	  0.84	元器件	浙江	3.66	12.44	70183	93416	  0.75	945	668	--  	          3.79	
300304	云意电气	-3.15	18.45	-0.60	18.44	18.45	1828777	30691	-0.43	         24.82	19.78	20.14	18.21	19.05	   144.50	3494462976	  1.22	汽车配件	江苏	10.13	19.11	890771	938006	  0.95	328	7949	--  	          7.37	
300496	中科创达	-1.58	37.95	-0.61	37.95	37.97	104991	1193	0.05	          4.90	38.20	38.46	37.10	38.56	   116.18	396922240	  0.77	软件服务	北京	3.53	37.81	52621	52369	  1.00	98	5	--  	          2.14	
300585	奥联电子	3.74	48.77	1.76	48.76	48.77	25986	601	-0.22	         12.99	46.93	48.89	46.02	47.01	    79.40	123794128	  1.26	汽车配件	江苏	6.11	47.64	11675	14311	  0.82	9	50	--  	          0.20	
600081	东风科技	0.26	15.65	0.04	15.64	15.65	46020	27	0.06	          1.47	15.57	15.65	15.36	15.61	    47.34	71366088	  1.12	汽车配件	上海	1.86	15.51	22191	23829	  0.93	34	89	--  	          3.14	
600198	大唐电信	-0.29	16.94	-0.05	16.94	16.95	169353	17	-0.05	          2.02	16.98	17.17	16.53	16.99	--  	284652096	  0.96	通信设备	北京	3.77	16.81	83585	85768	  0.97	960	468	--  	          8.39	
600525	长园集团	3.98	16.20	0.62	16.20	16.21	226837	238	0.18	          2.04	15.56	16.55	15.40	15.58	    35.32	368084128	  1.82	电气设备	深圳	7.38	16.23	98016	128820	  0.76	2	96	--  	         11.12	
600654	中安消	0.00	17.43	0.00	--  	--  	0	0	0.00	          0.00	--  	--  	--  	17.43	    60.92	0	  0.00	软件服务	上海	0.00	17.43	0	0	--  	0	0	--  	          7.55	
600699	均胜电子	1.05	31.78	0.33	31.78	31.80	61512	13	0.00	          0.89	31.40	31.97	31.05	31.45	    56.08	194309440	  0.97	汽车配件	浙江	2.93	31.59	28614	32897	  0.87	26	1447	--  	          6.89	
600718	东软集团	0.31	19.33	0.06	19.34	19.35	198575	24	0.31	          1.61	19.25	19.35	19.02	19.27	     8.82	381471552	  0.71	软件服务	辽宁	1.71	19.21	102675	95899	  1.07	83	847	--  	         12.32	
600741	华域汽车	1.34	16.58	0.22	16.57	16.59	166706	93	0.12	          0.58	16.35	16.67	16.29	16.36	     8.78	275820544	  1.43	汽车配件	上海	2.32	16.55	75609	91096	  0.83	107	43	--  	         28.67	
601689	拓普集团	-0.54	33.21	-0.18	33.28	33.29	49290	6	0.42	          2.89	33.30	34.01	32.72	33.39	    38.16	165036272	  0.99	汽车配件	浙江	3.86	33.48	26579	22711	  1.17	37	6	--  	          1.71	
601799	星宇股份	-0.23	39.47	-0.09	39.48	39.49	13720	40	0.02	          0.57	39.61	39.64	39.26	39.56	    33.99	54131848	  1.00	汽车配件	江苏	0.96	39.45	8096	5624	  1.44	2	42	--  	          2.40	
603788	宁波高发	2.08	40.27	0.82	40.26	40.28	8537	10	0.09	          1.74	39.31	40.34	39.31	39.45	    38.18	34121188	  0.87	汽车配件	浙江	2.61	39.97	3062	5475	  0.56	12	19	--  	          0.49	
数据来源:通达信
