代码	名称	涨幅%%	现价	涨跌	买价	卖价	总量	现量	涨速%%	换手%%	今开	最高	最低	昨收	市盈(动)	总金额	量比	细分行业	地区	振幅%%	均价	内盘	外盘	内外比	买量	卖量	未匹配量	流通股(亿)	
000059	华锦股份	-0.08	12.36	-0.01	12.36	12.37	345059	4097	0.24	          2.46	12.24	12.42	12.07	12.37	    12.63	423133696	  0.64	石油加工	辽宁	2.83	12.26	167379	177679	  0.94	189	1547	--  	         14.00	
000096	广聚能源	-0.53	16.93	-0.09	16.93	16.95	68375	2145	0.11	          1.34	17.00	17.30	16.85	17.02	    64.01	116344992	  1.39	石油贸易	深圳	2.64	17.02	38328	30046	  1.28	555	25	--  	          5.11	
000159	国际实业	0.96	9.49	0.09	9.48	9.49	136867	1679	0.21	          2.84	9.38	9.54	9.23	9.40	   294.68	128967680	  0.71	石油贸易	新疆	3.30	9.42	66872	69995	  0.96	394	1270	--  	          4.81	
000407	胜利股份	--  	10.08	--  	--  	--  	0	0	--  	          0.00	--  	--  	--  	10.08	   341.19	0	  0.00	供气供热	山东	0.00	10.08	0	0	--  	0	0	--  	          6.66	
000554	泰山石油	0.75	12.11	0.09	12.10	12.11	116270	3442	-0.08	          3.21	12.09	12.13	11.84	12.02	  1444.00	139678592	  0.60	石油贸易	山东	2.41	12.01	59001	57268	  1.03	2434	666	--  	          3.63	
000637	茂化实华	0.75	8.08	0.06	8.08	8.09	88067	573	0.00	          2.40	7.98	8.10	7.90	8.02	    92.99	70541480	  0.85	石油加工	广东	2.49	8.01	44444	43623	  1.02	611	1653	--  	          3.66	
000703	恒逸石化	-1.78	14.86	-0.27	14.85	14.86	82192	837	-0.13	          0.71	15.06	15.30	14.62	15.13	    35.91	123310592	  1.25	化纤	广西	4.49	15.00	48207	33985	  1.42	80	40	--  	         11.54	
000822	山东海化	-0.28	7.08	-0.02	7.07	7.08	108989	1443	0.14	          1.22	7.08	7.09	6.93	7.10	    71.34	76432432	  1.25	化工原料	山东	2.25	7.01	50986	58003	  0.88	677	2629	--  	          8.95	
002207	准油股份	-0.06	16.24	-0.01	16.23	16.24	55246	1396	-0.30	          2.55	16.30	16.59	16.02	16.25	--  	89695640	  0.93	石油开采	新疆	3.51	16.24	28225	27020	  1.04	15	215	--  	          2.17	
002210	飞马国际	-0.53	20.60	-0.11	20.59	20.60	16299	179	0.19	          0.22	20.51	20.60	20.33	20.71	   106.02	33375990	  0.77	仓储物流	深圳	1.30	20.48	7139	9159	  0.78	15	649	--  	          7.57	
002353	杰瑞股份	0.86	22.24	0.19	22.24	22.25	125787	1380	0.00	          1.87	21.97	22.30	21.48	22.05	   152.34	275869696	  1.04	化工机械	山东	3.72	21.93	62309	63478	  0.98	91	478	--  	          6.74	
002443	金洲管道	--  	11.94	--  	--  	--  	0	0	--  	          0.00	--  	--  	--  	11.94	   109.60	0	  0.00	钢加工	浙江	0.00	11.94	0	0	--  	0	0	--  	          5.03	
002493	荣盛石化	0.07	15.30	0.01	15.30	15.31	25283	187	-0.13	          0.11	15.27	15.33	15.08	15.29	    23.77	38503064	  0.65	化纤	浙江	1.64	15.23	9619	15663	  0.61	95	539	--  	         22.78	
002629	仁智股份	-0.86	10.37	-0.09	10.36	10.37	72177	1618	0.09	          2.14	10.42	10.44	10.20	10.46	--  	74385064	  1.14	石油开采	浙江	2.29	10.31	41247	30929	  1.33	229	457	--  	          3.37	
300135	宝利国际	0.69	5.81	0.04	5.81	5.82	153414	1760	-0.17	          2.15	5.77	5.83	5.67	5.77	   131.39	88371680	  0.76	化工原料	江苏	2.77	5.76	70716	82698	  0.86	922	2764	--  	          7.12	
300191	潜能恒信	0.86	31.65	0.27	31.65	31.66	19275	1046	0.54	          0.93	31.11	31.65	31.00	31.38	   738.87	60508560	  0.63	石油开采	北京	2.07	31.39	9870	9405	  1.05	311	37	--  	          2.07	
600175	美都能源	0.20	4.95	0.01	4.95	4.96	51607	2	0.00	          0.36	4.94	4.96	4.91	4.94	   162.56	25463184	  0.72	综合类	浙江	1.01	4.93	23366	28240	  0.83	354	3051	--  	         14.48	
600256	广汇能源	-0.65	4.58	-0.03	4.58	4.59	187100	40	-0.21	          0.36	4.60	4.60	4.53	4.61	   109.02	85554168	  0.82	石油开采	新疆	1.52	4.57	116563	70536	  1.65	2769	2244	--  	         52.21	
600339	*ST油工	2.06	7.44	0.15	7.43	7.44	66053	49	0.13	          1.14	7.29	7.46	7.25	7.29	--  	48793200	  0.93	石油加工	新疆	2.88	7.39	24408	41645	  0.59	310	247	--  	          5.78	
600387	海越股份	0.00	17.94	0.00	--  	--  	0	0	0.00	          0.00	--  	--  	--  	17.94	--  	0	  0.00	石油贸易	浙江	0.00	17.94	0	0	--  	0	0	--  	          3.86	
600500	中化国际	1.37	11.11	0.15	11.12	11.13	116714	130	0.09	          0.68	10.90	11.12	10.81	10.96	    77.13	128158040	  0.67	商贸代理	上海	2.83	10.98	51814	64899	  0.80	223	1000	--  	         17.23	
600583	海油工程	1.05	7.71	0.08	7.70	7.71	228020	32	0.00	          0.52	7.59	7.76	7.55	7.63	    22.87	174355552	  0.72	石油开采	天津	2.75	7.65	99434	128586	  0.77	1378	709	--  	         44.21	
600688	上海石化	0.00	6.44	0.00	6.43	6.44	288187	25	0.15	          0.39	6.43	6.45	6.34	6.44	    12.63	184424736	  0.97	石油加工	上海	1.71	6.40	151950	136237	  1.12	3474	1942	--  	         73.05	
600822	上海物贸	-1.29	17.61	-0.23	17.61	17.62	54537	41	0.00	          1.38	17.81	17.81	17.24	17.84	   394.81	95249944	  1.04	商贸代理	上海	3.20	17.47	25544	28992	  0.88	33	263	--  	          3.96	
600871	石化油服	0.00	3.84	0.00	3.83	3.84	213572	38	0.00	          0.76	3.82	3.84	3.78	3.84	--  	81444688	  1.00	石油开采	北京	1.56	3.81	115045	98526	  1.17	6833	7598	--  	         28.18	
601028	玉龙股份	0.39	10.33	0.04	10.33	10.34	57899	3	-0.09	          0.74	10.30	10.40	10.29	10.29	--  	59943584	  1.43	钢加工	江苏	1.07	10.35	24738	33160	  0.75	90	545	--  	          7.83	
601808	中海油服	0.70	12.96	0.09	12.95	12.96	34310	1	0.07	          0.12	12.87	12.97	12.82	12.87	--  	44249028	  0.81	石油开采	天津	1.17	12.90	15127	19183	  0.79	456	133	--  	         29.60	
603003	龙宇燃油	0.75	21.52	0.16	21.50	21.51	24604	2	-0.09	          1.22	21.35	21.60	21.00	21.36	 11355.01	52561884	  0.75	石油贸易	上海	2.81	21.36	12404	12200	  1.02	11	49	--  	          2.02	
数据来源:通达信
