代码	名称	涨幅%%	现价	涨跌	买价	卖价	总量	现量	涨速%%	换手%%	今开	最高	最低	昨收	市盈(动)	总金额	量比	细分行业	地区	振幅%%	均价	内盘	外盘	内外比	买量	卖量	未匹配量	流通股(亿)	
000039	中集集团	1.55	16.34	0.25	16.33	16.34	72288	305	-0.06	          0.57	16.11	16.38	16.08	16.09	--  	117672952	  0.66	轻工机械	深圳	1.86	16.28	28970	43318	  0.67	76	892	--  	         12.62	
000099	中信海直	-0.16	12.64	-0.02	12.64	12.65	80907	2046	0.31	          1.33	12.58	12.65	12.34	12.66	    75.75	101210064	  0.79	空运	深圳	2.45	12.51	40417	40489	  1.00	566	249	--  	          6.06	
000852	石化机械	1.31	12.34	0.16	12.33	12.34	43725	333	-0.08	          0.73	12.11	12.42	11.92	12.18	--  	53184628	  0.72	化工机械	湖北	4.11	12.16	21854	21870	  1.00	373	61	--  	          5.98	
000898	鞍钢股份	2.45	5.86	0.14	5.85	5.86	255998	2793	0.17	          0.42	5.73	5.86	5.64	5.72	    32.55	147724160	  1.17	普钢	辽宁	3.85	5.77	79414	176583	  0.45	1488	3896	--  	         61.49	
002151	北斗星通	0.19	31.97	0.06	31.97	31.98	44204	466	0.06	          1.89	31.92	32.25	31.70	31.91	   235.80	141331392	  0.44	通信设备	北京	1.72	31.97	23692	20512	  1.16	654	52	--  	          2.34	
002278	神开股份	-0.58	17.05	-0.10	17.03	17.05	90726	1127	0.41	          3.05	17.02	17.16	16.81	17.15	--  	154758032	  1.16	化工机械	上海	2.04	17.06	37482	53243	  0.70	17	298	--  	          2.97	
002314	南山控股	2.92	8.80	0.25	8.79	8.80	570706	9396	0.34	          7.74	8.72	9.10	8.55	8.55	    24.95	501164736	  4.33	区域地产	深圳	6.43	8.78	270066	300639	  0.90	880	710	--  	          7.38	
002318	久立特材	0.50	10.07	0.05	10.06	10.07	97736	152	0.00	          1.20	10.02	10.09	9.89	10.02	    59.38	97735064	  1.08	特种钢	浙江	2.00	10.00	52355	45380	  1.15	971	201	--  	          8.16	
002342	巨力索具	1.38	8.11	0.11	8.11	8.12	199781	2479	0.12	          2.31	8.01	8.16	7.88	8.00	   283.80	160534416	  0.72	机械基件	河北	3.50	8.04	107594	92187	  1.17	2150	2347	--  	          8.66	
002353	杰瑞股份	0.86	22.24	0.19	22.24	22.25	125787	1380	0.00	          1.87	21.97	22.30	21.48	22.05	   152.34	275869696	  1.04	化工机械	山东	3.72	21.93	62309	63478	  0.98	91	478	--  	          6.74	
002423	*ST中特	0.14	13.95	0.02	13.95	13.96	38988	523	0.07	          0.84	13.78	14.07	13.56	13.93	--  	53991368	  0.53	特种钢	河南	3.66	13.85	20279	18709	  1.08	39	57	--  	          4.66	
002445	中南文化	-0.43	16.12	-0.07	16.11	16.12	36965	326	0.00	          0.58	16.10	16.15	15.78	16.19	    73.94	59113236	  0.82	影视音像	江苏	2.29	15.99	23459	13505	  1.74	61	89	--  	          6.35	
002483	润邦股份	0.36	13.97	0.05	13.97	13.98	64133	1167	-0.07	          1.79	13.81	14.04	13.65	13.92	    55.98	89043504	  0.56	工程机械	江苏	2.80	13.88	33299	30833	  1.08	944	886	--  	          3.59	
002490	山东墨龙	0.24	8.44	0.02	8.44	8.45	282185	8856	0.11	          9.41	8.44	8.50	8.20	8.42	   605.31	235507184	  0.52	化工机械	山东	3.56	8.35	148985	133199	  1.12	710	1809	--  	          3.00	
002608	*ST舜船	0.00	13.71	0.00	13.71	13.72	89753	862	0.07	          1.67	13.62	13.98	13.62	13.71	--  	123425544	  0.50	船舶	江苏	2.63	13.75	50693	39059	  1.30	128	275	--  	          5.37	
300008	天海防务	0.51	25.54	0.13	25.53	25.54	76058	938	0.19	          4.12	25.43	25.69	25.35	25.41	    61.75	194043984	  0.56	船舶	上海	1.34	25.51	39999	36059	  1.11	454	62	--  	          1.85	
300023	宝德股份	0.51	17.69	0.09	17.69	17.70	21037	323	0.22	          1.60	17.40	17.75	17.31	17.60	    88.97	37092760	  0.73	专用机械	陕西	2.50	17.63	11011	10025	  1.10	320	188	--  	          1.31	
300065	海兰信	--  	38.52	--  	--  	--  	0	0	--  	          0.00	--  	--  	--  	38.52	   138.73	0	  0.00	软件服务	北京	0.00	38.52	0	0	--  	0	0	--  	          1.80	
300084	海默科技	-1.36	12.31	-0.17	12.31	12.32	31491	322	0.00	          1.26	12.49	12.49	12.25	12.48	  1696.44	38794876	  0.69	石油开采	甘肃	1.92	12.32	19158	12333	  1.55	402	93	--  	          2.50	
300177	中海达	1.10	13.75	0.15	13.75	13.76	34844	762	0.07	          1.11	13.58	13.77	13.50	13.60	   214.38	47695292	  0.57	通信设备	广东	1.99	13.69	15819	19024	  0.83	52	305	--  	          3.13	
300217	东方电热	0.24	4.19	0.01	4.18	4.19	78671	306	0.23	          0.90	4.18	4.20	4.13	4.18	    95.20	32772078	  0.91	电器仪表	江苏	1.67	4.17	40006	38665	  1.03	2060	2561	--  	          8.70	
300337	银邦股份	-0.72	9.64	-0.07	9.64	9.65	33341	419	0.10	          0.47	9.70	9.70	9.61	9.71	   574.49	32151074	  0.72	铝	江苏	0.93	9.64	12414	20927	  0.59	480	538	--  	          7.08	
600019	宝钢股份	0.44	6.83	0.03	6.83	6.84	554610	163	0.00	          0.25	6.78	6.84	6.68	6.80	    20.23	375211584	  0.82	普钢	上海	2.35	6.77	272666	281943	  0.97	2282	14180	--  	        220.77	
600072	中船科技	0.34	20.91	0.07	20.90	20.91	98747	10	0.14	          2.06	20.74	21.06	20.49	20.84	--  	205816032	  0.43	船舶	上海	2.74	20.84	48247	50499	  0.96	334	37	--  	          4.78	
600150	中国船舶	0.83	27.92	0.23	27.92	27.93	133033	11	0.03	          0.97	27.66	27.94	27.43	27.69	--  	368965600	  0.69	船舶	上海	1.84	27.73	63431	69602	  0.91	6	450	--  	         13.78	
600169	太原重工	-0.23	4.42	-0.01	4.41	4.42	173514	28	-0.22	          0.72	4.43	4.46	4.38	4.43	--  	76734912	  0.73	工程机械	山西	1.81	4.42	91819	81695	  1.12	3703	997	--  	         24.24	
600320	振华重工	1.31	5.42	0.07	5.41	5.42	115086	18	-0.36	          0.42	5.34	5.44	5.30	5.35	   114.72	61834936	  0.86	工程机械	上海	2.62	5.37	48988	66098	  0.74	1376	136	--  	         27.68	
600428	中远海特	-0.14	6.95	-0.01	6.94	6.95	240809	225	-0.14	          1.42	6.94	7.04	6.94	6.96	   337.12	168224320	  0.84	水运	广东	1.44	6.99	123472	117336	  1.05	1679	3285	--  	         16.90	
600522	中天科技	3.15	11.46	0.35	11.44	11.45	887386	205	0.08	          3.90	11.08	11.48	11.07	11.11	    23.02	1006697408	  3.36	通信设备	江苏	3.69	11.34	369803	517583	  0.71	1638	25	--  	         22.76	
600583	海油工程	1.05	7.71	0.08	7.70	7.71	228020	32	0.00	          0.52	7.59	7.76	7.55	7.63	    22.87	174355552	  0.72	石油开采	天津	2.75	7.65	99434	128586	  0.77	1378	709	--  	         44.21	
600685	中船防务	0.63	33.48	0.21	33.48	33.49	67591	15	-0.02	          1.23	33.23	33.65	32.75	33.27	  5374.25	225026352	  0.68	船舶	广东	2.71	33.29	32797	34793	  0.94	19	6	--  	          5.49	
601808	中海油服	0.70	12.96	0.09	12.95	12.96	34310	1	0.07	          0.12	12.87	12.97	12.82	12.87	--  	44249028	  0.81	石油开采	天津	1.17	12.90	15127	19183	  0.79	456	133	--  	         29.60	
601890	亚星锚链	1.01	9.02	0.09	9.01	9.02	112064	8	0.11	          1.17	8.96	9.02	8.92	8.93	   134.16	100754856	  0.73	船舶	江苏	1.12	8.99	52921	59142	  0.89	657	163	--  	          9.59	
601989	中国重工	0.41	7.34	0.03	7.34	7.35	803530	178	0.00	          0.44	7.32	7.37	7.25	7.31	   119.37	588544064	  0.76	船舶	北京	1.64	7.32	390537	412992	  0.95	5337	6822	--  	        183.62	
数据来源:通达信
