代码	名称	涨幅%%	现价	涨跌	买价	卖价	总量	现量	涨速%%	换手%%	今开	最高	最低	昨收	市盈(动)	总金额	量比	细分行业	地区	振幅%%	均价	内盘	外盘	内外比	买量	卖量	未匹配量	流通股(亿)	
000526	紫光学大	-0.05	36.70	-0.02	36.70	36.71	15437	205	0.02	          1.60	36.70	36.88	36.57	36.72	--  	56616196	  0.68	文教休闲	福建	0.84	36.68	7583	7853	  0.97	128	12	--  	          0.96	
000536	华映科技	0.33	12.07	0.04	12.07	12.08	47256	913	0.00	          0.61	12.01	12.08	11.92	12.03	    38.25	56843140	  0.67	元器件	福建	1.33	12.03	23976	23279	  1.03	269	1042	--  	          7.77	
000547	航天发展	0.91	15.57	0.14	15.57	15.58	93983	1348	0.06	          1.04	15.43	15.62	15.37	15.43	   112.43	145818736	  0.55	通信设备	福建	1.62	15.52	45349	48634	  0.93	268	760	--  	          9.01	
000592	平潭发展	-0.16	6.41	-0.01	6.40	6.41	147737	1593	0.15	          0.77	6.43	6.43	6.30	6.42	   435.91	94164696	  1.14	林业	福建	2.02	6.37	85805	61932	  1.39	1210	1358	--  	         19.13	
000632	三木集团	1.25	8.94	0.11	8.93	8.94	104646	2508	0.22	          2.25	8.81	8.96	8.79	8.83	  2196.09	93079704	  0.98	综合类	福建	1.93	8.89	52687	51959	  1.01	392	865	--  	          4.65	
000663	永安林业	0.26	15.31	0.04	15.31	15.32	43788	295	0.06	          2.31	15.18	15.39	15.06	15.27	   443.74	66966712	  0.75	林业	福建	2.16	15.29	21867	21920	  1.00	285	132	--  	          1.89	
000671	阳 光 城	2.30	5.79	0.13	5.79	5.80	276756	1323	0.00	          0.85	5.68	5.83	5.68	5.66	    48.39	159615360	  2.06	区域地产	福建	2.65	5.77	111442	165314	  0.67	1551	1323	--  	         32.45	
000701	厦门信达	-0.07	14.60	-0.01	14.59	14.60	61208	1561	-0.06	          1.72	14.56	14.65	14.47	14.61	    46.11	89260472	  1.00	综合类	福建	1.23	14.58	23866	37342	  0.64	1167	79264	--  	          3.57	
000732	泰禾集团	1.98	18.56	0.36	18.55	18.56	79467	859	0.10	          0.64	18.25	18.62	18.09	18.20	    14.27	146702096	  1.23	区域地产	福建	2.91	18.46	41389	38077	  1.09	178	479	--  	         12.43	
000753	漳州发展	0.00	5.47	0.00	5.47	5.48	126315	2637	0.00	          1.54	5.45	5.48	5.39	5.47	   251.18	68755392	  0.77	汽车服务	福建	1.65	5.44	71637	54678	  1.31	1157	3632	--  	          8.19	
000797	中国武夷	1.73	18.80	0.32	18.80	18.81	39903	456	0.00	          0.93	18.53	18.96	18.50	18.48	   552.51	74701808	  1.30	全国地产	福建	2.49	18.72	20135	19767	  1.02	3	133	--  	          4.28	
000905	厦门港务	2.53	12.16	0.30	12.16	12.17	118193	3038	0.16	          2.23	11.85	12.16	11.73	11.86	    39.29	142138976	  0.94	港口	福建	3.63	12.03	54677	63516	  0.86	835	526	--  	          5.31	
000993	闽东电力	-0.98	14.20	-0.14	14.20	14.21	139111	2290	0.00	          3.73	14.21	14.29	13.95	14.34	    33.01	196420384	  0.80	水力发电	福建	2.37	14.12	82015	57096	  1.44	941	381	--  	          3.73	
000997	新 大 陆	3.68	19.17	0.68	19.16	19.17	223482	3992	0.05	          2.42	18.68	19.21	18.52	18.49	    37.57	424840672	  2.03	软件服务	福建	3.73	19.01	105007	118474	  0.89	1261	1045	--  	          9.24	
002029	七 匹 狼	0.59	10.31	0.06	10.31	10.32	33630	791	-0.09	          0.45	10.25	10.33	10.20	10.25	    34.60	34520856	  0.85	服饰	福建	1.27	10.27	16990	16639	  1.02	67	307	--  	          7.55	
002070	众和股份	-0.75	14.55	-0.11	14.55	14.56	248769	2158	0.06	          4.39	14.50	14.78	14.35	14.66	   134.19	361634656	  0.71	纺织	福建	2.93	14.54	133579	115190	  1.16	736	648	--  	          5.67	
002093	国脉科技	-1.42	11.08	-0.16	11.07	11.08	192673	4074	0.00	          2.26	11.52	11.53	10.99	11.24	   164.60	215019456	  1.85	电信运营	福建	4.80	11.16	85960	106712	  0.81	1495	890	--  	          8.52	
002098	浔兴股份	1.92	17.48	0.33	17.47	17.48	407360	4156	0.05	         13.14	17.33	17.85	17.11	17.15	    54.35	712171456	  3.89	服饰	福建	4.31	17.48	184253	223106	  0.83	1032	159	--  	          3.10	
002102	冠福股份	0.00	5.09	0.00	5.09	5.10	142386	1270	0.00	          1.18	5.08	5.10	5.00	5.09	    82.43	72015072	  0.91	化学制药	福建	1.96	5.06	68461	73924	  0.93	2056	4491	--  	         12.08	
002110	三钢闽光	1.43	13.46	0.19	13.46	13.47	128179	2970	0.22	          2.40	13.20	13.46	12.82	13.27	    26.49	169103648	  1.18	普钢	福建	4.82	13.19	61690	66489	  0.93	967	438	--  	          5.35	
002222	福晶科技	2.32	15.86	0.36	15.85	15.86	200032	5468	0.31	          4.77	15.32	15.86	15.09	15.50	    97.41	311164448	  0.66	元器件	福建	4.97	15.56	87599	112433	  0.78	320	411	--  	          4.20	
002228	合兴包装	0.00	5.35	0.00	5.34	5.35	76607	573	0.18	          0.74	5.34	5.36	5.26	5.35	    59.78	40743400	  0.58	广告包装	福建	1.87	5.32	37520	39086	  0.96	222	1638	--  	         10.39	
002229	鸿博股份	1.26	22.44	0.28	22.44	22.45	41637	992	-0.04	          1.97	22.16	22.50	21.73	22.16	--  	92252624	  0.95	广告包装	福建	3.47	22.16	18092	23545	  0.77	435	230	--  	          2.12	
002235	安妮股份	2.73	16.18	0.43	16.18	16.19	76214	1667	0.12	          3.35	15.79	16.18	15.33	15.75	   455.57	120852992	  1.14	造纸	福建	5.40	15.86	35005	41209	  0.85	731	533	--  	          2.27	
002264	新 华 都	-1.04	10.45	-0.11	10.45	10.46	77726	2150	0.09	          1.40	10.55	10.55	10.26	10.56	    25.32	80697208	  1.04	超市连锁	福建	2.75	10.38	45885	31841	  1.44	869	164	--  	          5.56	
002396	星网锐捷	0.65	20.28	0.13	20.27	20.28	92385	1083	0.00	          1.74	20.09	20.53	20.06	20.15	    46.56	187714368	  0.69	通信设备	福建	2.33	20.32	45165	47219	  0.96	89	27	--  	          5.30	
002398	建研集团	0.67	13.62	0.09	13.62	13.63	36137	446	-0.21	          1.42	13.53	13.68	13.44	13.53	    27.53	49093680	  0.76	其他建材	福建	1.77	13.59	16976	19160	  0.89	74	13	--  	          2.55	
002417	三元达	0.26	15.56	0.04	15.56	15.57	28938	122	-0.06	          1.38	15.52	15.70	15.36	15.52	--  	45014452	  0.86	通信设备	福建	2.19	15.56	18874	10063	  1.88	58	92	--  	          2.10	
002474	榕基软件	1.14	13.36	0.15	13.35	13.36	69001	1868	0.14	          1.57	13.20	13.36	13.02	13.21	   306.12	91332344	  0.61	软件服务	福建	2.57	13.24	30541	38460	  0.79	650	1059	--  	          4.41	
002509	天广中茂	--  	12.68	--  	--  	--  	0	0	--  	          0.00	--  	--  	--  	12.68	    56.82	0	  0.00	专用机械	福建	0.00	12.68	0	0	--  	0	0	--  	          8.39	
002517	恺英网络	0.82	31.82	0.26	31.81	31.82	10712	124	0.12	          0.54	31.52	31.89	31.00	31.56	    39.65	33827852	  0.69	互联网	福建	2.82	31.58	4703	6009	  0.78	67	95	--  	          1.99	
002529	海源机械	1.27	19.95	0.25	19.95	19.97	33603	439	0.05	          1.68	20.60	20.60	19.89	19.70	--  	67425824	  2.06	专用机械	福建	3.60	20.07	16597	17005	  0.98	329	15	--  	          2.00	
002578	闽发铝业	--  	11.89	--  	--  	--  	0	0	--  	          0.00	--  	--  	--  	11.89	   332.39	0	  0.00	铝	福建	0.00	11.89	0	0	--  	0	0	--  	          2.74	
002593	日上集团	0.71	7.08	0.05	7.07	7.08	37030	449	0.14	          0.81	7.06	7.11	6.94	7.03	    80.35	26115886	  0.70	汽车配件	福建	2.42	7.05	16949	20080	  0.84	520	154	--  	          4.56	
002614	蒙发利	3.52	15.58	0.53	15.58	15.59	95737	1067	-0.06	          3.30	15.04	15.77	14.91	15.05	    43.70	148089904	  2.75	医疗保健	福建	5.71	15.47	29265	66472	  0.44	497	64	--  	          2.90	
002626	金达威	--  	15.11	--  	--  	--  	0	0	--  	          0.00	--  	--  	--  	15.11	    35.73	0	  0.00	食品	福建	0.00	15.11	0	0	--  	0	0	--  	          5.76	
002639	雪人股份	0.59	11.92	0.07	11.92	11.93	90610	1896	0.16	          2.42	11.89	11.96	11.70	11.85	   400.73	107490136	  0.55	专用机械	福建	2.19	11.86	45603	45007	  1.01	657	593	--  	          3.75	
002674	兴业科技	0.30	16.91	0.05	16.91	16.92	16654	110	-0.47	          0.69	16.86	17.03	16.50	16.86	   117.80	27843860	  0.66	纺织	福建	3.14	16.72	7895	8758	  0.90	5	3	--  	          2.41	
002679	福建金森	0.34	35.48	0.12	35.46	35.48	21606	634	0.59	          1.56	35.37	35.50	35.00	35.36	--  	76213624	  0.60	林业	福建	1.41	35.27	12389	9217	  1.34	20	60	--  	          1.39	
002682	龙洲股份	1.30	14.01	0.18	14.00	14.01	27956	493	0.21	          1.06	13.76	14.03	13.75	13.83	    96.22	38927420	  0.78	公路	福建	2.02	13.92	11445	16510	  0.69	29	160	--  	          2.63	
002702	海欣食品	0.72	18.14	0.13	18.13	18.14	48189	1081	-0.11	          2.94	18.06	18.30	17.88	18.01	   497.93	87044296	  0.58	食品	福建	2.33	18.06	25608	22580	  1.13	66	210	--  	          1.64	
300051	三五互联	--  	13.99	--  	--  	--  	0	0	--  	          0.00	--  	--  	--  	13.99	    67.67	0	  0.00	互联网	福建	0.00	13.99	0	0	--  	0	0	--  	          2.32	
300056	三维丝	7.49	19.65	1.37	19.65	19.66	157673	2629	0.25	          6.29	18.43	19.65	18.38	18.28	    68.23	301882016	  2.36	环境保护	福建	6.95	19.15	71763	85910	  0.84	933	330	--  	          2.51	
300062	中能电气	-0.28	31.69	-0.09	31.68	31.69	17721	162	0.03	          2.14	31.70	31.89	31.34	31.78	    62.90	55848200	  0.74	电气设备	福建	1.73	31.51	9135	8586	  1.06	14	64	--  	          0.83	
300096	易联众	-0.18	16.54	-0.03	16.53	16.54	47561	431	0.12	          1.27	16.57	16.60	16.33	16.57	--  	78215744	  0.47	软件服务	福建	1.63	16.45	27240	20321	  1.34	43	84	--  	          3.73	
300102	乾照光电	0.37	8.21	0.03	8.20	8.21	129210	3335	0.24	          2.12	8.18	8.25	8.11	8.18	   119.56	105840040	  0.79	半导体	福建	1.71	8.19	69546	59663	  1.17	764	1255	--  	          6.10	
300132	青松股份	0.88	10.36	0.09	10.35	10.36	48114	520	0.00	          1.75	10.27	10.40	10.04	10.27	   133.60	48941172	  1.60	化工原料	福建	3.51	10.17	24592	23521	  1.05	68	116	--  	          2.76	
300174	元力股份	-2.54	60.23	-1.57	60.10	60.23	7559	141	0.04	          1.03	61.55	61.78	59.66	61.80	   273.84	45681836	  1.66	化工原料	福建	3.43	60.43	4262	3296	  1.29	1	520	--  	          0.74	
300188	美亚柏科	1.62	20.68	0.33	20.68	20.69	64539	1870	0.14	          2.18	20.25	20.68	19.81	20.35	   167.26	131014224	  0.99	软件服务	福建	4.28	20.30	27167	37371	  0.73	19	683	--  	          2.96	
300198	纳川股份	1.22	7.44	0.09	7.43	7.44	166198	4402	0.13	          2.20	7.31	7.53	7.15	7.35	   174.92	122728032	  0.80	塑料	福建	5.17	7.38	65776	100422	  0.65	812	4380	--  	          7.56	
300299	富春通信	6.69	26.78	1.68	26.77	26.78	313753	7627	0.00	         17.55	24.90	26.85	24.68	25.10	   103.85	813273600	  1.16	通信设备	福建	8.65	25.92	137505	176247	  0.78	1925	196	--  	          1.79	
300341	麦迪电气	0.37	10.75	0.04	10.75	10.76	19772	123	-0.09	          0.54	10.70	10.76	10.50	10.71	    58.48	21020580	  0.61	电气设备	福建	2.43	10.63	10135	9637	  1.05	141	133	--  	          3.69	
600033	福建高速	1.12	3.61	0.04	3.60	3.61	117220	413	0.00	          0.43	3.57	3.61	3.55	3.57	    13.81	42009356	  1.02	路桥	福建	1.68	3.58	42897	74323	  0.58	892	4776	--  	         27.44	
600057	象屿股份	0.36	11.25	0.04	11.25	11.26	42456	31	0.00	          0.38	11.20	11.27	11.05	11.21	    26.33	47469480	  0.69	仓储物流	福建	1.96	11.18	20236	22219	  0.91	203	460	--  	         11.04	
600067	冠城大通	1.11	7.28	0.08	7.27	7.28	78948	1	0.00	          0.53	7.19	7.28	7.13	7.20	    32.81	57101516	  0.90	全国地产	福建	2.08	7.23	37806	41142	  0.92	254	1111	--  	         14.92	
600103	青山纸业	-0.19	5.39	-0.01	5.39	5.40	69252	21	-0.18	          0.65	5.40	5.40	5.32	5.40	   197.95	37120452	  0.85	造纸	福建	1.48	5.36	39947	29304	  1.36	729	3173	--  	         10.62	
600153	建发股份	1.49	10.89	0.16	10.88	10.89	185327	13	0.09	          0.65	10.74	10.90	10.65	10.73	    17.61	200140576	  1.60	商贸代理	福建	2.33	10.80	74578	110749	  0.67	322	652	--  	         28.35	
600163	中闽能源	1.05	5.75	0.06	5.75	5.76	55683	3	0.17	          0.74	5.70	5.76	5.64	5.69	    73.28	31823680	  1.01	新型电力	福建	2.11	5.72	19269	36414	  0.53	1331	2494	--  	          7.54	
600203	福日电子	1.02	11.86	0.12	11.86	11.87	38915	326	0.00	          1.28	11.76	11.87	11.63	11.74	    55.16	45837776	  0.58	元器件	福建	2.04	11.78	17663	21251	  0.83	122	206	--  	          3.03	
600388	龙净环保	0.70	12.94	0.09	12.94	12.95	111545	62	0.07	          1.04	12.85	12.95	12.71	12.85	    24.15	143248896	  0.79	环境保护	福建	1.87	12.84	50706	60838	  0.83	107	320	--  	         10.69	
600436	片仔癀	1.36	48.50	0.65	48.53	48.54	63473	1	0.12	          1.05	47.80	48.90	47.71	47.85	    45.62	307705344	  2.49	中成药	福建	2.49	48.48	29664	33808	  0.88	3	14	--  	          6.03	
600483	福能股份	1.67	11.60	0.19	11.58	11.59	37256	27	0.00	          1.29	11.48	11.63	11.31	11.41	    19.27	42946092	  0.89	火力发电	福建	2.80	11.53	18000	19256	  0.93	130	78	--  	          2.88	
600493	凤竹纺织	-1.34	14.75	-0.20	14.74	14.75	38565	2	0.06	          1.42	14.96	15.00	14.55	14.95	   209.42	56775080	  1.17	纺织	福建	3.01	14.72	16437	22127	  0.74	140	185	--  	          2.72	
600549	厦门钨业	3.31	24.04	0.77	24.05	24.06	138763	91	0.33	          1.57	23.20	24.06	23.18	23.27	   127.40	330446432	  1.31	小金属	福建	3.78	23.81	55906	82856	  0.67	13	108	--  	          8.87	
600563	法拉电子	2.62	38.81	0.99	38.81	38.82	60947	11	-0.07	          2.71	37.71	39.05	37.68	37.82	    23.91	234840608	  1.83	元器件	福建	3.62	38.53	27860	33086	  0.84	61	1	--  	          2.25	
600592	龙溪股份	5.32	17.43	0.88	17.43	17.49	212170	504	0.46	          5.31	16.66	17.52	16.52	16.55	--  	362430400	  0.91	机械基件	福建	6.04	17.08	89792	122378	  0.73	47	152	--  	          4.00	
600660	福耀玻璃	2.49	20.62	0.50	20.63	20.64	248178	68	0.09	          1.24	20.15	20.94	20.05	20.12	    16.45	510976896	  1.68	汽车配件	福建	4.42	20.59	114952	133226	  0.86	74	69	--  	         20.03	
600686	金龙汽车	0.77	15.73	0.12	15.74	15.75	36373	35	0.06	          0.82	15.39	15.82	15.39	15.61	--  	56999936	  1.07	汽车整车	福建	2.75	15.67	14951	21422	  0.70	324	582	--  	          4.43	
600693	东百集团	1.90	12.33	0.23	12.35	12.36	68203	2	0.32	          0.99	12.04	12.39	11.86	12.10	  1025.21	82880472	  1.46	百货	福建	4.38	12.15	23716	44486	  0.53	292	257	--  	          6.85	
600711	盛屯矿业	2.06	7.42	0.15	7.41	7.42	283986	212	0.00	          1.95	7.27	7.43	7.20	7.27	    58.91	209205472	  0.93	小金属	福建	3.16	7.37	123442	160544	  0.77	3080	198	--  	         14.57	
600734	实达集团	-1.34	13.98	-0.19	13.98	13.99	70348	69	-0.07	          2.00	14.18	14.22	13.80	14.17	    51.81	98144320	  0.85	电脑设备	福建	2.96	13.95	38888	31460	  1.24	129	298	--  	          3.51	
600755	厦门国贸	1.05	8.64	0.09	8.63	8.64	111830	1	0.00	          0.67	8.53	8.64	8.51	8.55	    13.76	96184584	  0.82	商贸代理	福建	1.52	8.60	54778	57052	  0.96	428	1320	--  	         16.65	
600802	福建水泥	0.56	12.47	0.07	12.47	12.48	272424	121	0.32	          7.13	12.35	12.48	12.10	12.40	--  	335263552	  0.86	水泥	福建	3.06	12.31	129466	142958	  0.91	207	1259	--  	          3.82	
600815	厦工股份	0.85	7.12	0.06	7.11	7.12	93522	8	0.28	          0.98	7.07	7.15	6.99	7.06	--  	66275996	  0.66	工程机械	福建	2.27	7.09	42555	50966	  0.83	1789	419	--  	          9.59	
600897	厦门空港	1.87	23.99	0.44	23.98	23.99	19564	17	0.16	          0.66	23.55	24.07	23.47	23.55	    16.52	46663092	  1.31	机场	福建	2.55	23.85	8242	11322	  0.73	21	14	--  	          2.98	
601377	兴业证券	0.64	7.84	0.05	7.83	7.84	314904	16	0.25	          0.47	7.78	7.84	7.73	7.79	    19.26	245315088	  1.27	证券	福建	1.41	7.79	112480	202424	  0.56	2226	3001	--  	         66.97	
601566	九牧王	0.47	16.94	0.08	16.93	16.95	13269	13	0.11	          0.23	16.86	16.98	16.68	16.86	    23.35	22388364	  0.85	服饰	福建	1.78	16.87	5456	7813	  0.70	27	151	--  	          5.75	
601933	永辉超市	2.76	5.59	0.15	5.59	5.60	1062550	50	0.00	          1.63	5.43	5.74	5.42	5.44	    49.20	593722112	  1.97	超市连锁	福建	5.88	5.59	464259	598290	  0.78	482	6474	--  	         65.09	
数据来源:通达信
