代码	名称	涨幅%%	现价	涨跌	买价	卖价	总量	现量	涨速%%	换手%%	今开	最高	最低	昨收	市盈(动)	总金额	量比	细分行业	地区	振幅%%	均价	内盘	外盘	内外比	买量	卖量	未匹配量	流通股(亿)	
000007	全新好	--  	23.81	--  	--  	--  	0	0	--  	          0.00	--  	--  	--  	23.81	   237.21	0	  0.00	酒店餐饮	深圳	0.00	23.81	0	0	--  	0	0	--  	          2.06	
000100	TCL 集团	0.85	3.58	0.03	3.58	3.59	503236	4821	0.00	          0.56	3.55	3.59	3.51	3.55	    21.32	178647712	  0.92	家用电器	广东	2.25	3.55	210404	292831	  0.72	721	35650	--  	         90.01	
000159	国际实业	0.96	9.49	0.09	9.48	9.49	136867	1679	0.21	          2.84	9.38	9.54	9.23	9.40	   294.68	128967680	  0.71	石油贸易	新疆	3.30	9.42	66872	69995	  0.96	394	1270	--  	          4.81	
000408	*ST金源	0.00	16.06	0.00	16.06	16.07	11699	737	0.06	          0.46	16.03	16.10	15.90	16.06	    53.36	18723940	  0.79	商贸代理	河北	1.25	16.01	6143	5555	  1.11	420	153	--  	          2.52	
000502	绿景控股	1.38	17.69	0.24	17.69	17.70	23871	373	-0.05	          1.30	17.47	17.70	17.33	17.45	--  	41904820	  0.60	医疗保健	广东	2.12	17.55	9440	14431	  0.65	34	240	--  	          1.83	
000506	中润资源	1.97	10.36	0.20	10.36	10.37	235687	2972	0.29	          2.54	10.16	10.58	10.10	10.16	  1104.70	244037104	  1.43	区域地产	山东	4.72	10.35	112540	123147	  0.91	1597	227	--  	          9.29	
000511	*ST烯碳	-1.22	6.47	-0.08	6.47	6.48	568318	12800	0.31	          4.92	6.40	6.53	6.22	6.55	--  	361703552	  0.77	矿物制品	辽宁	4.73	6.36	312224	256094	  1.22	3127	1027	--  	         11.55	
000534	万泽股份	1.22	15.74	0.19	15.73	15.74	16155	260	-0.12	          0.33	15.52	15.85	15.48	15.55	   101.60	25406802	  0.64	区域地产	广东	2.38	15.73	6706	9449	  0.71	30	82	--  	          4.91	
000540	中天城投	2.76	6.70	0.18	6.69	6.70	414902	7851	0.00	          1.05	6.52	6.75	6.44	6.52	    11.50	274821088	  2.09	区域地产	贵州	4.75	6.62	157088	257813	  0.61	3819	2627	--  	         39.46	
000547	航天发展	0.91	15.57	0.14	15.57	15.58	93983	1348	0.06	          1.04	15.43	15.62	15.37	15.43	   112.43	145818736	  0.55	通信设备	福建	1.62	15.52	45349	48634	  0.93	268	760	--  	          9.01	
000710	*ST天仪	4.99	52.98	2.52	52.98	--  	31672	2	0.00	          2.09	50.99	52.98	50.70	50.46	--  	165738928	  0.61	汽车配件	四川	4.52	52.33	16271	15400	  1.06	6730	0	--  	          1.51	
000711	京蓝科技	-9.99	29.29	-3.25	--  	29.29	155113	1024	0.00	          9.64	29.29	32.00	29.29	32.54	--  	462125504	  5.98	软件服务	黑龙江	8.33	29.79	58267	96845	  0.60	0	5131	--  	          1.61	
000718	苏宁环球	0.41	7.27	0.03	7.26	7.27	177690	4333	0.00	          0.78	7.23	7.29	7.08	7.24	    20.54	127732040	  1.49	区域地产	吉林	2.90	7.19	75804	101886	  0.74	1560	1086	--  	         22.89	
000813	德展健康	0.41	14.68	0.06	14.68	14.69	16585	482	0.00	          0.46	14.65	14.75	14.48	14.62	    31.64	24278890	  0.67	化学制药	新疆	1.85	14.64	7115	9470	  0.75	131	297	--  	          3.63	
000816	智慧农业	0.15	6.66	0.01	6.65	6.66	126692	2204	0.15	          1.16	6.65	6.67	6.57	6.65	   859.91	84138312	  1.01	机械基件	江苏	1.50	6.64	63717	62974	  1.01	2122	3353	--  	         10.89	
000850	华茂股份	0.65	6.22	0.04	6.21	6.22	63397	1790	0.16	          0.67	6.16	6.23	6.15	6.18	    71.07	39304156	  0.80	纺织	安徽	1.29	6.20	30061	33335	  0.90	1906	780	--  	          9.43	
000861	海印股份	0.21	4.72	0.01	4.71	4.72	52774	578	0.21	          0.30	4.71	4.72	4.66	4.71	    61.26	24763622	  0.73	房产服务	广东	1.27	4.69	30232	22541	  1.34	892	2078	--  	         17.61	
000908	景峰医药	0.88	10.37	0.09	10.36	10.37	23642	254	0.00	          0.49	10.25	10.38	10.25	10.28	    40.93	24399566	  0.76	化学制药	湖南	1.26	10.32	10928	12714	  0.86	163	194	--  	          4.80	
000979	中弘股份	--  	2.66	--  	--  	--  	0	0	--  	          0.00	--  	--  	--  	2.66	    74.11	0	  0.00	区域地产	安徽	0.00	2.66	0	0	--  	0	0	--  	         46.08	
002021	中捷资源	0.65	9.26	0.06	9.25	9.26	37884	264	0.00	          0.67	9.23	9.30	9.14	9.20	--  	35001700	  0.78	纺织机械	浙江	1.74	9.24	16472	21411	  0.77	362	322	--  	          5.68	
002070	众和股份	-0.75	14.55	-0.11	14.55	14.56	248769	2158	0.06	          4.39	14.50	14.78	14.35	14.66	   134.19	361634656	  0.71	纺织	福建	2.93	14.54	133579	115190	  1.16	736	648	--  	          5.67	
002125	湘潭电化	-0.08	12.52	-0.01	12.52	12.53	38207	272	0.00	          1.72	12.52	12.56	12.31	12.53	   237.71	47509072	  0.74	化工原料	湖南	2.00	12.43	21911	16295	  1.34	570	3	--  	          2.23	
002162	悦心健康	--  	6.61	--  	--  	--  	0	0	--  	          0.00	--  	--  	--  	6.61	  2006.90	0	  0.00	医疗保健	上海	0.00	6.61	0	0	--  	0	0	--  	          8.15	
002176	江特电机	2.59	12.26	0.31	12.25	12.26	370245	2505	0.24	          3.19	11.90	12.30	11.85	11.95	    91.29	450583232	  1.39	电气设备	江西	3.77	12.17	165595	204650	  0.81	2573	4177	--  	         11.62	
002192	融捷股份	-0.95	25.09	-0.24	25.09	25.10	69881	1156	0.03	          3.67	25.10	25.52	24.72	25.33	  4733.18	175796480	  0.80	专用机械	广东	3.16	25.16	36326	33555	  1.08	22	22	--  	          1.90	
002203	海亮股份	0.45	9.01	0.04	9.01	9.02	123240	2098	0.11	          0.85	8.93	9.06	8.83	8.97	    28.82	110425008	  0.55	铜	浙江	2.56	8.96	62374	60865	  1.02	772	626	--  	         14.45	
002206	海 利 得	1.25	19.44	0.24	19.44	19.45	77477	1189	0.05	          2.25	19.15	19.45	19.11	19.20	    30.64	149421280	  0.94	化纤	浙江	1.77	19.29	36122	41354	  0.87	223	1212	--  	          3.44	
002225	濮耐股份	-0.16	6.30	-0.01	6.30	6.31	75426	377	0.00	          1.28	6.29	6.31	6.20	6.31	    65.25	47070028	  0.50	其他建材	河南	1.74	6.24	45829	29596	  1.55	759	1070	--  	          5.90	
002239	奥特佳	0.86	14.13	0.12	14.13	14.14	94555	622	0.00	          1.63	14.10	14.22	14.08	14.01	    43.79	133873448	  1.27	汽车配件	江苏	1.00	14.16	45369	49185	  0.92	1788	346	--  	          5.81	
002326	永太科技	0.44	16.11	0.07	16.11	16.12	34558	906	0.00	          0.65	15.97	16.18	15.84	16.04	    80.61	55500040	  0.66	化工原料	浙江	2.12	16.06	17877	16681	  1.07	107	321	--  	          5.32	
002328	新朋股份	0.47	10.72	0.05	10.72	10.73	50370	752	0.00	          1.55	10.65	10.73	10.50	10.67	    50.19	53619436	  0.71	汽车配件	上海	2.16	10.65	26820	23550	  1.14	2	712	--  	          3.25	
002392	北京利尔	0.34	5.88	0.02	5.87	5.88	107529	687	-0.16	          1.65	5.83	5.90	5.76	5.86	    37.57	62813452	  0.71	其他建材	北京	2.39	5.84	57643	49885	  1.16	122	229	--  	          6.50	
002418	康盛股份	-0.42	9.51	-0.04	9.51	9.52	70039	718	0.00	          1.27	9.56	9.58	9.44	9.55	    53.37	66551000	  0.94	机械基件	浙江	1.47	9.50	38396	31643	  1.21	592	691	--  	          5.54	
002449	国星光电	1.99	14.36	0.28	14.36	14.37	55824	497	0.00	          1.67	14.08	14.38	13.97	14.08	    39.14	79321672	  0.94	半导体	广东	2.91	14.21	25416	30407	  0.84	250	360	--  	          3.35	
002459	天业通联	-1.00	16.88	-0.17	16.87	16.88	46790	435	-0.23	          2.30	17.05	17.12	16.77	17.05	   453.97	78931400	  1.79	工程机械	河北	2.05	16.87	28313	18477	  1.53	531	92	--  	          2.04	
002470	金正大	0.13	7.46	0.01	7.46	7.47	81214	1754	-0.13	          0.30	7.41	7.48	7.39	7.45	    15.58	60457848	  0.69	农药化肥	山东	1.21	7.44	41457	39757	  1.04	1659	791	--  	         27.09	
002481	双塔食品	2.10	8.74	0.18	8.74	8.75	140292	3218	0.00	          1.15	8.57	8.78	8.54	8.56	    81.40	121993480	  1.49	食品	山东	2.80	8.70	63905	76387	  0.84	420	2789	--  	         12.23	
002545	东方铁塔	-0.84	11.84	-0.10	11.84	11.85	45307	1229	-0.08	          1.61	11.83	11.93	11.76	11.94	   145.36	53700660	  0.54	钢加工	山东	1.42	11.85	25886	19420	  1.33	333	857	--  	          2.81	
600039	四川路桥	0.63	4.83	0.03	4.82	4.83	300470	20	0.20	          1.00	4.80	4.83	4.74	4.80	    19.02	143692144	  1.41	建筑施工	四川	1.88	4.78	128974	171495	  0.75	2964	4774	--  	         30.20	
600051	宁波联合	0.23	13.28	0.03	13.28	13.29	33300	14	0.37	          1.08	13.16	13.29	13.03	13.25	    31.74	43892104	  0.65	综合类	浙江	1.96	13.18	17742	15557	  1.14	285	187	--  	          3.07	
600083	博信股份	0.00	21.97	0.00	--  	--  	0	0	0.00	          0.00	--  	--  	--  	21.97	   785.34	0	  0.00	建筑施工	广东	0.00	21.97	0	0	--  	0	0	--  	          2.27	
600089	特变电工	1.06	10.53	0.11	10.54	10.55	437797	51	0.19	          1.37	10.46	10.62	10.36	10.42	    14.47	458537184	  1.35	电气设备	新疆	2.50	10.47	222598	215198	  1.03	1480	1624	--  	         32.00	
600090	同济堂	0.09	11.32	0.01	11.31	11.32	26077	80	0.00	          0.71	11.27	11.33	11.20	11.31	    49.37	29434536	  0.91	医药商业	新疆	1.15	11.29	8979	17098	  0.53	201	374	--  	          3.68	
600101	明星电力	0.83	12.17	0.10	12.17	12.18	53488	42	0.08	          1.65	12.08	12.19	12.03	12.07	    33.02	64810020	  0.48	水力发电	四川	1.33	12.12	24322	29165	  0.83	447	570	--  	          3.24	
600112	天成控股	0.28	10.84	0.03	10.83	10.84	125285	10	-0.09	          2.46	10.70	10.87	10.65	10.81	   754.37	135066144	  0.63	电气设备	贵州	2.04	10.78	67474	57811	  1.17	1450	652	--  	          5.09	
600162	香江控股	0.77	3.92	0.03	3.91	3.92	123820	3	0.25	          0.70	3.89	3.92	3.86	3.89	    20.97	48270272	  1.33	全国地产	深圳	1.54	3.90	60879	62941	  0.97	2345	13035	--  	         17.62	
600208	新湖中宝	0.00	5.14	0.00	--  	--  	0	0	0.00	          0.00	--  	--  	--  	5.14	    47.74	0	  0.00	全国地产	浙江	0.00	5.14	0	0	--  	0	0	--  	         85.98	
600240	华业资本	0.62	11.36	0.07	11.35	11.36	75736	3	-0.08	          0.53	11.26	11.42	11.20	11.29	    14.00	85811320	  0.71	全国地产	北京	1.95	11.33	41998	33737	  1.24	89	170	--  	         14.24	
600247	ST成城	-0.96	12.34	-0.12	12.33	12.35	14444	10	-0.48	          0.43	12.37	12.45	12.27	12.46	--  	17839318	  0.81	商贸代理	吉林	1.44	12.35	7913	6531	  1.21	47	72	--  	          3.36	
600251	冠农股份	-0.92	8.63	-0.08	8.62	8.63	123885	10	0.23	          1.58	8.66	8.70	8.44	8.71	   416.60	106007544	  0.82	农业综合	新疆	2.99	8.56	75095	48790	  1.54	336	290	--  	          7.85	
600275	武昌鱼	-2.63	14.43	-0.39	14.42	14.43	123674	37	0.20	          2.43	14.65	14.80	14.31	14.82	--  	178707040	  0.80	农业综合	湖北	3.31	14.45	64238	59435	  1.08	433	85	--  	          5.09	
600326	西藏天路	0.39	10.21	0.04	10.21	10.22	143351	12	0.19	          2.15	10.11	10.25	10.00	10.17	    29.86	145253984	  0.74	建筑施工	西藏	2.46	10.13	70096	73254	  0.96	315	24	--  	          6.66	
600336	澳柯玛	0.26	7.60	0.02	7.59	7.60	50302	30	0.13	          0.74	7.58	7.60	7.46	7.58	    73.90	37973112	  0.85	家用电器	山东	1.85	7.55	24167	26135	  0.92	435	163	--  	          6.80	
600359	新农开发	-2.16	9.52	-0.21	9.51	9.52	164904	22	0.10	          4.32	9.65	9.67	9.36	9.73	--  	156076048	  0.55	农业综合	新疆	3.19	9.46	95755	69149	  1.38	468	154	--  	          3.82	
600368	五洲交通	0.16	6.14	0.01	6.14	6.15	72546	10	0.00	          0.87	6.10	6.16	6.05	6.13	    23.04	44401836	  0.89	路桥	广西	1.79	6.12	24276	48269	  0.50	2044	2357	--  	          8.34	
600393	粤泰股份	5.80	16.24	0.89	16.20	16.24	81778	6	-0.06	          2.73	15.42	16.48	15.42	15.35	   141.89	130212928	  0.87	全国地产	广东	6.91	15.92	37130	44648	  0.83	45	33	--  	          3.00	
600482	中国动力	0.18	32.67	0.06	32.69	32.70	59070	1	-0.03	          1.11	32.87	33.18	32.63	32.61	    52.94	194370208	  1.38	电气设备	河北	1.69	32.90	28811	30259	  0.95	61	243	--  	          5.31	
600505	西昌电力	0.95	10.58	0.10	10.57	10.58	46958	7	0.00	          1.29	10.47	10.59	10.21	10.48	    65.51	48840960	  0.67	水力发电	四川	3.63	10.40	19544	27414	  0.71	13	217	--  	          3.65	
600575	皖江物流	0.36	5.60	0.02	5.60	5.61	54552	45	0.00	          0.38	5.56	5.61	5.50	5.58	    41.07	30310336	  0.50	水运	安徽	1.97	5.56	27098	27454	  0.99	120	845	--  	         14.23	
600596	新安股份	0.90	10.10	0.09	10.10	10.11	122862	71	0.00	          1.81	10.00	10.17	9.74	10.01	--  	122119752	  0.62	农药化肥	浙江	4.30	9.94	56846	66015	  0.86	425	121	--  	          6.79	
600603	*ST兴业	3.06	16.16	0.48	16.16	16.17	30561	10	0.12	          1.57	15.75	16.26	15.62	15.68	--  	49068056	  0.76	综合类	福建	4.08	16.06	12970	17591	  0.74	2	205	--  	          1.95	
600614	鹏起科技	0.93	12.97	0.12	12.97	12.98	194954	21	0.15	          1.65	12.88	13.13	12.74	12.85	    87.15	253360496	  0.65	综合类	上海	3.04	13.00	96774	98179	  0.99	278	455	--  	         11.80	
600734	实达集团	-1.34	13.98	-0.19	13.98	13.99	70348	69	-0.07	          2.00	14.18	14.22	13.80	14.17	    51.81	98144320	  0.85	电脑设备	福建	2.96	13.95	38888	31460	  1.24	129	298	--  	          3.51	
600744	华银电力	0.58	5.18	0.03	5.17	5.18	48763	20	0.19	          0.59	5.15	5.18	5.10	5.15	--  	25089348	  0.87	火力发电	湖南	1.55	5.15	25006	23756	  1.05	573	1790	--  	          8.28	
600745	中茵股份	0.05	20.00	0.01	19.99	20.00	45360	4	0.40	          0.94	19.99	20.18	19.71	19.99	   286.24	90624496	  0.97	通信设备	湖北	2.35	19.98	22610	22749	  0.99	18	113	--  	          4.83	
600747	大连控股	0.00	5.20	0.00	--  	--  	0	0	0.00	          0.00	--  	--  	--  	5.20	--  	0	  0.00	多元金融	辽宁	0.00	5.20	0	0	--  	0	0	--  	         10.64	
600759	洲际油气	-0.37	8.08	-0.03	8.07	8.08	124624	168	0.00	          0.79	8.08	8.09	8.02	8.11	  1562.96	100439608	  0.67	石油开采	海南	0.86	8.06	69457	55167	  1.26	1687	769	--  	         15.81	
600773	西藏城投	2.04	13.02	0.26	13.02	13.03	104923	25	0.07	          1.44	12.80	13.10	12.70	12.76	   162.61	135851184	  1.24	区域地产	西藏	3.13	12.95	42674	62248	  0.69	56	580	--  	          7.29	
600792	云煤能源	1.44	5.65	0.08	5.64	5.65	62648	10	0.00	          0.63	5.58	5.66	5.52	5.57	--  	35125424	  0.94	焦炭加工	云南	2.51	5.61	18303	44344	  0.41	825	870	--  	          9.90	
600807	天业股份	0.00	13.73	0.00	--  	--  	0	0	0.00	          0.00	--  	--  	--  	13.73	   104.59	0	  0.00	区域地产	山东	0.00	13.73	0	0	--  	0	0	--  	          6.44	
600811	东方集团	0.56	7.22	0.04	7.21	7.22	68589	3	0.00	          0.41	7.20	7.22	7.13	7.18	    30.52	49303456	  0.83	综合类	黑龙江	1.25	7.19	25468	43120	  0.59	835	182	--  	         16.67	
600868	梅雁吉祥	-0.18	5.60	-0.01	5.59	5.60	322766	53	0.35	          1.70	5.60	5.60	5.53	5.61	   155.84	179780208	  0.56	水力发电	广东	1.25	5.57	183342	139424	  1.31	2572	3322	--  	         18.98	
600987	航民股份	0.31	12.74	0.04	12.74	12.75	47217	100	0.15	          0.74	12.68	12.76	12.54	12.70	    17.00	59828072	  0.75	纺织	浙江	1.73	12.67	23247	23969	  0.97	295	437	--  	          6.35	
数据来源:通达信
