代码	名称	涨幅%%	现价	涨跌	买价	卖价	总量	现量	涨速%%	换手%%	今开	最高	最低	昨收	市盈(动)	总金额	量比	细分行业	地区	振幅%%	均价	内盘	外盘	内外比	买量	卖量	未匹配量	流通股(亿)	
000507	珠海港	1.02	6.93	0.07	6.92	6.93	99624	1278	0.00	          1.29	6.84	6.93	6.81	6.86	    48.85	68639448	  0.42	港口	广东	1.75	6.89	42730	56894	  0.75	2886	1199	--  	          7.72	
000682	东方电子	--  	5.20	--  	--  	--  	0	0	--  	          0.00	--  	--  	--  	5.20	   130.36	0	  0.00	电气设备	山东	0.00	5.20	0	0	--  	0	0	--  	          9.78	
000701	厦门信达	-0.07	14.60	-0.01	14.59	14.60	61208	1561	-0.06	          1.72	14.56	14.65	14.47	14.61	    46.11	89260472	  1.00	综合类	福建	1.23	14.58	23866	37342	  0.64	1167	79264	--  	          3.57	
000801	四川九洲	1.53	11.98	0.18	11.98	11.99	94746	903	-0.08	          0.93	11.87	12.08	11.80	11.80	   131.28	113355480	  0.89	通信设备	四川	2.37	11.96	49483	45263	  1.09	648	184	--  	         10.23	
000851	高鸿股份	2.63	12.50	0.32	12.49	12.50	181052	2040	0.08	          3.48	12.18	12.55	12.07	12.18	   145.01	224786416	  1.39	软件服务	贵州	3.94	12.42	80118	100933	  0.79	1003	1849	--  	          5.20	
000901	航天科技	1.03	36.34	0.37	36.33	36.34	33034	801	0.08	          1.02	36.01	36.39	35.82	35.97	   399.85	119620544	  0.56	航空	黑龙江	1.58	36.21	15431	17603	  0.88	597	146	--  	          3.24	
000917	电广传媒	1.92	14.36	0.27	14.35	14.36	181244	2053	0.06	          1.71	14.13	14.46	14.04	14.09	    71.28	258767568	  1.49	影视音像	湖南	2.98	14.28	73307	107936	  0.68	136	131	--  	         10.62	
000988	华工科技	2.30	16.02	0.36	16.01	16.02	184570	2453	0.12	          2.07	15.66	16.08	15.55	15.66	    63.87	293708800	  1.42	电器仪表	湖北	3.38	15.91	78738	105832	  0.74	1592	2041	--  	          8.91	
000997	新 大 陆	3.68	19.17	0.68	19.16	19.17	223482	3992	0.05	          2.42	18.68	19.21	18.52	18.49	    37.57	424840672	  2.03	软件服务	福建	3.73	19.01	105007	118474	  0.89	1261	1045	--  	          9.24	
002017	东信和平	0.28	14.09	0.04	14.08	14.09	41431	892	0.07	          1.21	14.07	14.12	13.88	14.05	    88.22	58097868	  0.92	通信设备	广东	1.71	14.02	21222	20208	  1.05	331	789	--  	          3.44	
002028	思源电气	5.08	16.35	0.79	16.35	16.36	125669	3467	0.06	          2.17	15.71	16.36	15.45	15.56	    39.15	201148784	  1.11	电气设备	上海	5.85	16.01	50736	74932	  0.68	3	346	--  	          5.79	
002073	软控股份	0.95	10.65	0.10	10.64	10.65	42608	461	0.09	          0.68	10.54	10.69	10.51	10.55	--  	45255732	  0.86	软件服务	山东	1.71	10.62	20221	22386	  0.90	557	402	--  	          6.26	
002079	苏州固锝	2.84	9.40	0.26	9.39	9.40	139144	3810	0.10	          1.92	9.14	9.41	9.07	9.14	    64.31	129617120	  1.52	半导体	江苏	3.72	9.32	53175	85969	  0.62	880	3940	--  	          7.26	
002093	国脉科技	-1.42	11.08	-0.16	11.07	11.08	192673	4074	0.00	          2.26	11.52	11.53	10.99	11.24	   164.60	215019456	  1.85	电信运营	福建	4.80	11.16	85960	106712	  0.81	1495	890	--  	          8.52	
002104	恒宝股份	1.19	11.04	0.13	11.04	11.05	64669	1615	0.09	          0.91	10.93	11.04	10.82	10.91	    47.18	70832200	  0.90	元器件	江苏	2.02	10.95	29192	35477	  0.82	75	1099	--  	          7.09	
002121	科陆电子	-0.33	9.15	-0.03	9.14	9.15	48467	1115	0.00	          0.69	9.20	9.20	9.07	9.18	   117.01	44213000	  0.78	电器仪表	深圳	1.42	9.12	30582	17884	  1.71	859	177	--  	          7.01	
002139	拓邦股份	2.86	14.38	0.40	14.37	14.38	99772	2456	0.06	          3.45	13.96	14.38	13.82	13.98	    46.49	141763648	  1.41	元器件	深圳	4.01	14.21	40070	59701	  0.67	1133	298	--  	          2.89	
002151	北斗星通	0.19	31.97	0.06	31.97	31.98	44204	466	0.06	          1.89	31.92	32.25	31.70	31.91	   235.80	141331392	  0.44	通信设备	北京	1.72	31.97	23692	20512	  1.16	654	52	--  	          2.34	
002161	远 望 谷	0.93	10.83	0.10	10.82	10.83	52861	1281	0.00	          0.76	10.75	10.84	10.60	10.73	--  	56912048	  0.95	通信设备	深圳	2.24	10.77	22710	30151	  0.75	418	486	--  	          6.98	
002169	智光电气	-0.58	20.65	-0.12	20.65	20.66	103772	1872	0.09	          4.13	20.74	20.74	20.25	20.77	    67.37	212935968	  0.66	电气设备	广东	2.36	20.52	58498	45274	  1.29	588	236	--  	          2.51	
002183	怡 亚 通	1.48	10.99	0.16	10.98	10.99	212643	1216	0.00	          1.01	10.80	11.05	10.72	10.83	    38.33	232177712	  1.41	仓储物流	深圳	3.05	10.92	104900	107743	  0.97	272	2505	--  	         20.98	
002210	飞马国际	-0.53	20.60	-0.11	20.59	20.60	16299	179	0.19	          0.22	20.51	20.60	20.33	20.71	   106.02	33375990	  0.77	仓储物流	深圳	1.30	20.48	7139	9159	  0.78	15	649	--  	          7.57	
002231	奥维通信	1.47	13.80	0.20	13.79	13.80	37908	667	0.14	          1.51	13.55	13.83	13.51	13.60	--  	51937376	  1.08	通信设备	辽宁	2.35	13.70	13374	24534	  0.55	81	276	--  	          2.50	
002303	美盈森	0.62	9.73	0.06	9.72	9.73	50055	641	0.00	          0.49	9.70	9.74	9.59	9.67	    53.14	48485060	  0.70	造纸	深圳	1.55	9.69	22359	27695	  0.81	667	88	--  	         10.21	
002339	积成电子	1.67	18.91	0.31	18.90	18.91	62722	732	0.05	          2.12	18.62	18.92	18.42	18.60	    67.47	117444640	  1.08	电气设备	山东	2.69	18.72	25061	37660	  0.67	102	482	--  	          2.96	
002402	和而泰	6.35	11.06	0.66	11.06	11.07	402556	4193	0.09	          6.65	10.45	11.35	10.34	10.40	    71.99	436566592	  2.73	元器件	深圳	9.71	10.84	159778	242778	  0.66	2024	608	--  	          6.06	
002474	榕基软件	1.14	13.36	0.15	13.35	13.36	69001	1868	0.14	          1.57	13.20	13.36	13.02	13.21	   306.12	91332344	  0.61	软件服务	福建	2.57	13.24	30541	38460	  0.79	650	1059	--  	          4.41	
002512	达华智能	0.13	15.78	0.02	15.78	15.79	49048	1235	0.06	          0.86	15.76	15.85	15.55	15.76	   207.34	77116776	  0.46	元器件	广东	1.90	15.72	27436	21612	  1.27	91	368	--  	          5.72	
002642	荣之联	3.80	22.65	0.83	22.64	22.65	285087	3231	-0.22	          7.45	22.25	23.88	21.87	21.82	   190.49	649338240	  2.05	软件服务	北京	9.21	22.78	128314	156772	  0.82	827	240	--  	          3.83	
300007	汉威电子	1.63	19.97	0.32	19.96	19.97	43931	519	-0.05	          1.96	19.63	20.08	19.26	19.65	    73.57	86488880	  0.96	电器仪表	河南	4.17	19.69	21347	22583	  0.95	307	151	--  	          2.24	
300014	亿纬锂能	-1.48	37.20	-0.56	37.20	37.21	235720	2040	0.10	          5.75	37.58	38.17	36.93	37.76	    63.10	880687680	  0.95	元器件	广东	3.28	37.36	129553	106167	  1.22	151	111	--  	          4.10	
300028	金亚科技	-1.79	13.20	-0.24	13.20	13.21	178070	3051	0.00	          7.19	13.49	13.58	13.11	13.44	   390.45	236503104	  1.06	通信设备	四川	3.50	13.28	95483	82586	  1.16	464	392	--  	          2.48	
300050	世纪鼎利	-0.24	12.47	-0.03	12.47	12.48	52373	521	0.16	          1.60	12.56	12.57	12.38	12.50	    51.87	65275332	  0.70	软件服务	广东	1.52	12.46	33532	18841	  1.78	33	60	--  	          3.28	
300066	三川智慧	1.24	6.51	0.08	6.50	6.51	80815	1426	0.15	          0.86	6.40	6.51	6.31	6.43	    44.70	51744096	  0.94	电器仪表	江西	3.11	6.40	37855	42959	  0.88	792	1039	--  	          9.38	
300077	国民技术	0.63	16.08	0.10	16.07	16.08	138202	2336	0.00	          2.57	15.90	16.11	15.69	15.98	   144.57	220199840	  0.79	半导体	深圳	2.63	15.93	65272	72929	  0.90	212	14	--  	          5.38	
300078	思创医惠	4.07	25.30	0.99	25.30	25.31	88219	1193	0.19	          3.21	24.33	25.50	24.32	24.31	    84.72	221588544	  0.88	元器件	浙江	4.85	25.12	38413	49806	  0.77	239	33	--  	          2.74	
300096	易联众	-0.18	16.54	-0.03	16.53	16.54	47561	431	0.12	          1.27	16.57	16.60	16.33	16.57	--  	78215744	  0.47	软件服务	福建	1.63	16.45	27240	20321	  1.34	43	84	--  	          3.73	
300098	高新兴	1.36	13.41	0.18	13.41	13.42	139500	2098	0.07	          2.55	13.22	13.47	13.14	13.23	    53.90	186126608	  0.93	通信设备	广东	2.49	13.34	57702	81797	  0.71	286	1096	--  	          5.46	
300131	英唐智控	1.53	9.93	0.15	9.93	9.94	286826	4299	0.10	          4.57	9.77	9.96	9.69	9.78	    52.73	283606528	  1.27	元器件	深圳	2.76	9.89	131019	155807	  0.84	229	1872	--  	          6.28	
300134	大富科技	--  	23.36	--  	--  	--  	0	0	--  	          0.00	--  	--  	--  	23.36	   281.18	0	  0.00	通信设备	深圳	0.00	23.36	0	0	--  	0	0	--  	          7.12	
300155	安居宝	0.51	11.92	0.06	11.92	11.93	30529	586	0.16	          1.11	11.85	11.93	11.64	11.86	   363.12	36096688	  0.74	元器件	广东	2.45	11.82	13806	16723	  0.83	533	347	--  	          2.74	
300168	万达信息	-0.05	18.20	-0.01	18.20	18.21	123949	1053	0.00	          1.23	18.04	18.34	18.01	18.21	   160.80	225205760	  1.02	软件服务	上海	1.81	18.17	65005	58944	  1.10	416	671	--  	         10.09	
300184	力源信息	-0.80	14.79	-0.12	14.79	14.80	45996	639	-0.06	          1.60	14.78	14.83	14.57	14.91	   131.15	67605080	  0.95	元器件	湖北	1.74	14.70	22332	23663	  0.94	411	617	--  	          2.88	
300203	聚光科技	1.30	31.08	0.40	31.08	31.09	68942	886	0.09	          1.54	30.56	31.23	30.48	30.68	    41.89	212932000	  0.79	环境保护	浙江	2.44	30.89	35408	33533	  1.06	208	287	--  	          4.49	
300208	恒顺众昇	0.13	15.44	0.02	15.44	15.45	39305	259	0.12	          0.65	15.44	15.46	15.12	15.42	    42.32	60035352	  0.99	电气设备	山东	2.20	15.27	18591	20714	  0.90	907	254	--  	          6.08	
300209	天泽信息	--  	27.82	--  	--  	--  	0	0	--  	          0.00	--  	--  	--  	27.82	   115.15	0	  0.00	软件服务	江苏	0.00	27.82	0	0	--  	0	0	--  	          2.11	
300213	佳讯飞鸿	1.68	24.25	0.40	24.24	24.25	44313	990	0.12	          2.84	23.86	24.25	23.61	23.85	    71.30	106464360	  0.85	通信设备	北京	2.68	24.03	21336	22977	  0.93	109	189	--  	          1.56	
300248	新开普	-0.40	22.30	-0.09	22.30	22.31	36407	1045	-0.04	          1.98	22.33	22.35	21.90	22.39	   175.37	80597096	  0.68	软件服务	河南	2.01	22.14	17859	18547	  0.96	755	98	--  	          1.84	
300259	新天科技	1.32	10.73	0.14	10.73	10.74	26992	593	-0.18	          1.05	10.59	10.75	10.59	10.59	    62.58	28789552	  0.97	电器仪表	河南	1.51	10.67	10973	16018	  0.69	14	345	--  	          2.58	
300275	梅安森	0.20	29.36	0.06	29.36	29.40	27008	1018	0.17	          2.39	29.09	30.10	28.80	29.30	--  	79920304	  0.65	软件服务	重庆	4.44	29.59	14343	12664	  1.13	35	12	--  	          1.13	
300299	富春通信	6.69	26.78	1.68	26.77	26.78	313753	7627	0.00	         17.55	24.90	26.85	24.68	25.10	   103.85	813273600	  1.16	通信设备	福建	8.65	25.92	137505	176247	  0.78	1925	196	--  	          1.79	
300312	邦讯技术	1.10	17.52	0.19	17.52	17.53	37529	507	0.63	          2.13	17.37	17.68	17.23	17.33	--  	65700668	  0.68	通信设备	北京	2.60	17.51	15707	21821	  0.72	106	102	--  	          1.76	
300324	旋极信息	0.93	21.60	0.20	21.60	21.61	54285	391	0.00	          0.94	21.42	22.00	21.36	21.40	    92.75	118002864	  0.83	软件服务	北京	2.99	21.74	28003	26282	  1.07	159	5	--  	          5.79	
300349	金卡股份	0.71	31.28	0.22	31.28	31.30	11714	354	0.22	          0.78	30.98	31.29	30.91	31.06	    98.95	36530772	  0.72	电器仪表	浙江	1.22	31.19	5067	6646	  0.76	57	5	--  	          1.49	
300350	华鹏飞	1.00	23.16	0.23	23.15	23.16	16705	315	0.00	          1.47	23.02	23.20	22.53	22.93	    74.24	38400740	  0.97	仓储物流	深圳	2.92	22.99	6710	9995	  0.67	38	12	--  	          1.14	
300356	光一科技	0.09	32.88	0.03	32.88	32.89	26001	587	0.15	          2.18	32.96	33.40	32.24	32.85	   166.51	85128040	  0.79	电气设备	江苏	3.53	32.74	13517	12484	  1.08	134	52	--  	          1.19	
300365	恒华科技	-1.69	40.02	-0.69	40.01	40.02	17944	198	0.00	          1.75	40.32	40.80	39.20	40.71	    56.13	71273448	  1.07	软件服务	北京	3.93	39.72	11198	6746	  1.66	19	28	--  	          1.03	
300590	移为通信	1.97	76.96	1.49	76.96	76.98	23462	435	0.05	         11.73	75.01	77.28	73.66	75.47	    80.04	177295376	  0.76	通信设备	上海	4.80	75.57	11945	11516	  1.04	39	14	--  	          0.20	
600035	楚天高速	-0.17	5.90	-0.01	5.90	5.91	44777	9	0.00	          0.31	5.86	5.93	5.81	5.91	    23.70	26267398	  1.08	路桥	湖北	2.03	5.87	25624	19152	  1.34	435	786	--  	         14.53	
600100	同方股份	0.22	13.94	0.03	13.94	13.95	251383	131	0.28	          1.14	13.89	13.98	13.81	13.91	     6.08	349681408	  0.75	电脑设备	北京	1.22	13.91	137961	113422	  1.22	546	901	--  	         21.98	
600171	上海贝岭	0.50	13.98	0.07	13.97	13.98	65051	2	0.21	          0.97	13.85	14.00	13.80	13.91	   181.04	90496496	  0.92	半导体	上海	1.44	13.91	34404	30646	  1.12	2	277	--  	          6.74	
600198	大唐电信	-0.29	16.94	-0.05	16.94	16.95	169353	17	-0.05	          2.02	16.98	17.17	16.53	16.99	--  	284652096	  0.96	通信设备	北京	3.77	16.81	83585	85768	  0.97	960	468	--  	          8.39	
600271	航天信息	0.00	20.60	0.00	--  	--  	0	0	0.00	          0.00	--  	--  	--  	20.60	    30.49	0	  0.00	电脑设备	北京	0.00	20.60	0	0	--  	0	0	--  	         18.47	
600345	长江通信	0.04	22.70	0.01	22.69	22.72	15534	10	0.30	          0.78	22.69	22.78	22.31	22.69	    64.62	35118464	  0.84	通信设备	湖北	2.07	22.61	6656	8878	  0.75	5	117	--  	          1.98	
600410	华胜天成	1.46	10.40	0.15	10.40	10.41	63477	18	0.38	          0.71	10.21	10.41	10.19	10.25	   341.85	65523352	  0.75	软件服务	北京	2.15	10.32	22112	41365	  0.53	37	1	--  	          8.92	
600525	长园集团	3.98	16.20	0.62	16.20	16.21	226837	238	0.18	          2.04	15.56	16.55	15.40	15.58	    35.32	368084128	  1.82	电气设备	深圳	7.38	16.23	98016	128820	  0.76	2	96	--  	         11.12	
600577	精达股份	-1.84	6.93	-0.13	6.92	6.93	1663293	212	-0.14	         11.72	6.87	7.20	6.77	7.06	    60.51	1154152320	  1.31	电气设备	安徽	6.09	6.94	859026	804266	  1.07	850	787	--  	         14.19	
600602	云赛智联	0.00	9.39	0.00	--  	--  	0	0	0.00	          0.00	--  	--  	--  	9.39	    41.24	0	  0.00	软件服务	上海	0.00	9.39	0	0	--  	0	0	--  	          8.80	
600718	东软集团	0.31	19.33	0.06	19.34	19.35	198575	24	0.31	          1.61	19.25	19.35	19.02	19.27	     8.82	381471552	  0.71	软件服务	辽宁	1.71	19.21	102675	95899	  1.07	83	847	--  	         12.32	
600734	实达集团	-1.34	13.98	-0.19	13.98	13.99	70348	69	-0.07	          2.00	14.18	14.22	13.80	14.17	    51.81	98144320	  0.85	电脑设备	福建	2.96	13.95	38888	31460	  1.24	129	298	--  	          3.51	
600770	综艺股份	0.51	9.89	0.05	9.89	9.90	71105	48	0.10	          0.64	9.83	9.90	9.71	9.84	   235.72	69826048	  0.62	综合类	江苏	1.93	9.82	37485	33620	  1.11	132	1217	--  	         11.05	
600787	中储股份	0.44	9.20	0.04	9.18	9.19	138902	333	0.10	          0.75	9.17	9.21	9.05	9.16	    35.26	127162176	  0.83	仓储物流	天津	1.75	9.15	71819	67083	  1.07	405	168	--  	         18.60	
600845	宝信软件	1.50	18.90	0.28	18.90	18.91	28534	9	0.15	          0.54	18.62	18.93	18.44	18.62	    44.10	53548860	  0.94	软件服务	上海	2.63	18.77	12479	16055	  0.78	185	37	--  	          5.24	
600855	航天长峰	0.00	28.89	0.00	--  	--  	0	0	0.00	          0.00	--  	--  	--  	28.89	   846.16	0	  0.00	专用机械	北京	0.00	28.89	0	0	--  	0	0	--  	          3.30	
600879	航天电子	3.05	18.60	0.55	18.59	18.60	507941	254	0.05	          6.37	18.07	18.64	18.03	18.05	    52.87	936865088	  1.08	航空	湖北	3.38	18.44	235646	272295	  0.87	313	294	--  	          7.98	
600973	宝胜股份	2.20	8.82	0.19	8.82	8.83	122522	19	0.00	          1.85	8.63	8.83	8.50	8.63	    33.61	106853400	  0.82	电气设备	江苏	3.82	8.72	50480	72042	  0.70	160	2151	--  	          6.63	
600990	四创电子	0.33	74.95	0.25	74.94	74.96	12164	45	0.17	          0.89	75.10	75.86	74.61	74.70	   256.48	91505952	  0.80	通信设备	安徽	1.67	75.23	6595	5569	  1.18	23	14	--  	          1.37	
601799	星宇股份	-0.23	39.47	-0.09	39.48	39.49	13720	40	0.02	          0.57	39.61	39.64	39.26	39.56	    33.99	54131848	  1.00	汽车配件	江苏	0.96	39.45	8096	5624	  1.44	2	42	--  	          2.40	
数据来源:通达信
