代码	名称	涨幅%%	现价	涨跌	买价	卖价	总量	现量	涨速%%	换手%%	今开	最高	最低	昨收	市盈(动)	总金额	量比	细分行业	地区	振幅%%	均价	内盘	外盘	内外比	买量	卖量	未匹配量	流通股(亿)	
000402	金 融 街	1.73	11.17	0.19	11.16	11.17	210793	1562	0.08	          0.71	10.96	11.26	10.89	10.98	    31.15	235036736	  1.86	全国地产	北京	3.37	11.15	86810	123982	  0.70	671	1068	--  	         29.87	
000416	民生控股	-0.17	11.50	-0.02	11.49	11.50	37479	890	-0.34	          0.71	11.51	11.59	11.30	11.52	   466.50	43050552	  0.90	多元金融	山东	2.52	11.49	19302	18177	  1.06	40	227	--  	          5.32	
000423	东阿阿胶	2.09	59.55	1.22	59.54	59.55	158430	1215	0.13	          2.42	58.48	60.20	58.45	58.33	    21.02	945015168	  1.89	中成药	山东	3.00	59.65	60040	98389	  0.61	46	2795	--  	          6.54	
000652	泰达股份	1.69	6.01	0.10	6.00	6.01	156574	2475	0.33	          1.07	5.92	6.02	5.87	5.91	    93.25	93417360	  0.55	批发业	天津	2.54	5.97	69988	86585	  0.81	1175	1870	--  	         14.66	
000709	河钢股份	1.32	3.84	0.05	3.83	3.84	631072	7486	0.26	          0.59	3.80	3.85	3.74	3.79	    32.77	239597536	  0.80	普钢	河北	2.90	3.80	299043	332029	  0.90	12235	11356	--  	        106.17	
000725	京东方Ａ	1.91	3.20	0.06	3.20	3.21	3809817	28719	-0.31	          1.59	3.13	3.21	3.12	3.14	   599.76	1206541312	  1.88	元器件	北京	2.87	3.17	1356919	2452897	  0.55	45648	105935	--  	        240.29	
000839	中信国安	7.67	11.51	0.82	11.50	11.51	2803002	44176	0.00	          7.15	10.69	11.75	10.60	10.69	   154.55	3128976640	  1.62	综合类	北京	10.76	11.16	1175230	1627772	  0.72	7664	20819	--  	         39.19	
000860	顺鑫农业	1.51	22.20	0.33	22.20	22.21	86336	4140	0.00	          1.53	21.81	22.25	21.54	21.87	    38.50	190338560	  1.15	白酒	北京	3.25	22.05	32879	53457	  0.62	1293	444	--  	          5.63	
000889	茂业通信	0.29	17.35	0.05	17.34	17.35	28271	100	0.23	          0.63	17.31	17.44	17.17	17.30	    46.86	49054256	  0.91	通信设备	河北	1.56	17.35	13872	14399	  0.96	55	89	--  	          4.45	
002065	东华软件	-0.05	21.67	-0.01	21.67	21.68	83964	730	0.09	          0.61	21.82	21.83	21.45	21.68	    40.38	181702464	  1.01	软件服务	北京	1.75	21.64	44437	39526	  1.12	1475	464	--  	         13.68	
002094	青岛金王	1.01	27.87	0.28	27.85	27.87	24570	291	-0.07	          0.76	27.59	27.92	27.38	27.59	    68.70	67900016	  0.94	日用化工	山东	1.96	27.64	8732	15837	  0.55	17	89	--  	          3.22	
002385	大北农	0.15	6.55	0.01	6.54	6.55	88919	2586	0.00	          0.37	6.54	6.56	6.49	6.54	    33.85	58071452	  0.66	饲料	北京	1.07	6.53	46487	42432	  1.10	4664	981	--  	         23.82	
002467	二六三	-0.19	10.50	-0.02	10.49	10.50	142236	4522	0.28	          2.16	10.46	10.50	10.32	10.52	    65.88	148231840	  0.67	电信运营	北京	1.71	10.42	80761	61475	  1.31	973	1648	--  	          6.59	
002739	万达院线	1.19	57.63	0.68	57.63	57.64	50940	560	-0.03	          1.20	56.89	57.79	56.01	56.95	    44.28	290661312	  1.11	影视音像	北京	3.13	57.06	25036	25904	  0.97	192	71	--  	          4.23	
300003	乐普医疗	-0.06	17.25	-0.01	17.25	17.26	45041	577	0.05	          0.32	17.21	17.35	17.15	17.26	    42.41	77751968	  0.70	医疗保健	北京	1.16	17.26	28059	16982	  1.65	906	193	--  	         14.14	
300079	数码视讯	0.00	7.10	0.00	7.09	7.10	147932	1205	0.14	          1.22	7.10	7.12	7.01	7.10	    50.59	104327904	  1.04	通信设备	北京	1.55	7.05	86972	60959	  1.43	2230	2707	--  	         12.08	
300418	昆仑万维	-0.17	23.06	-0.04	23.05	23.06	82693	1503	0.08	          1.86	23.14	23.33	22.68	23.10	    39.54	190556560	  0.67	互联网	北京	2.81	23.04	46543	36149	  1.29	186	143	--  	          4.44	
600028	中国石化	0.36	5.53	0.02	5.53	5.54	1269405	58	0.00	          0.13	5.49	5.57	5.44	5.51	    17.22	700479104	  1.01	石油加工	北京	2.36	5.52	554767	714637	  0.78	5067	11775	--  	        955.58	
600060	海信电器	0.26	19.53	0.05	19.53	19.54	160120	36	0.00	          1.22	19.46	19.75	19.30	19.48	    14.53	313232640	  1.16	家用电器	山东	2.31	19.56	77186	82933	  0.93	91	25	--  	         13.08	
600085	同仁堂	1.51	31.62	0.47	31.61	31.62	98579	1	0.06	          0.72	31.15	31.73	30.97	31.15	    42.90	310544160	  1.81	中成药	北京	2.44	31.50	44079	54500	  0.81	27	3	--  	         13.71	
600100	同方股份	0.22	13.94	0.03	13.94	13.95	251383	131	0.28	          1.14	13.89	13.98	13.81	13.91	     6.08	349681408	  0.75	电脑设备	北京	1.22	13.91	137961	113422	  1.22	546	901	--  	         21.98	
600138	中青旅	0.00	21.88	0.00	21.88	21.89	63689	10	-0.04	          0.91	21.94	21.96	21.61	21.88	    27.08	138864208	  0.67	旅游服务	北京	1.60	21.80	28408	35280	  0.81	143	340	--  	          7.03	
600340	华夏幸福	1.49	27.33	0.40	27.33	27.34	354624	697	0.07	          1.20	26.77	27.87	26.65	26.93	    13.16	974895232	  2.01	区域地产	河北	4.53	27.49	169817	184806	  0.92	5	109	--  	         29.55	
600485	信威集团	0.00	14.60	0.00	--  	--  	0	0	0.00	          0.00	--  	--  	--  	14.60	    22.52	0	  0.00	通信设备	北京	0.00	14.60	0	0	--  	0	0	--  	         16.31	
600547	山东黄金	2.79	36.16	0.98	36.15	36.16	302746	34	-0.02	          2.13	35.18	36.21	35.18	35.18	    68.72	1086981376	  2.24	黄金	山东	2.93	35.90	140893	161853	  0.87	239	31	--  	         14.23	
600587	新华医疗	0.49	24.63	0.12	24.62	24.63	16826	2	-0.08	          0.42	24.45	24.68	24.32	24.51	    51.20	41182456	  0.68	医疗保健	山东	1.47	24.48	9555	7270	  1.31	86	10	--  	          4.03	
600690	青岛海尔	2.36	11.29	0.26	11.28	11.29	712079	76	0.00	          1.30	11.05	11.40	10.95	11.03	    13.51	800984448	  1.84	家用电器	山东	4.08	11.25	318240	393838	  0.81	7203	663	--  	         54.91	
600694	大商股份	1.72	41.91	0.71	41.92	41.93	31856	6	-0.04	          1.08	41.33	41.95	41.04	41.20	    14.25	132363448	  1.70	百货	辽宁	2.21	41.55	14070	17786	  0.79	9	45	--  	          2.94	
600735	新华锦	0.00	20.74	0.00	--  	--  	0	0	0.00	          0.00	--  	--  	--  	20.74	   134.62	0	  0.00	商贸代理	山东	0.00	20.74	0	0	--  	0	0	--  	          3.76	
600739	辽宁成大	0.40	17.60	0.07	17.59	17.60	88316	224	0.00	          0.65	17.50	17.62	17.41	17.53	    24.28	155000672	  1.23	商贸代理	辽宁	1.20	17.55	39347	48969	  0.80	598	30	--  	         13.65	
600859	王府井	0.00	16.28	0.00	--  	--  	0	0	0.00	          0.00	--  	--  	--  	16.28	    21.61	0	  0.00	百货	北京	0.00	16.28	0	0	--  	0	0	--  	          6.02	
600900	长江电力	0.93	13.02	0.12	13.02	13.03	160446	21	0.07	          0.16	12.95	13.05	12.91	12.90	    13.15	208548224	  0.96	水力发电	北京	1.09	13.00	66314	94132	  0.70	24	1788	--  	         97.46	
601111	中国国航	0.75	8.02	0.06	8.02	8.03	446742	8	-0.24	          0.52	7.92	8.16	7.85	7.96	    10.89	358372480	  1.33	空运	北京	3.89	8.02	228221	218520	  1.04	489	6051	--  	         85.22	
601198	东兴证券	0.21	19.18	0.04	19.17	19.18	80325	75	0.05	          0.89	19.10	19.22	18.90	19.14	    36.17	153176016	  1.06	证券	北京	1.67	19.07	37968	42357	  0.90	360	1	--  	          9.04	
601288	农业银行	0.62	3.26	0.02	3.25	3.26	1502928	62	0.00	          0.05	3.23	3.26	3.22	3.24	     5.15	486671360	  1.13	银行	北京	1.23	3.24	490614	1012314	  0.48	44493	212551	--  	       2940.55	
601336	新华保险	1.36	43.89	0.59	43.88	43.89	73331	2	0.09	          0.35	43.27	44.08	43.16	43.30	    21.46	321210048	  1.40	保险	北京	2.12	43.80	35340	37990	  0.93	34	226	--  	         20.85	
601398	工商银行	0.42	4.73	0.02	4.72	4.73	674209	422	0.21	          0.03	4.70	4.73	4.68	4.71	     5.68	317462720	  0.79	银行	北京	1.06	4.71	336889	337319	  1.00	5277	50908	--  	       2696.12	
601628	中国人寿	0.96	25.14	0.24	25.13	25.14	84889	27	0.03	          0.04	24.87	25.15	24.87	24.90	    39.39	212384528	  0.86	保险	北京	1.12	25.02	39828	45061	  0.88	7	85	--  	        208.24	
601633	长城汽车	2.12	12.98	0.27	12.97	12.98	258599	70	0.23	          0.43	12.70	13.16	12.66	12.71	    12.33	335765472	  1.64	汽车整车	河北	3.93	12.98	123882	134716	  0.92	382	355	--  	         60.28	
601668	中国建筑	0.58	8.67	0.05	8.67	8.68	1608789	222	0.00	          0.54	8.60	8.73	8.53	8.62	     7.88	1391473792	  0.81	建筑施工	北京	2.32	8.65	908214	700575	  1.30	392	11259	--  	        296.87	
601766	中国中车	0.70	10.12	0.07	10.11	10.12	446979	135	0.09	          0.20	10.04	10.13	9.95	10.05	    28.97	448835456	  1.00	运输设备	北京	1.79	10.04	199533	247445	  0.81	1822	4502	--  	        229.18	
601857	中国石油	0.50	7.97	0.04	7.96	7.97	366114	249	0.00	          0.02	7.92	8.01	7.89	7.93	   634.58	291642432	  0.97	石油开采	北京	1.51	7.97	163774	202340	  0.81	3945	146	--  	       1619.22	
601888	中国国旅	-3.01	49.90	-1.55	49.87	49.90	50685	14	-0.16	          0.52	51.30	51.50	49.81	51.45	    25.01	256444896	  1.18	旅游服务	北京	3.28	50.60	28571	22113	  1.29	11	304	--  	          9.76	
601919	中远海控	0.86	5.85	0.05	5.85	5.86	331534	10	0.17	          0.43	5.80	5.87	5.70	5.80	--  	192852320	  0.99	水运	天津	2.93	5.82	160370	171164	  0.94	1080	3028	--  	         76.36	
601966	玲珑轮胎	0.42	26.39	0.11	26.38	26.39	37631	1	0.11	          1.88	26.30	26.41	25.91	26.28	    30.59	98455288	  0.76	汽车配件	山东	1.90	26.16	18780	18850	  1.00	96	46	--  	          2.00	
601985	中国核电	0.28	7.17	0.02	7.16	7.17	350877	62	0.00	          0.83	7.15	7.18	7.10	7.15	    22.25	250654640	  0.98	新型电力	北京	1.12	7.14	183909	166967	  1.10	3587	13074	--  	         42.41	
数据来源:通达信
