代码	名称	涨幅%%	现价	涨跌	买价	卖价	总量	现量	涨速%%	换手%%	今开	最高	最低	昨收	市盈(动)	总金额	量比	细分行业	地区	振幅%%	均价	内盘	外盘	内外比	买量	卖量	未匹配量	流通股(亿)	
000576	广东甘化	-0.13	15.74	-0.02	15.74	15.75	40197	273	0.12	          0.93	15.65	15.85	15.50	15.76	    68.07	63196484	  0.65	造纸	广东	2.22	15.72	20885	19312	  1.08	688	131	--  	          4.34	
000601	韶能股份	0.00	8.44	0.00	8.43	8.44	96015	1974	0.00	          0.89	8.43	8.45	8.33	8.44	    14.92	80518920	  0.75	水力发电	广东	1.42	8.39	59224	36790	  1.61	126	570	--  	         10.80	
000652	泰达股份	1.69	6.01	0.10	6.00	6.01	156574	2475	0.33	          1.07	5.92	6.02	5.87	5.91	    93.25	93417360	  0.55	批发业	天津	2.54	5.97	69988	86585	  0.81	1175	1870	--  	         14.66	
000833	贵糖股份	0.32	9.40	0.03	9.40	9.41	59123	874	0.00	          1.56	9.37	9.42	9.26	9.37	--  	55353628	  0.78	造纸	广西	1.71	9.36	26033	33090	  0.79	622	716	--  	          3.78	
000911	南宁糖业	-0.25	15.85	-0.04	15.85	15.86	36186	527	0.00	          1.12	15.87	15.87	15.61	15.89	--  	57090836	  0.75	食品	广西	1.64	15.78	19917	16269	  1.22	386	334	--  	          3.24	
000930	中粮生化	0.68	13.36	0.09	13.35	13.36	352729	7079	0.07	          3.66	13.22	13.37	13.11	13.27	    91.20	467534816	  0.78	农业综合	安徽	1.96	13.25	148902	203827	  0.73	1127	1254	--  	          9.64	
000939	凯迪生态	0.50	12.09	0.06	12.09	12.10	99935	850	-0.08	          0.94	12.05	12.17	12.01	12.03	   105.40	120728488	  0.72	新型电力	湖北	1.33	12.08	51413	48521	  1.06	349	780	--  	         10.61	
000966	长源电力	0.34	5.95	0.02	5.95	5.96	42722	396	-0.16	          0.39	5.93	5.96	5.90	5.93	     9.30	25355326	  0.79	火力发电	湖北	1.01	5.93	18335	24387	  0.75	717	1922	--  	         11.08	
002060	粤 水 电	0.13	7.96	0.01	7.96	7.97	39639	342	0.12	          0.66	7.95	7.97	7.83	7.95	    52.97	31370572	  0.85	建筑施工	广东	1.76	7.91	20979	18660	  1.12	351	1250	--  	          6.01	
002124	天邦股份	0.09	11.72	0.01	11.71	11.72	65102	497	-0.08	          2.12	11.73	11.75	11.53	11.71	    16.39	75720184	  1.08	饲料	浙江	1.88	11.63	34419	30682	  1.12	782	216	--  	          3.07	
002234	民和股份	0.15	20.08	0.03	20.08	20.09	77134	1987	0.14	          3.74	20.12	20.15	19.55	20.05	    18.20	153391024	  0.66	农业综合	山东	2.99	19.89	41765	35368	  1.18	1771	125	--  	          2.06	
002604	龙力生物	0.37	10.85	0.04	10.84	10.85	61862	484	0.18	          1.43	10.80	10.86	10.60	10.81	    50.25	66520956	  0.88	食品	山东	2.41	10.75	29589	32273	  0.92	424	183	--  	          4.31	
002616	长青集团	-0.20	24.65	-0.05	24.65	24.69	26225	187	-0.16	          1.17	24.55	24.81	24.01	24.70	    66.35	64121000	  1.01	环境保护	广东	3.24	24.45	12654	13570	  0.93	7	225	--  	          2.24	
002630	华西能源	2.18	12.17	0.26	12.16	12.17	121179	1068	0.24	          1.98	11.91	12.18	11.80	11.91	    38.18	146099792	  2.28	专用机械	四川	3.19	12.06	52246	68933	  0.76	540	1359	--  	          6.13	
300090	盛运环保	4.68	10.97	0.49	10.96	10.97	647533	16281	0.73	          7.37	10.47	11.20	10.37	10.48	    65.79	705633984	  2.08	环境保护	安徽	7.92	10.90	294776	352757	  0.84	252	4768	--  	          8.78	
300091	金通灵	0.57	14.04	0.08	14.03	14.04	31525	82	0.07	          0.87	13.92	14.09	13.92	13.96	   109.60	44246604	  1.09	机械基件	江苏	1.22	14.04	14254	17270	  0.83	519	648	--  	          3.61	
300152	科融环境	0.11	9.00	0.01	8.99	9.00	148295	3620	0.11	          2.08	8.94	9.00	8.75	8.99	--  	131829240	  0.84	环境保护	江苏	2.78	8.89	75968	72327	  1.05	692	314	--  	          7.13	
300153	科泰电源	-0.40	17.32	-0.07	17.32	17.33	91892	1058	-0.05	          2.88	17.21	17.79	17.01	17.39	   286.56	160009168	  0.72	电气设备	上海	4.49	17.41	45927	45965	  1.00	632	171	--  	          3.20	
300335	迪森股份	-1.04	18.01	-0.19	18.01	18.02	35621	444	-0.11	          1.36	18.11	18.44	17.88	18.20	    54.92	64602372	  1.07	供气供热	广东	3.08	18.14	21911	13709	  1.60	245	25	--  	          2.62	
600027	华电国际	0.20	5.09	0.01	5.09	5.10	167953	15	0.00	          0.25	5.07	5.10	5.05	5.08	    10.13	85237792	  0.43	火力发电	山东	0.98	5.08	75174	92778	  0.81	1074	10171	--  	         67.85	
600191	华资实业	-0.18	11.26	-0.02	11.26	11.27	48132	14	0.08	          0.99	11.23	11.29	11.13	11.28	   256.57	53994720	  0.66	食品	内蒙	1.42	11.22	28760	19371	  1.48	397	331	--  	          4.85	
600238	海南椰岛	0.95	11.74	0.11	11.72	11.75	37959	1	0.08	          0.85	11.57	11.79	11.53	11.63	--  	44352064	  0.92	红黄药酒	海南	2.24	11.68	13629	24330	  0.56	58	514	--  	          4.45	
600311	荣华实业	1.00	7.05	0.07	7.05	7.06	79600	22	0.00	          1.20	6.96	7.05	6.90	6.98	--  	55808848	  1.02	黄金	甘肃	2.15	7.01	32699	46901	  0.70	129	1431	--  	          6.66	
600371	万向德农	-1.22	16.23	-0.20	16.23	16.24	28551	13	0.12	          1.27	16.30	16.34	15.96	16.43	    90.47	46057784	  0.94	种植业	黑龙江	2.31	16.13	14073	14478	  0.97	2	62	--  	          2.25	
600475	华光股份	0.45	20.10	0.09	20.10	20.11	22884	21	0.09	          0.89	19.92	20.19	19.90	20.01	    55.08	45944244	  0.99	专用机械	江苏	1.45	20.08	10906	11978	  0.91	27	181	--  	          2.56	
600538	国发股份	-0.38	13.03	-0.05	13.02	13.03	34479	6	-0.07	          1.23	13.01	13.15	12.97	13.08	--  	44927840	  0.62	农药化肥	广西	1.38	13.03	23303	11175	  2.09	188	77	--  	          2.79	
600598	北大荒	0.17	11.75	0.02	11.75	11.76	118824	10	0.00	          0.67	11.72	11.76	11.56	11.73	    19.67	138768048	  0.82	种植业	黑龙江	1.71	11.68	58051	60773	  0.96	93	1247	--  	         17.78	
600803	新奥股份	-0.65	13.70	-0.09	13.70	13.71	97354	12	-0.14	          0.99	13.75	13.75	13.31	13.79	    52.52	132125824	  0.85	农药化肥	河北	3.19	13.57	48768	48585	  1.00	181	138	--  	          9.86	
600835	上海机电	0.83	20.64	0.17	20.64	20.65	31436	103	0.04	          0.39	20.45	20.68	20.31	20.47	    13.85	64525624	  0.98	运输设备	上海	1.81	20.53	15066	16369	  0.92	5	175	--  	          8.07	
603822	嘉澳环保	-2.46	58.32	-1.47	58.38	58.40	47972	8	0.62	         26.14	59.60	59.75	57.61	59.79	    99.74	279790592	  2.15	环境保护	浙江	3.58	58.32	26233	21738	  1.21	22	27	--  	          0.18	
数据来源:通达信
