代码	名称	涨幅%%	现价	涨跌	买价	卖价	总量	现量	涨速%%	换手%%	今开	最高	最低	昨收	市盈(动)	总金额	量比	细分行业	地区	振幅%%	均价	内盘	外盘	内外比	买量	卖量	未匹配量	流通股(亿)	
000503	海虹控股	-0.48	41.78	-0.20	41.70	41.78	43000	562	0.14	          0.48	42.17	42.17	41.00	41.98	--  	178581920	  1.15	医疗保健	海南	2.79	41.53	22785	20215	  1.13	38	241	--  	          8.99	
000701	厦门信达	-0.07	14.60	-0.01	14.59	14.60	61208	1561	-0.06	          1.72	14.56	14.65	14.47	14.61	    46.11	89260472	  1.00	综合类	福建	1.23	14.58	23866	37342	  0.64	1167	79264	--  	          3.57	
000705	浙江震元	-0.39	12.90	-0.05	12.89	12.90	30825	674	0.07	          1.09	12.96	12.98	12.77	12.95	   117.08	39619688	  1.00	医药商业	浙江	1.62	12.85	17020	13804	  1.23	690	1530	--  	          2.82	
000851	高鸿股份	2.63	12.50	0.32	12.49	12.50	181052	2040	0.08	          3.48	12.18	12.55	12.07	12.18	   145.01	224786416	  1.39	软件服务	贵州	3.94	12.42	80118	100933	  0.79	1003	1849	--  	          5.20	
002017	东信和平	0.28	14.09	0.04	14.08	14.09	41431	892	0.07	          1.21	14.07	14.12	13.88	14.05	    88.22	58097868	  0.92	通信设备	广东	1.71	14.02	21222	20208	  1.05	331	789	--  	          3.44	
002095	生 意 宝	-0.33	42.60	-0.14	42.59	42.60	26300	801	0.02	          1.05	42.80	42.80	42.08	42.74	   503.03	111614136	  0.69	互联网	浙江	1.68	42.44	13472	12828	  1.05	22	287	--  	          2.52	
002102	冠福股份	0.00	5.09	0.00	5.09	5.10	142386	1270	0.00	          1.18	5.08	5.10	5.00	5.09	    82.43	72015072	  0.91	化学制药	福建	1.96	5.06	68461	73924	  0.93	2056	4491	--  	         12.08	
002127	南极电商	0.09	11.06	0.01	11.05	11.06	54951	250	0.09	          0.57	11.04	11.09	10.81	11.05	    85.44	60401156	  0.92	互联网	江苏	2.53	10.99	39659	15292	  2.59	155	105	--  	          9.68	
002280	联络互动	1.31	11.59	0.15	11.59	11.60	346061	6871	0.08	          2.76	11.41	11.60	11.20	11.44	    72.05	395949440	  0.74	软件服务	浙江	3.50	11.44	143969	202092	  0.71	2674	3420	--  	         12.52	
002315	焦点科技	0.46	65.48	0.30	65.47	65.48	13717	133	0.00	          2.26	64.97	65.50	64.24	65.18	   128.70	88948144	  0.97	互联网	江苏	1.93	64.85	7162	6554	  1.09	24	128	--  	          0.61	
002489	浙江永强	0.14	7.41	0.01	7.41	7.42	100468	2370	0.00	          0.54	7.39	7.44	7.34	7.40	    73.71	74240920	  0.94	家居用品	浙江	1.35	7.39	55716	44751	  1.25	124	3467	--  	         18.71	
002702	海欣食品	0.72	18.14	0.13	18.13	18.14	48189	1081	-0.11	          2.94	18.06	18.30	17.88	18.01	   497.93	87044296	  0.58	食品	福建	2.33	18.06	25608	22580	  1.13	66	210	--  	          1.64	
002711	欧浦智网	1.72	17.18	0.29	17.17	17.18	79785	2381	0.17	          2.65	16.90	17.18	16.52	16.89	    53.25	135204800	  0.93	仓储物流	广东	3.91	16.95	39827	39958	  1.00	255	116	--  	          3.01	
002716	金贵银业	4.27	21.49	0.88	21.49	21.50	256426	3670	0.00	          8.27	20.70	21.60	20.68	20.61	    61.19	545577792	  2.75	小金属	湖南	4.46	21.28	108841	147585	  0.74	3109	1959	--  	          3.10	
300017	网宿科技	2.04	53.60	1.07	53.60	53.61	129555	1274	0.03	          2.56	52.70	54.20	52.02	52.53	    34.81	689855040	  0.83	电信运营	上海	4.15	53.25	57422	72132	  0.80	564	35	--  	          5.06	
300067	安诺其	0.58	8.61	0.05	8.60	8.61	26856	644	0.00	          0.76	8.57	8.61	8.46	8.56	    53.50	22955530	  0.45	染料涂料	上海	1.75	8.55	12826	14029	  0.91	459	265	--  	          3.55	
300184	力源信息	-0.80	14.79	-0.12	14.79	14.80	45996	639	-0.06	          1.60	14.78	14.83	14.57	14.91	   131.15	67605080	  0.95	元器件	湖北	1.74	14.70	22332	23663	  0.94	411	617	--  	          2.88	
300226	上海钢联	-0.02	41.39	-0.01	41.36	41.40	22337	306	-0.04	          1.51	41.25	41.59	40.54	41.40	   309.01	91828240	  0.96	互联网	上海	2.54	41.11	10908	11429	  0.95	3	146	--  	          1.48	
300267	尔康制药	0.00	13.96	0.00	13.96	13.97	53916	157	-0.07	          0.47	13.82	14.07	13.82	13.96	    29.85	75438040	  1.30	化学制药	湖南	1.79	13.99	22234	31682	  0.70	337	191	--  	         11.45	
300295	三六五网	0.64	26.63	0.17	26.62	26.63	26794	706	0.00	          1.54	26.41	26.65	26.05	26.46	    42.61	70659512	  0.60	互联网	江苏	2.27	26.37	14066	12727	  1.11	139	222	--  	          1.74	
300297	蓝盾股份	-0.23	13.03	-0.03	13.03	13.04	71508	1535	0.07	          1.11	12.98	13.06	12.80	13.06	    80.53	92725608	  0.94	软件服务	广东	1.99	12.97	38031	33477	  1.14	49	284	--  	          6.46	
600058	五矿发展	0.00	15.32	0.00	15.31	15.32	51168	9	0.00	          0.48	15.25	15.33	15.07	15.32	   412.11	77944304	  0.63	商贸代理	北京	1.70	15.23	28869	22298	  1.29	249	18	--  	         10.72	
600146	商赢环球	0.00	35.73	0.00	--  	--  	0	0	0.00	          0.00	--  	--  	--  	35.73	--  	0	  0.00	塑料	宁夏	0.00	35.73	0	0	--  	0	0	--  	          2.00	
600180	瑞茂通	3.76	14.06	0.51	14.06	14.07	84196	1	0.14	          0.96	13.55	14.08	13.41	13.55	    36.49	116706736	  2.54	仓储物流	山东	4.94	13.86	32609	51587	  0.63	46	56	--  	          8.82	
600219	南山铝业	1.50	3.39	0.05	3.38	3.39	635370	13	0.29	          0.90	3.33	3.39	3.31	3.34	    50.96	213873840	  1.26	铝	山东	2.40	3.37	166640	468729	  0.36	6242	23448	--  	         70.88	
600415	小商品城	-0.79	7.56	-0.06	7.55	7.56	182703	6	0.00	          0.34	7.62	7.63	7.40	7.62	    37.15	137443600	  1.14	商品城	浙江	3.02	7.52	78057	104645	  0.75	1478	296	--  	         54.43	
600446	金证股份	0.68	23.55	0.16	23.54	23.55	52149	2	0.12	          0.69	23.35	23.58	23.09	23.39	   151.80	121988952	  0.68	软件服务	深圳	2.09	23.39	23081	29067	  0.79	8	399	--  	          7.52	
600570	恒生电子	2.11	44.91	0.93	44.91	44.92	106479	8	0.15	          1.72	43.67	45.13	43.65	43.98	   101.33	475654592	  1.29	软件服务	浙江	3.37	44.67	46866	59612	  0.79	34	27	--  	          6.18	
600572	康恩贝	1.17	6.94	0.08	6.93	6.94	75868	10	0.14	          0.37	6.85	6.94	6.79	6.86	    29.03	52203120	  1.59	中成药	浙江	2.19	6.88	34643	41225	  0.84	223	588	--  	         20.58	
600845	宝信软件	1.50	18.90	0.28	18.90	18.91	28534	9	0.15	          0.54	18.62	18.93	18.44	18.62	    44.10	53548860	  0.94	软件服务	上海	2.63	18.77	12479	16055	  0.78	185	37	--  	          5.24	
600869	智慧能源	3.02	8.52	0.25	8.51	8.52	631857	4	0.00	          3.09	8.34	8.92	8.34	8.27	    49.92	543232576	  4.99	电气设备	青海	7.01	8.60	257784	374072	  0.69	384	181	--  	         20.42	
数据来源:通达信
