代码	名称	涨幅%%	现价	涨跌	买价	卖价	总量	现量	涨速%%	换手%%	今开	最高	最低	昨收	市盈(动)	总金额	量比	细分行业	地区	振幅%%	均价	内盘	外盘	内外比	买量	卖量	未匹配量	流通股(亿)	
000153	丰原药业	--  	12.52	--  	--  	--  	0	0	--  	          0.00	--  	--  	--  	12.52	    68.06	0	  0.00	化学制药	安徽	0.00	12.52	0	0	--  	0	0	--  	          3.12	
000417	合肥百货	2.26	9.51	0.21	9.50	9.51	127274	1038	0.21	          1.63	9.26	9.59	9.23	9.30	    24.11	119742712	  0.86	百货	安徽	3.87	9.41	61106	66168	  0.92	47	1544	--  	          7.79	
000521	美菱电器	0.83	7.30	0.06	7.29	7.30	165283	1273	0.13	          2.79	7.25	7.45	7.19	7.24	    34.60	121197200	  2.19	家用电器	安徽	3.59	7.33	74367	90915	  0.82	586	190	--  	          5.92	
000543	皖能电力	0.42	7.15	0.03	7.14	7.15	105119	2343	0.14	          0.59	7.12	7.15	7.08	7.12	    12.43	74969976	  1.04	火力发电	安徽	0.98	7.13	55583	49536	  1.12	1226	3303	--  	         17.90	
000619	海螺型材	1.64	13.01	0.21	13.01	13.02	55858	1048	0.15	          1.55	12.81	13.04	12.63	12.80	    38.60	72109608	  1.24	其他建材	安徽	3.20	12.91	24010	31847	  0.75	949	784	--  	          3.60	
000630	铜陵有色	1.25	3.24	0.04	3.23	3.24	1195421	20579	0.00	          1.25	3.20	3.24	3.18	3.20	   268.79	384756960	  1.07	铜	安徽	1.87	3.22	426330	769090	  0.55	36154	103745	--  	         95.60	
000713	丰乐种业	0.46	10.91	0.05	10.90	10.91	28302	189	0.18	          0.95	10.83	10.92	10.78	10.86	--  	30729670	  0.78	种植业	安徽	1.29	10.86	14233	14069	  1.01	20	105	--  	          2.99	
000728	国元证券	1.31	20.11	0.26	20.10	20.11	202891	6301	0.19	          1.03	19.78	20.11	19.59	19.85	    31.07	403808768	  1.02	证券	安徽	2.62	19.90	89335	113555	  0.79	2763	528	--  	         19.64	
000850	华茂股份	0.65	6.22	0.04	6.21	6.22	63397	1790	0.16	          0.67	6.16	6.23	6.15	6.18	    71.07	39304156	  0.80	纺织	安徽	1.29	6.20	30061	33335	  0.90	1906	780	--  	          9.43	
000859	国风塑业	-5.02	7.00	-0.37	7.00	7.01	867925	20193	0.00	         11.74	7.08	7.17	6.89	7.37	   281.96	609131968	  1.05	塑料	安徽	3.80	7.02	491837	376088	  1.31	3732	3592	--  	          7.39	
000868	安凯客车	0.72	7.01	0.05	7.01	7.02	91484	779	0.00	          1.32	6.94	7.02	6.89	6.96	   141.82	63581872	  1.02	汽车整车	安徽	1.87	6.95	37882	53601	  0.71	1239	1862	--  	          6.96	
000887	中鼎股份	-1.52	24.65	-0.38	24.64	24.65	148778	2590	0.08	          1.34	25.01	25.01	24.51	25.03	    28.57	367271296	  1.28	橡胶	安徽	2.00	24.69	95377	53401	  1.79	244	216	--  	         11.14	
000979	中弘股份	--  	2.66	--  	--  	--  	0	0	--  	          0.00	--  	--  	--  	2.66	    74.11	0	  0.00	区域地产	安徽	0.00	2.66	0	0	--  	0	0	--  	         46.08	
000980	金马股份	0.65	16.95	0.11	16.95	16.96	486205	6500	0.41	          9.21	16.84	17.57	16.54	16.84	   103.15	833009536	  1.38	汽车配件	安徽	6.12	17.13	245549	240656	  1.02	476	104	--  	          5.28	
002018	华信国际	0.56	9.00	0.05	9.00	9.01	155489	3437	-0.11	          0.68	8.94	9.04	8.84	8.95	    72.64	139066528	  1.32	农药化肥	安徽	2.23	8.94	68281	87208	  0.78	132	1996	--  	         22.78	
002057	中钢天源	-1.79	15.40	-0.28	15.40	15.41	79695	908	0.06	          4.00	15.55	15.55	15.10	15.68	   280.79	122167312	  0.87	元器件	安徽	2.87	15.33	43336	36358	  1.19	446	172	--  	          1.99	
002136	安 纳 达	1.08	19.72	0.21	19.71	19.72	90799	2190	0.20	          4.25	19.34	19.75	19.26	19.51	    99.74	177950720	  0.64	化工原料	安徽	2.51	19.60	44287	46512	  0.95	492	10	--  	          2.14	
002140	东华科技	1.11	14.52	0.16	14.51	14.52	31503	1045	0.06	          0.72	14.36	14.52	14.21	14.36	    59.13	45486900	  0.64	建筑施工	安徽	2.16	14.44	13306	18196	  0.73	382	2	--  	          4.39	
002147	新光圆成	0.18	16.25	0.03	16.24	16.25	26705	302	0.06	          1.19	16.20	16.27	16.03	16.22	    35.98	43205044	  0.75	机械基件	安徽	1.48	16.18	14119	12586	  1.12	105	526	--  	          2.24	
002171	楚江新材	0.60	16.83	0.10	16.83	16.84	41088	696	0.17	          1.20	16.53	16.83	16.44	16.73	    46.53	68478592	  0.80	铜	安徽	2.33	16.67	22927	18161	  1.26	191	104	--  	          3.43	
002208	合肥城建	1.78	17.20	0.30	17.20	17.21	78874	1172	0.00	          2.47	16.79	17.27	16.63	16.90	    62.02	134460112	  1.30	区域地产	安徽	3.79	17.05	37659	41215	  0.91	489	266	--  	          3.19	
002226	江南化工	2.99	9.30	0.27	9.29	9.30	386686	4748	0.21	          4.89	9.08	9.35	9.01	9.03	   100.48	358244320	  1.01	化工原料	安徽	3.77	9.26	175579	211107	  0.83	2309	5610	--  	          7.91	
002230	科大讯飞	1.08	34.59	0.37	34.59	34.60	633294	6215	0.02	          5.46	34.98	35.97	34.34	34.22	   122.25	2222599680	  0.92	软件服务	安徽	4.76	35.10	325352	307942	  1.06	568	324	--  	         11.60	
002298	中电鑫龙	-0.07	13.41	-0.01	13.41	13.42	54236	1282	0.07	          1.38	13.40	13.45	13.24	13.42	    68.41	72527448	  1.07	软件服务	安徽	1.56	13.37	32056	22179	  1.45	105	252	--  	          3.92	
002331	皖通科技	-1.25	17.45	-0.22	17.44	17.45	135554	3042	0.00	          4.86	17.58	17.61	17.23	17.67	    79.52	236060032	  0.54	软件服务	安徽	2.15	17.41	63394	72159	  0.88	237	754	--  	          2.79	
002347	泰尔股份	0.21	9.48	0.02	9.47	9.48	69060	1701	-0.10	          2.12	9.49	9.49	9.25	9.46	   239.13	64777024	  0.68	机械基件	安徽	2.54	9.38	32621	36438	  0.90	729	203	--  	          3.26	
002352	顺丰控股	-3.21	60.89	-2.02	60.89	60.90	163608	2812	0.03	         12.30	63.90	63.90	60.33	62.91	 12886.87	1002924736	  0.86	仓储物流	安徽	5.67	61.30	90840	72767	  1.25	2651	228	--  	          1.33	
002361	神剑股份	1.11	8.21	0.09	8.21	8.22	176832	3711	0.00	          3.06	8.12	8.28	8.05	8.12	    49.35	144625152	  0.92	化工原料	安徽	2.83	8.18	89462	87370	  1.02	55	1004	--  	          5.77	
002538	司尔特	1.54	9.89	0.15	9.88	9.89	123319	1525	0.00	          1.76	9.72	9.91	9.62	9.74	    25.83	121033040	  1.27	农药化肥	安徽	2.98	9.81	50994	72324	  0.71	549	360	--  	          7.00	
002541	鸿路钢构	-1.09	19.92	-0.22	19.91	19.92	17317	454	0.05	          1.04	20.14	20.15	19.83	20.14	    43.31	34517000	  1.09	钢加工	安徽	1.59	19.93	8782	8534	  1.03	127	185	--  	          1.66	
002555	三七互娱	0.05	21.02	0.01	21.02	21.03	97354	992	-0.09	          1.48	21.02	21.11	20.38	21.01	    43.70	202382608	  0.68	互联网	安徽	3.47	20.79	48270	49084	  0.98	606	209	--  	          6.60	
002556	辉隆股份	0.31	9.75	0.03	9.75	9.76	95180	1473	0.00	          1.36	9.71	9.76	9.61	9.72	    51.64	92189072	  0.52	其他商业	安徽	1.54	9.69	47946	47233	  1.02	1022	266	--  	          6.98	
002557	洽洽食品	0.06	15.94	0.01	15.93	15.94	31529	133	0.12	          0.62	15.94	15.99	15.80	15.93	    22.28	50198616	  0.81	食品	安徽	1.19	15.92	20369	11160	  1.83	45	639	--  	          5.07	
002571	德力股份	-2.86	13.93	-0.41	13.92	13.93	140550	2273	-0.14	          5.56	14.27	14.28	13.74	14.34	--  	195299456	  0.95	玻璃	安徽	3.77	13.90	79077	61473	  1.29	75	740	--  	          2.53	
002597	金禾实业	-1.44	17.79	-0.26	17.79	17.80	101759	1004	0.00	          1.84	18.08	18.09	17.53	18.05	    21.42	180786976	  0.90	化工原料	安徽	3.10	17.77	53991	47768	  1.13	157	278	--  	          5.54	
002607	亚夏汽车	0.38	10.52	0.04	10.52	10.53	35472	360	0.00	          0.99	10.49	10.56	10.31	10.48	    65.96	37018632	  0.70	汽车服务	安徽	2.39	10.44	18129	17343	  1.05	350	55	--  	          3.57	
300009	安科生物	1.49	21.86	0.32	21.85	21.86	48343	1167	0.13	          1.41	21.54	21.99	21.45	21.54	    63.50	105481600	  0.96	生物制药	安徽	2.51	21.82	22143	26200	  0.85	255	221	--  	          3.43	
300087	荃银高科	0.24	12.55	0.03	12.55	12.56	16922	1721	0.40	          0.66	12.54	12.56	12.36	12.52	--  	21078580	  0.42	种植业	安徽	1.60	12.46	9601	7320	  1.31	35	60	--  	          2.58	
300088	长信科技	--  	15.80	--  	--  	--  	0	0	--  	          0.00	--  	--  	--  	15.80	    59.16	0	  0.00	元器件	安徽	0.00	15.80	0	0	--  	0	0	--  	         10.99	
300090	盛运环保	4.68	10.97	0.49	10.96	10.97	647533	16281	0.73	          7.37	10.47	11.20	10.37	10.48	    65.79	705633984	  2.08	环境保护	安徽	7.92	10.90	294776	352757	  0.84	252	4768	--  	          8.78	
300218	安利股份	0.95	15.95	0.15	15.94	15.95	22384	121	-0.12	          1.33	15.78	15.97	15.60	15.80	    53.87	35407744	  0.66	塑料	安徽	2.34	15.82	9656	12727	  0.76	33	45	--  	          1.68	
300247	乐金健康	0.48	8.41	0.04	8.40	8.41	83552	1552	0.11	          1.77	8.35	8.41	8.21	8.37	   153.86	69590992	  0.73	医疗保健	安徽	2.39	8.33	39483	44068	  0.90	1329	1645	--  	          4.72	
300274	阳光电源	0.48	10.51	0.05	10.50	10.51	78249	1394	0.09	          0.93	10.43	10.54	10.33	10.46	    37.54	81884848	  0.84	电气设备	安徽	2.01	10.46	43880	34368	  1.28	1025	460	--  	          8.42	
600012	皖通高速	0.00	14.57	0.00	14.56	14.57	36375	6	0.00	          0.31	14.53	14.80	14.44	14.57	    25.86	53038320	  0.84	路桥	安徽	2.47	14.58	18984	17390	  1.09	78	16	--  	         11.66	
600063	皖维高新	0.41	4.93	0.02	4.93	4.94	120268	741	0.20	          0.79	4.88	4.94	4.85	4.91	    60.66	59037640	  0.71	化纤	安徽	1.83	4.91	58749	61518	  0.95	253	4434	--  	         15.20	
600218	全柴动力	1.62	10.67	0.17	10.67	10.68	65469	109	0.00	          1.78	10.52	10.69	10.48	10.50	    33.14	69287320	  0.78	农用机械	安徽	2.00	10.58	23223	42245	  0.55	71	371	--  	          3.69	
600237	铜峰电子	2.72	7.94	0.21	7.94	7.95	159851	13	0.50	          2.83	7.73	8.00	7.55	7.73	--  	124287728	  1.91	元器件	安徽	5.82	7.78	71604	88246	  0.81	169	446	--  	          5.64	
600255	鑫科材料	0.00	4.92	0.00	--  	--  	0	0	0.00	          0.00	--  	--  	--  	4.92	--  	0	  0.00	铜	安徽	0.00	4.92	0	0	--  	0	0	--  	         17.70	
600318	新力金融	1.47	31.82	0.46	31.80	31.83	48039	10	-0.06	          1.99	31.20	32.19	31.13	31.36	    47.34	152609296	  1.08	多元金融	安徽	3.38	31.77	20113	27926	  0.72	994	65	--  	          2.42	
600375	华菱星马	0.00	8.36	0.00	--  	--  	0	0	0.00	          0.00	--  	--  	--  	8.36	    61.50	0	  0.00	汽车整车	安徽	0.00	8.36	0	0	--  	0	0	--  	          5.56	
600418	江淮汽车	1.29	11.78	0.15	11.77	11.78	108919	8	0.17	          1.07	11.61	11.80	11.56	11.63	    20.46	127440768	  0.90	汽车整车	安徽	2.06	11.70	45053	63866	  0.71	128	649	--  	         10.17	
600444	国机通用	0.70	21.51	0.15	21.50	21.51	11245	20	0.04	          1.07	21.36	21.55	21.21	21.36	   473.45	24094848	  0.77	塑料	安徽	1.59	21.43	4425	6819	  0.65	49	113	--  	          1.05	
600470	六国化工	0.25	8.03	0.02	8.03	8.04	93135	15	0.00	          1.79	8.01	8.05	7.83	8.01	--  	74113088	  0.69	农药化肥	安徽	2.75	7.96	42683	50451	  0.85	390	2158	--  	          5.22	
600496	精工钢构	0.45	4.48	0.02	4.47	4.48	97116	49	0.00	          0.64	4.44	4.48	4.41	4.46	    37.26	43196640	  0.83	钢加工	安徽	1.57	4.45	46092	51023	  0.90	1753	1653	--  	         15.10	
600520	*ST中发	0.23	21.92	0.05	21.91	21.92	7003	4	0.09	          0.46	21.86	22.08	21.51	21.87	--  	15274534	  0.58	机械基件	安徽	2.61	21.81	3343	3660	  0.91	15	24	--  	          1.54	
600551	时代出版	0.00	20.32	0.00	--  	--  	0	0	0.00	          0.00	--  	--  	--  	20.32	    25.53	0	  0.00	出版业	安徽	0.00	20.32	0	0	--  	0	0	--  	          5.06	
600567	山鹰纸业	0.27	3.72	0.01	3.71	3.72	350909	184	0.26	          0.93	3.69	3.72	3.64	3.71	    61.34	129084336	  0.91	造纸	安徽	2.16	3.68	167417	183492	  0.91	2702	11532	--  	         37.67	
600575	皖江物流	0.36	5.60	0.02	5.60	5.61	54552	45	0.00	          0.38	5.56	5.61	5.50	5.58	    41.07	30310336	  0.50	水运	安徽	1.97	5.56	27098	27454	  0.99	120	845	--  	         14.23	
600577	精达股份	-1.84	6.93	-0.13	6.92	6.93	1663293	212	-0.14	         11.72	6.87	7.20	6.77	7.06	    60.51	1154152320	  1.31	电气设备	安徽	6.09	6.94	859026	804266	  1.07	850	787	--  	         14.19	
600585	海螺水泥	1.74	20.41	0.35	20.40	20.41	162494	7	0.14	          0.41	20.12	20.47	20.09	20.06	    13.59	329664704	  1.28	水泥	安徽	1.89	20.29	57455	105038	  0.55	18	2	--  	         40.00	
600761	安徽合力	1.61	14.51	0.23	14.50	14.51	104625	32	0.06	          1.70	14.27	14.56	13.95	14.28	    22.14	149215680	  1.04	工程机械	安徽	4.27	14.26	49459	55166	  0.90	204	59	--  	          6.17	
600808	马钢股份	1.51	3.37	0.05	3.37	3.38	486955	139	0.00	          0.82	3.31	3.38	3.27	3.32	    25.63	162916464	  0.93	普钢	安徽	3.31	3.35	254986	231968	  1.10	2051	16530	--  	         59.68	
600983	惠而浦	0.37	10.96	0.04	10.95	10.96	44156	23	0.09	          0.83	10.92	11.05	10.79	10.92	    25.27	48285896	  0.98	家用电器	安徽	2.38	10.94	21582	22574	  0.96	115	3	--  	          5.33	
600985	雷鸣科化	3.61	15.48	0.54	15.48	15.49	125546	50	0.12	          4.78	15.00	15.53	14.85	14.94	    35.06	190511552	  1.76	化工原料	安徽	4.55	15.17	66899	58646	  1.14	37	27	--  	          2.63	
600990	四创电子	0.33	74.95	0.25	74.94	74.96	12164	45	0.17	          0.89	75.10	75.86	74.61	74.70	   256.48	91505952	  0.80	通信设备	安徽	1.67	75.23	6595	5569	  1.18	23	14	--  	          1.37	
601801	皖新传媒	-1.55	18.45	-0.29	18.42	18.49	139654	1	0.32	          0.77	18.75	18.75	18.21	18.74	    38.58	257212240	  0.59	出版业	安徽	2.88	18.42	61098	78555	  0.78	104	4	--  	         18.20	
数据来源:通达信
