代码	名称	涨幅%%	现价	涨跌	买价	卖价	总量	现量	涨速%%	换手%%	今开	最高	最低	昨收	市盈(动)	总金额	量比	细分行业	地区	振幅%%	均价	内盘	外盘	内外比	买量	卖量	未匹配量	流通股(亿)	
000007	全新好	--  	23.81	--  	--  	--  	0	0	--  	          0.00	--  	--  	--  	23.81	   237.21	0	  0.00	酒店餐饮	深圳	0.00	23.81	0	0	--  	0	0	--  	          2.06	
000060	中金岭南	2.40	11.54	0.27	11.53	11.54	307856	4352	0.08	          1.39	11.27	11.54	11.22	11.27	   116.86	351483264	  1.51	铅锌	深圳	2.84	11.42	135465	172390	  0.79	2512	3223	--  	         22.11	
000540	中天城投	2.76	6.70	0.18	6.69	6.70	414902	7851	0.00	          1.05	6.52	6.75	6.44	6.52	    11.50	274821088	  2.09	区域地产	贵州	4.75	6.62	157088	257813	  0.61	3819	2627	--  	         39.46	
000629	*ST钒钛	0.79	2.55	0.02	2.54	2.55	295133	5655	0.39	          0.62	2.53	2.55	2.51	2.53	--  	74807904	  0.60	普钢	四川	1.58	2.53	150296	144836	  1.04	15799	50981	--  	         47.67	
000630	铜陵有色	1.25	3.24	0.04	3.23	3.24	1195421	20579	0.00	          1.25	3.20	3.24	3.18	3.20	   268.79	384756960	  1.07	铜	安徽	1.87	3.22	426330	769090	  0.55	36154	103745	--  	         95.60	
000663	永安林业	0.26	15.31	0.04	15.31	15.32	43788	295	0.06	          2.31	15.18	15.39	15.06	15.27	   443.74	66966712	  0.75	林业	福建	2.16	15.29	21867	21920	  1.00	285	132	--  	          1.89	
000693	ST华泽	--  	12.50	--  	--  	--  	0	0	--  	          0.00	--  	--  	--  	12.50	--  	0	  0.00	小金属	四川	0.00	12.50	0	0	--  	0	0	--  	          2.77	
000697	炼石有色	--  	23.51	--  	--  	--  	0	0	--  	          0.00	--  	--  	--  	23.51	--  	0	  0.00	小金属	陕西	0.00	23.51	0	0	--  	0	0	--  	          4.54	
000737	南风化工	0.13	7.47	0.01	7.47	7.48	138115	2435	0.26	          2.52	7.45	7.50	7.25	7.46	--  	101936240	  0.88	日用化工	山西	3.35	7.38	69313	68802	  1.01	277	1095	--  	          5.49	
000758	中色股份	1.79	8.55	0.15	8.55	8.56	279072	11039	0.11	          1.42	8.41	8.55	8.37	8.40	    61.94	237359840	  1.10	铅锌	北京	2.14	8.51	124897	154175	  0.81	4645	3714	--  	         19.69	
000762	西藏矿业	0.56	18.04	0.10	18.03	18.04	97704	854	0.16	          2.05	17.82	18.05	17.51	17.94	   546.71	173939984	  0.75	小金属	西藏	3.01	17.80	50863	46840	  1.09	17	1015	--  	          4.76	
000792	盐湖股份	-0.05	18.62	-0.01	18.62	18.63	78170	1425	0.00	          0.43	18.65	18.70	18.46	18.63	    99.67	145384096	  0.70	农药化肥	青海	1.29	18.60	45069	33100	  1.36	222	378	--  	         18.33	
000831	*ST五稀	3.15	13.10	0.40	13.09	13.10	184348	1681	0.07	          1.88	12.70	13.17	12.66	12.70	--  	239319488	  1.37	小金属	山西	4.02	12.98	74349	109999	  0.68	362	1371	--  	          9.81	
000878	云南铜业	3.18	15.58	0.48	15.58	15.59	579350	6455	0.00	          4.09	15.13	15.65	15.08	15.10	   371.55	893896064	  1.69	铜	云南	3.77	15.43	270305	309044	  0.87	5024	445	--  	         14.16	
000933	*ST神火	1.89	7.55	0.14	7.54	7.55	197944	2091	0.00	          1.05	7.38	7.57	7.35	7.41	    13.03	148199088	  0.86	煤炭开采	河南	2.97	7.49	84225	113718	  0.74	1524	3383	--  	         18.90	
000937	冀中能源	2.08	6.86	0.14	6.85	6.86	358366	5533	-0.14	          1.25	6.70	6.94	6.63	6.72	   224.12	243992368	  1.31	煤炭开采	河北	4.61	6.81	148662	209703	  0.71	3509	482	--  	         28.69	
000960	锡业股份	1.62	13.83	0.22	13.83	13.84	145498	3093	0.00	          1.20	13.61	13.86	13.60	13.61	   270.26	200261360	  0.85	小金属	云南	1.91	13.76	63796	81702	  0.78	2825	221	--  	         12.09	
000962	*ST东钽	0.45	13.26	0.06	13.25	13.26	80417	2215	0.15	          1.82	13.06	13.31	12.96	13.20	   201.53	105832152	  0.95	小金属	宁夏	2.65	13.16	39943	40474	  0.99	845	252	--  	          4.41	
000993	闽东电力	-0.98	14.20	-0.14	14.20	14.21	139111	2290	0.00	          3.73	14.21	14.29	13.95	14.34	    33.01	196420384	  0.80	水力发电	福建	2.37	14.12	82015	57096	  1.44	941	381	--  	          3.73	
002192	融捷股份	-0.95	25.09	-0.24	25.09	25.10	69881	1156	0.03	          3.67	25.10	25.52	24.72	25.33	  4733.18	175796480	  0.80	专用机械	广东	3.16	25.16	36326	33555	  1.08	22	22	--  	          1.90	
002340	格林美	0.47	8.48	0.04	8.48	8.49	1474944	39663	0.59	          6.32	8.40	8.54	8.25	8.44	    94.11	1236827904	  0.71	小金属	深圳	3.44	8.39	774051	700893	  1.10	1553	6185	--  	         23.34	
002378	章源钨业	1.53	10.61	0.16	10.61	10.62	104393	1806	0.00	          1.13	10.45	10.62	10.34	10.45	  1083.04	109930592	  0.69	小金属	江西	2.68	10.53	46963	57429	  0.82	682	1244	--  	          9.23	
002428	云南锗业	2.17	14.12	0.30	14.12	14.13	166742	4459	0.14	          2.60	13.78	14.18	13.63	13.82	--  	233137792	  1.03	小金属	云南	3.98	13.98	73890	92852	  0.80	1804	1089	--  	          6.42	
300208	恒顺众昇	0.13	15.44	0.02	15.44	15.45	39305	259	0.12	          0.65	15.44	15.46	15.12	15.42	    42.32	60035352	  0.99	电气设备	山东	2.20	15.27	18591	20714	  0.90	907	254	--  	          6.08	
600108	亚盛集团	0.56	5.43	0.03	5.42	5.43	148788	14	0.18	          0.76	5.40	5.43	5.35	5.40	   145.89	80207504	  0.85	农业综合	甘肃	1.48	5.39	75714	73073	  1.04	2707	6845	--  	         19.47	
600111	北方稀土	1.34	12.82	0.17	12.82	12.83	194578	3	0.15	          0.54	12.63	12.83	12.58	12.65	  1017.31	247881168	  1.19	小金属	内蒙	1.98	12.74	84400	110178	  0.77	945	1226	--  	         36.33	
600123	兰花科创	1.13	8.04	0.09	8.04	8.05	120926	10	0.12	          1.06	7.92	8.05	7.89	7.95	--  	96685512	  0.57	煤炭开采	山西	2.01	8.00	46343	74583	  0.62	165	1808	--  	         11.42	
600141	兴发集团	1.21	14.22	0.17	14.20	14.21	54544	12	0.21	          1.14	14.00	14.24	13.90	14.05	    69.53	76776496	  0.57	化工原料	湖北	2.42	14.08	25941	28603	  0.91	55	167	--  	          4.80	
600251	冠农股份	-0.92	8.63	-0.08	8.62	8.63	123885	10	0.23	          1.58	8.66	8.70	8.44	8.71	   416.60	106007544	  0.82	农业综合	新疆	2.99	8.56	75095	48790	  1.54	336	290	--  	          7.85	
600259	广晟有色	4.44	46.80	1.99	46.81	46.82	84714	38	0.06	          3.28	44.77	46.94	44.60	44.81	--  	391465920	  2.25	小金属	海南	5.22	46.21	36851	47862	  0.77	1	3	--  	          2.58	
600265	ST景谷	0.56	34.34	0.19	34.33	34.35	5999	10	0.05	          0.46	34.08	34.50	34.08	34.15	   132.23	20627922	  0.86	林业	云南	1.23	34.39	3094	2904	  1.07	5	5	--  	          1.30	
600326	西藏天路	0.39	10.21	0.04	10.21	10.22	143351	12	0.19	          2.15	10.11	10.25	10.00	10.17	    29.86	145253984	  0.74	建筑施工	西藏	2.46	10.13	70096	73254	  0.96	315	24	--  	          6.66	
600328	兰太实业	0.92	12.08	0.11	12.09	12.10	42517	551	0.08	          0.97	11.95	12.11	11.85	11.97	    65.79	51025484	  0.58	化工原料	内蒙	2.17	12.00	19225	23291	  0.83	1	238	--  	          4.38	
600331	宏达股份	2.14	6.67	0.14	6.66	6.67	210861	10	0.15	          2.04	6.53	6.68	6.52	6.53	   196.64	139713744	  1.42	铅锌	四川	2.45	6.63	84682	126178	  0.67	2522	342	--  	         10.32	
600348	阳泉煤业	1.91	6.94	0.13	6.93	6.94	240602	10	-0.14	          1.00	6.82	6.95	6.76	6.81	    98.59	165568912	  0.79	煤炭开采	山西	2.79	6.88	90219	150382	  0.60	617	2	--  	         24.05	
600362	江西铜业	3.39	18.93	0.62	18.93	18.94	519930	26	0.00	          2.51	18.34	18.95	18.30	18.31	    49.74	969339840	  1.91	铜	江西	3.55	18.64	223225	296705	  0.75	153	900	--  	         20.75	
600367	红星发展	0.44	13.69	0.06	13.66	13.68	93456	12	0.29	          3.21	13.56	13.85	13.40	13.63	    86.93	127209440	  1.39	化工原料	贵州	3.30	13.61	47400	46055	  1.03	3	331	--  	          2.91	
600432	*ST吉恩	0.00	6.70	0.00	6.70	6.71	79828	123	-0.14	          0.98	6.68	6.71	6.52	6.70	--  	52926836	  0.65	小金属	吉林	2.84	6.63	43321	36507	  1.19	69	468	--  	          8.11	
600456	宝钛股份	1.83	23.38	0.42	23.39	23.40	145097	97	0.73	          3.37	22.78	23.41	22.44	22.96	--  	332005312	  0.73	小金属	陕西	4.22	22.88	72277	72820	  0.99	856	545	--  	          4.30	
600497	驰宏锌锗	2.57	7.58	0.19	7.57	7.58	568329	68	0.26	          1.70	7.41	7.58	7.36	7.39	   344.05	426551296	  1.28	铅锌	云南	2.98	7.51	246993	321336	  0.77	3968	1032	--  	         33.35	
600549	厦门钨业	3.31	24.04	0.77	24.05	24.06	138763	91	0.33	          1.57	23.20	24.06	23.18	23.27	   127.40	330446432	  1.31	小金属	福建	3.78	23.81	55906	82856	  0.67	13	108	--  	          8.87	
600714	金瑞矿业	-2.58	15.08	-0.40	15.08	15.09	82290	52	0.33	          2.92	15.41	15.47	14.84	15.48	    33.38	124036776	  0.58	煤炭开采	青海	4.07	15.07	47956	34334	  1.40	13	24	--  	          2.82	
600884	杉杉股份	-0.46	14.99	-0.07	14.98	14.99	189178	65	0.20	          2.30	14.98	15.30	14.80	15.06	    47.10	285711168	  0.85	服饰	浙江	3.32	15.10	95851	93327	  1.03	300	55	--  	          8.22	
601001	大同煤业	1.77	6.33	0.11	6.32	6.33	139142	135	0.15	          0.83	6.21	6.40	6.15	6.22	    30.83	87806288	  1.10	煤炭开采	山西	4.02	6.31	61838	77303	  0.80	1923	360	--  	         16.74	
601101	昊华能源	2.72	7.17	0.19	7.17	7.18	83724	131	0.13	          0.70	6.96	7.19	6.93	6.98	--  	59373816	  1.54	煤炭开采	北京	3.72	7.09	29139	54585	  0.53	663	2075	--  	         12.00	
601168	西部矿业	0.00	7.83	0.00	--  	--  	0	0	0.00	          0.00	--  	--  	--  	7.83	   116.16	0	  0.00	铜	青海	0.00	7.83	0	0	--  	0	0	--  	         23.83	
601666	平煤股份	1.96	5.72	0.11	5.72	5.73	218379	20	0.00	          0.92	5.57	5.74	5.50	5.61	   104.64	123185216	  1.37	煤炭开采	河南	4.28	5.64	99628	118750	  0.84	137	2284	--  	         23.61	
601958	金钼股份	0.87	8.11	0.07	8.10	8.11	96275	100	0.00	          0.30	8.04	8.12	7.96	8.04	--  	77608544	  0.81	小金属	陕西	1.99	8.06	40984	55290	  0.74	593	200	--  	         32.27	
603399	新华龙	0.00	11.21	0.00	--  	--  	0	0	0.00	          0.00	--  	--  	--  	11.21	--  	0	  0.00	小金属	辽宁	0.00	11.21	0	0	--  	0	0	--  	          4.99	
603799	华友钴业	1.65	55.34	0.90	55.35	55.37	217344	23	0.38	          8.01	54.28	55.40	53.30	54.44	  2201.06	1182940800	  0.87	小金属	浙江	3.86	54.43	111983	105361	  1.06	17	10	--  	          2.71	
603993	洛阳钼业	1.03	4.91	0.05	4.90	4.91	1020357	9	0.20	          0.79	4.84	4.92	4.82	4.86	   106.58	497133120	  0.66	小金属	河南	2.06	4.87	525736	494621	  1.06	4616	17292	--  	        129.54	
数据来源:通达信
