代码	名称	涨幅%%	现价	涨跌	买价	卖价	总量	现量	涨速%%	换手%%	今开	最高	最低	昨收	市盈(动)	总金额	量比	细分行业	地区	振幅%%	均价	内盘	外盘	内外比	买量	卖量	未匹配量	流通股(亿)	
000006	深振业Ａ	-0.90	8.76	-0.08	8.75	8.76	128941	3097	0.00	          0.96	8.80	8.81	8.63	8.84	    77.47	112440304	  0.91	区域地产	深圳	2.04	8.72	76894	52047	  1.48	2426	143	--  	         13.45	
000011	深物业A	-1.40	16.91	-0.24	16.91	16.92	58737	735	-0.05	          3.34	16.95	16.96	16.65	17.15	--  	98866232	  0.94	区域地产	深圳	1.81	16.83	33195	25542	  1.30	461	162	--  	          1.76	
000014	沙河股份	-0.43	18.73	-0.08	18.70	18.73	16816	174	0.21	          0.83	18.61	18.80	18.38	18.81	--  	31340336	  0.77	全国地产	深圳	2.23	18.64	9245	7571	  1.22	224	216	--  	          2.02	
000020	深华发Ａ	-0.98	21.28	-0.21	21.28	21.29	14761	127	0.04	          0.81	21.49	21.60	21.08	21.49	  1002.23	31359002	  1.18	元器件	深圳	2.42	21.24	8692	6068	  1.43	101	42	--  	          1.81	
000023	深天地Ａ	-0.98	30.40	-0.30	30.38	30.40	7210	25	-0.03	          0.52	30.50	30.79	30.22	30.70	   382.65	21952056	  0.83	其他建材	深圳	1.86	30.45	4643	2567	  1.81	24	15	--  	          1.39	
000029	深深房Ａ	--  	11.17	--  	--  	--  	0	0	--  	          0.00	--  	--  	--  	11.17	    35.78	0	  0.00	区域地产	深圳	0.00	11.17	0	0	--  	0	0	--  	          8.92	
000036	华联控股	0.12	8.39	0.01	8.38	8.39	67405	164	0.11	          0.60	8.34	8.43	8.30	8.38	    15.09	56394532	  0.98	全国地产	深圳	1.55	8.37	33759	33645	  1.00	2801	240	--  	         11.28	
000039	中集集团	1.55	16.34	0.25	16.33	16.34	72288	305	-0.06	          0.57	16.11	16.38	16.08	16.09	--  	117672952	  0.66	轻工机械	深圳	1.86	16.28	28970	43318	  0.67	76	892	--  	         12.62	
000042	中洲控股	--  	20.24	--  	--  	--  	0	0	--  	          0.00	--  	--  	--  	20.24	   123.09	0	  0.00	全国地产	深圳	0.00	20.24	0	0	--  	0	0	--  	          4.85	
000055	方大集团	1.72	14.80	0.25	14.79	14.80	49768	793	0.06	          1.18	14.59	14.82	14.46	14.55	    76.66	73105288	  1.48	其他建材	深圳	2.47	14.69	18908	30859	  0.61	1180	198	--  	          4.20	
000062	深圳华强	-0.44	27.41	-0.12	27.41	27.42	16546	302	0.14	          0.25	27.46	27.50	27.10	27.53	    46.43	45278064	  0.66	商贸代理	深圳	1.45	27.36	10229	6317	  1.62	128	74	--  	          6.67	
000090	天健集团	-0.43	9.30	-0.04	9.30	9.31	72219	636	0.10	          0.93	9.34	9.36	9.23	9.34	    37.73	67046376	  1.34	建筑施工	深圳	1.39	9.28	33692	38527	  0.87	72	66	--  	          7.74	
000429	粤高速Ａ	-0.13	7.42	-0.01	7.41	7.42	41557	189	0.00	          0.89	7.43	7.46	7.32	7.43	    14.59	30689606	  0.59	路桥	广东	1.88	7.38	22242	19314	  1.15	368	225	--  	          4.69	
000507	珠海港	1.02	6.93	0.07	6.92	6.93	99624	1278	0.00	          1.29	6.84	6.93	6.81	6.86	    48.85	68639448	  0.42	港口	广东	1.75	6.89	42730	56894	  0.75	2886	1199	--  	          7.72	
000513	丽珠集团	2.15	54.73	1.15	54.73	54.74	22281	146	-0.01	          0.95	53.42	54.88	53.12	53.58	    28.42	121347856	  1.33	中成药	广东	3.28	54.46	9204	13077	  0.70	6	257	--  	          2.36	
000523	广州浪奇	1.22	11.59	0.14	11.58	11.59	39931	195	0.00	          0.90	11.45	11.65	11.35	11.45	   224.46	46036364	  0.68	日用化工	广东	2.62	11.53	17527	22404	  0.78	1532	460	--  	          4.46	
000529	广弘控股	0.55	10.91	0.06	10.90	10.91	35418	164	-0.09	          0.62	10.80	10.97	10.62	10.85	    60.66	38338180	  0.88	食品	广东	3.23	10.82	12899	22519	  0.57	177	409	--  	          5.67	
000532	力合股份	0.38	18.29	0.07	18.29	18.30	40054	759	0.16	          1.17	18.21	18.30	17.81	18.22	   158.27	72338856	  0.63	元器件	广东	2.69	18.06	21222	18832	  1.13	171	421	--  	          3.43	
000601	韶能股份	0.00	8.44	0.00	8.43	8.44	96015	1974	0.00	          0.89	8.43	8.45	8.33	8.44	    14.92	80518920	  0.75	水力发电	广东	1.42	8.39	59224	36790	  1.61	126	570	--  	         10.80	
000659	珠海中富	-2.61	6.35	-0.17	6.34	6.35	239647	5082	-0.15	          1.86	6.45	6.50	6.20	6.52	--  	151971104	  0.99	广告包装	广东	4.60	6.34	132296	107351	  1.23	429	376	--  	         12.86	
000893	东凌国际	-0.48	14.44	-0.07	14.44	14.45	40013	2260	0.00	          1.00	14.49	14.58	14.35	14.51	   447.74	57846160	  0.64	食品	广东	1.59	14.46	23499	16513	  1.42	58	1	--  	          4.01	
002005	德豪润达	2.56	6.00	0.15	5.99	6.00	399166	3071	0.16	          3.42	5.88	6.14	5.86	5.85	   340.19	240179696	  3.16	家用电器	广东	4.79	6.02	171807	227358	  0.76	1263	4585	--  	         11.66	
002016	世荣兆业	0.81	9.98	0.08	9.97	9.98	39982	378	0.00	          0.62	9.91	10.02	9.80	9.90	    65.18	39760048	  0.81	区域地产	广东	2.22	9.94	20553	19429	  1.06	104	220	--  	          6.46	
002017	东信和平	0.28	14.09	0.04	14.08	14.09	41431	892	0.07	          1.21	14.07	14.12	13.88	14.05	    88.22	58097868	  0.92	通信设备	广东	1.71	14.02	21222	20208	  1.05	331	789	--  	          3.44	
002060	粤 水 电	0.13	7.96	0.01	7.96	7.97	39639	342	0.12	          0.66	7.95	7.97	7.83	7.95	    52.97	31370572	  0.85	建筑施工	广东	1.76	7.91	20979	18660	  1.12	351	1250	--  	          6.01	
002063	远光软件	1.40	13.03	0.18	13.03	13.04	68470	1087	-0.07	          1.30	12.85	13.04	12.71	12.85	    62.24	88406184	  0.87	软件服务	广东	2.57	12.91	30858	37611	  0.82	610	1108	--  	          5.26	
002180	艾派克	1.24	28.55	0.35	28.55	28.56	37588	185	0.00	          1.95	28.30	28.77	27.80	28.20	    84.25	106780704	  1.27	电脑设备	广东	3.44	28.41	16120	21468	  0.75	92	149	--  	          1.93	
002187	广百股份	0.62	14.54	0.09	14.53	14.54	45450	1654	0.27	          1.33	14.45	14.58	14.08	14.45	    32.01	65616336	  1.45	百货	广东	3.46	14.44	20333	25117	  0.81	247	358	--  	          3.42	
002192	融捷股份	-0.95	25.09	-0.24	25.09	25.10	69881	1156	0.03	          3.67	25.10	25.52	24.72	25.33	  4733.18	175796480	  0.80	专用机械	广东	3.16	25.16	36326	33555	  1.08	22	22	--  	          1.90	
002233	塔牌集团	0.65	10.88	0.07	10.88	10.89	93478	1507	0.09	          1.23	10.77	10.91	10.61	10.81	    21.43	100853112	  0.65	水泥	广东	2.78	10.79	44861	48617	  0.92	696	2034	--  	          7.58	
002461	珠江啤酒	0.28	14.27	0.04	14.27	14.28	73763	1977	-0.07	          1.08	14.22	14.65	14.22	14.23	   109.01	106069872	  0.81	啤酒	广东	3.02	14.38	42132	31630	  1.33	1587	154	--  	          6.80	
600185	格力地产	1.87	5.99	0.11	5.97	5.98	145376	11	0.16	          0.90	5.88	5.99	5.87	5.88	    25.34	86475400	  1.92	区域地产	广东	2.04	5.95	62019	83357	  0.74	1219	113	--  	         16.18	
600325	华发股份	2.85	13.72	0.38	13.70	13.72	233749	92	0.07	          2.20	13.30	13.78	13.30	13.34	    31.68	317926048	  2.60	区域地产	广东	3.60	13.60	91445	142303	  0.64	315	10	--  	         10.63	
600428	中远海特	-0.14	6.95	-0.01	6.94	6.95	240809	225	-0.14	          1.42	6.94	7.04	6.94	6.96	   337.12	168224320	  0.84	水运	广东	1.44	6.99	123472	117336	  1.05	1679	3285	--  	         16.90	
600685	中船防务	0.63	33.48	0.21	33.48	33.49	67591	15	-0.02	          1.23	33.23	33.65	32.75	33.27	  5374.25	225026352	  0.68	船舶	广东	2.71	33.29	32797	34793	  0.94	19	6	--  	          5.49	
600894	广日股份	0.65	13.86	0.09	13.85	13.86	37585	100	-0.07	          0.44	13.78	13.89	13.71	13.77	    10.60	51908428	  0.66	运输设备	广东	1.31	13.81	18211	19374	  0.94	282	145	--  	          8.60	
数据来源:通达信
