代码	名称	涨幅%%	现价	涨跌	买价	卖价	总量	现量	涨速%%	换手%%	今开	最高	最低	昨收	市盈(动)	总金额	量比	细分行业	地区	振幅%%	均价	内盘	外盘	内外比	买量	卖量	未匹配量	流通股(亿)	
000032	深桑达Ａ	--  	15.71	--  	--  	--  	0	0	--  	          0.00	--  	--  	--  	15.71	    87.17	0	  0.00	元器件	深圳	0.00	15.71	0	0	--  	0	0	--  	          2.79	
000055	方大集团	1.72	14.80	0.25	14.79	14.80	49768	793	0.06	          1.18	14.59	14.82	14.46	14.55	    76.66	73105288	  1.48	其他建材	深圳	2.47	14.69	18908	30859	  0.61	1180	198	--  	          4.20	
000541	佛山照明	0.10	10.51	0.01	10.50	10.51	72599	620	0.00	          0.74	10.54	10.58	10.33	10.50	    35.80	75995360	  0.57	家用电器	广东	2.38	10.47	38001	34597	  1.10	840	323	--  	          9.75	
000576	广东甘化	-0.13	15.74	-0.02	15.74	15.75	40197	273	0.12	          0.93	15.65	15.85	15.50	15.76	    68.07	63196484	  0.65	造纸	广东	2.22	15.72	20885	19312	  1.08	688	131	--  	          4.34	
000627	天茂集团	0.00	7.64	0.00	7.64	7.65	76914	1708	-0.13	          0.57	7.63	7.65	7.54	7.64	    28.96	58586504	  0.92	保险	湖北	1.44	7.62	43290	33623	  1.29	628	2720	--  	         13.54	
000701	厦门信达	-0.07	14.60	-0.01	14.59	14.60	61208	1561	-0.06	          1.72	14.56	14.65	14.47	14.61	    46.11	89260472	  1.00	综合类	福建	1.23	14.58	23866	37342	  0.64	1167	79264	--  	          3.57	
002005	德豪润达	2.56	6.00	0.15	5.99	6.00	399166	3071	0.16	          3.42	5.88	6.14	5.86	5.85	   340.19	240179696	  3.16	家用电器	广东	4.79	6.02	171807	227358	  0.76	1263	4585	--  	         11.66	
002076	雪 莱 特	4.14	13.85	0.55	13.84	13.85	75281	4010	0.50	          3.55	13.40	13.85	13.23	13.30	   103.76	102690536	  1.90	家用电器	广东	4.66	13.64	27074	48206	  0.56	693	1225	--  	          2.12	
002137	麦达数字	1.94	12.64	0.24	12.63	12.64	60809	2044	0.00	          1.28	12.41	12.68	12.23	12.40	    38.91	76117552	  0.95	元器件	深圳	3.63	12.52	24800	36009	  0.69	438	232	--  	          4.75	
002197	证通电子	0.83	15.82	0.13	15.82	15.83	28902	649	0.06	          0.85	15.73	15.83	15.58	15.69	   193.36	45486832	  0.78	电器仪表	深圳	1.59	15.74	13317	15584	  0.85	387	436	--  	          3.40	
002229	鸿博股份	1.26	22.44	0.28	22.44	22.45	41637	992	-0.04	          1.97	22.16	22.50	21.73	22.16	--  	92252624	  0.95	广告包装	福建	3.47	22.16	18092	23545	  0.77	435	230	--  	          2.12	
002241	歌尔股份	3.62	32.62	1.14	32.62	32.63	155813	567	0.09	          1.23	31.46	32.99	31.43	31.48	    36.04	506591232	  1.43	元器件	山东	4.96	32.51	56835	98977	  0.57	32	88	--  	         12.64	
002245	澳洋顺昌	0.10	10.36	0.01	10.35	10.36	172564	1381	0.19	          1.90	10.29	10.48	10.13	10.35	    49.18	178201600	  0.66	仓储物流	江苏	3.38	10.33	91462	81101	  1.13	541	358	--  	          9.09	
002384	东山精密	1.38	21.36	0.29	21.35	21.36	128713	2403	0.09	          2.33	20.92	21.36	20.37	21.07	    92.23	269338240	  1.23	通信设备	江苏	4.70	20.93	62676	66037	  0.95	153	845	--  	          5.52	
002402	和而泰	6.35	11.06	0.66	11.06	11.07	402556	4193	0.09	          6.65	10.45	11.35	10.34	10.40	    71.99	436566592	  2.73	元器件	深圳	9.71	10.84	159778	242778	  0.66	2024	608	--  	          6.06	
002429	兆驰股份	-0.37	10.75	-0.04	10.74	10.75	123030	1228	0.27	          0.77	10.82	10.87	10.67	10.79	    41.71	132211776	  0.76	家用电器	深圳	1.85	10.75	74017	49012	  1.51	291	604	--  	         15.89	
002449	国星光电	1.99	14.36	0.28	14.36	14.37	55824	497	0.00	          1.67	14.08	14.38	13.97	14.08	    39.14	79321672	  0.94	半导体	广东	2.91	14.21	25416	30407	  0.84	250	360	--  	          3.35	
002579	中京电子	-0.33	14.95	-0.05	14.95	14.96	122142	1522	0.13	          3.49	14.78	15.06	14.62	15.00	    44.03	181882560	  0.42	元器件	广东	2.93	14.89	64091	58050	  1.10	703	173	--  	          3.50	
002587	奥拓电子	-0.50	13.88	-0.07	13.88	13.89	114668	2555	-0.07	          4.82	13.86	13.92	13.68	13.95	    71.77	158250272	  1.29	元器件	深圳	1.72	13.80	67207	47460	  1.42	1161	521	--  	          2.38	
002638	勤上股份	--  	9.04	--  	--  	--  	0	0	--  	          0.00	--  	--  	--  	9.04	   209.77	0	  0.00	半导体	广东	0.00	9.04	0	0	--  	0	0	--  	          9.31	
002654	万润科技	0.17	11.53	0.02	11.52	11.53	40667	935	0.08	          1.04	11.48	11.55	11.33	11.51	    61.00	46548756	  0.74	半导体	深圳	1.91	11.45	17338	23329	  0.74	591	135	--  	          3.90	
002660	茂硕电源	0.54	13.09	0.07	13.09	13.10	57516	772	0.15	          3.00	12.99	13.22	12.82	13.02	   204.58	74939192	  0.77	电气设备	深圳	3.07	13.03	27075	30440	  0.89	11	651	--  	          1.92	
002723	金莱特	0.75	25.49	0.19	25.40	25.49	20907	451	0.43	          2.72	25.33	25.75	25.00	25.30	   661.89	52900532	  1.09	家用电器	广东	2.96	25.30	13497	7410	  1.82	3	118	--  	          0.77	
002745	木林森	--  	36.49	--  	--  	--  	0	0	--  	          0.00	--  	--  	--  	36.49	    46.04	0	  0.00	半导体	广东	0.00	36.49	0	0	--  	0	0	--  	          0.78	
300029	天龙光电	-0.14	13.80	-0.02	13.79	13.80	25087	500	0.21	          1.30	13.80	13.82	13.58	13.82	--  	34333196	  0.95	专用机械	江苏	1.74	13.69	13258	11828	  1.12	24	116	--  	          1.93	
300102	乾照光电	0.37	8.21	0.03	8.20	8.21	129210	3335	0.24	          2.12	8.18	8.25	8.11	8.18	   119.56	105840040	  0.79	半导体	福建	1.71	8.19	69546	59663	  1.17	764	1255	--  	          6.10	
300162	雷曼股份	0.21	14.30	0.03	14.30	14.31	28115	707	-0.06	          1.28	14.27	14.37	14.06	14.27	    91.33	39954596	  0.67	元器件	深圳	2.17	14.21	16553	11562	  1.43	256	103	--  	          2.19	
300219	鸿利智汇	1.28	13.40	0.17	13.39	13.40	57431	587	0.14	          1.07	13.24	13.60	13.17	13.23	    34.88	76876632	  0.72	元器件	广东	3.25	13.39	28021	29410	  0.95	562	405	--  	          5.36	
300232	洲明科技	2.73	14.28	0.38	14.28	14.29	76006	531	0.14	          2.05	13.85	14.30	13.68	13.90	    52.37	107147144	  1.26	半导体	深圳	4.46	14.10	36535	39471	  0.93	102	479	--  	          3.70	
300241	瑞丰光电	0.47	14.90	0.07	14.88	14.90	46606	56	0.26	          2.77	14.74	14.95	14.50	14.83	    64.45	69121392	  1.18	半导体	深圳	3.03	14.83	23577	23028	  1.02	125	477	--  	          1.68	
300269	联建光电	0.47	23.60	0.11	23.60	23.61	23928	711	0.00	          0.93	23.50	23.65	23.15	23.49	    41.98	56287796	  1.29	半导体	深圳	2.13	23.52	10068	13860	  0.73	103	3	--  	          2.59	
300296	利亚德	-0.39	36.21	-0.14	36.21	36.22	36819	167	-0.08	          0.92	36.26	36.68	36.00	36.35	    72.80	133836040	  0.98	半导体	北京	1.87	36.35	19009	17810	  1.07	32	93	--  	          4.00	
300301	长方集团	0.93	7.62	0.07	7.61	7.62	51933	112	0.00	          1.28	7.53	7.64	7.43	7.55	    84.88	39305496	  0.78	半导体	深圳	2.78	7.57	17186	34746	  0.49	133	88	--  	          4.06	
300303	聚飞光电	1.09	9.24	0.10	9.23	9.24	64253	1965	0.54	          1.33	9.12	9.25	9.05	9.14	    44.02	58991820	  0.68	半导体	深圳	2.19	9.18	34190	30063	  1.14	126	143	--  	          4.82	
300317	珈伟股份	1.92	38.66	0.73	38.66	38.67	141771	981	0.00	          8.45	37.98	39.37	37.80	37.93	    66.22	547859456	  1.93	半导体	深圳	4.14	38.64	70836	70935	  1.00	245	52	--  	          1.68	
300323	华灿光电	1.88	11.92	0.22	11.92	11.93	201277	2420	-0.16	          2.98	11.78	12.15	11.73	11.70	    37.28	240941520	  1.11	半导体	湖北	3.59	11.97	96988	104288	  0.93	450	873	--  	          6.75	
300340	科恒股份	3.70	61.08	2.18	61.08	61.09	112471	1311	0.11	         13.74	59.56	64.30	58.04	58.90	   924.41	692956800	  0.90	元器件	广东	10.63	61.61	52566	59905	  0.88	35	8	--  	          0.82	
300389	艾比森	-0.05	21.25	-0.01	21.25	21.26	15472	360	0.00	          1.67	21.11	21.52	20.71	21.26	    52.70	32726900	  0.98	半导体	深圳	3.81	21.15	9136	6335	  1.44	226	38	--  	          0.93	
300538	同益股份	0.52	70.06	0.36	70.05	70.06	16330	215	0.00	         11.66	69.10	70.81	68.67	69.70	   106.58	113535320	  1.79	批发业	深圳	3.07	69.52	8233	8097	  1.02	178	37	--  	          0.14	
300582	英飞特	2.10	41.76	0.86	41.76	41.77	49359	959	0.19	         14.96	40.80	41.88	39.66	40.90	    89.41	201694960	  0.79	半导体	浙江	5.43	40.86	23891	25468	  0.94	89	513	--  	          0.33	
600100	同方股份	0.22	13.94	0.03	13.94	13.95	251383	131	0.28	          1.14	13.89	13.98	13.81	13.91	     6.08	349681408	  0.75	电脑设备	北京	1.22	13.91	137961	113422	  1.22	546	901	--  	         21.98	
600111	北方稀土	1.34	12.82	0.17	12.82	12.83	194578	3	0.15	          0.54	12.63	12.83	12.58	12.65	  1017.31	247881168	  1.19	小金属	内蒙	1.98	12.74	84400	110178	  0.77	945	1226	--  	         36.33	
600203	福日电子	1.02	11.86	0.12	11.86	11.87	38915	326	0.00	          1.28	11.76	11.87	11.63	11.74	    55.16	45837776	  0.58	元器件	福建	2.04	11.78	17663	21251	  0.83	122	206	--  	          3.03	
600261	阳光照明	-0.79	7.57	-0.06	7.56	7.57	136930	14	0.00	          0.94	7.60	7.62	7.50	7.63	    23.24	103228696	  1.58	家用电器	浙江	1.57	7.54	88016	48914	  1.80	6118	606	--  	         14.52	
600360	华微电子	2.03	9.04	0.18	9.02	9.03	123035	31	0.00	          1.67	8.88	9.08	8.75	8.86	   131.84	109990672	  2.01	半导体	吉林	3.72	8.94	49753	73282	  0.68	163	5	--  	          7.38	
600363	联创光电	-0.32	18.71	-0.06	18.61	18.70	213627	20	0.05	          4.82	18.75	18.76	18.15	18.77	    39.77	394041280	  0.65	元器件	江西	3.25	18.45	130697	82929	  1.58	30	1980	--  	          4.43	
600460	士兰微	4.43	6.60	0.28	6.59	6.60	252399	23	0.00	          2.02	6.34	6.67	6.26	6.32	    85.84	165021744	  1.84	半导体	浙江	6.49	6.54	97588	154810	  0.63	165	1084	--  	         12.47	
600584	长电科技	3.73	19.48	0.70	19.47	19.48	198623	3	0.00	          2.02	18.77	19.60	18.65	18.78	   253.46	383456928	  1.04	半导体	江苏	5.06	19.31	82808	115814	  0.72	526	394	--  	          9.85	
600608	上海科技	-1.31	14.26	-0.19	14.25	14.26	47267	17	0.07	          1.48	14.36	14.45	14.12	14.45	--  	67365520	  0.79	普钢	上海	2.28	14.25	27114	20153	  1.35	74	48	--  	          3.18	
600651	飞乐音响	1.18	10.29	0.12	10.29	10.30	76020	7	0.00	          0.99	10.15	10.33	10.11	10.17	    69.59	77924016	  0.70	电器仪表	上海	2.16	10.25	33917	42102	  0.81	341	3066	--  	          7.69	
600703	三安光电	0.38	15.69	0.06	15.68	15.69	138221	7	0.00	          0.34	15.60	15.84	15.42	15.63	    32.09	216638704	  0.88	半导体	湖北	2.69	15.67	64370	73850	  0.87	52	146	--  	         40.78	
600894	广日股份	0.65	13.86	0.09	13.85	13.86	37585	100	-0.07	          0.44	13.78	13.89	13.71	13.77	    10.60	51908428	  0.66	运输设备	广东	1.31	13.81	18211	19374	  0.94	282	145	--  	          8.60	
数据来源:通达信
