代码	名称	涨幅%%	现价	涨跌	买价	卖价	总量	现量	涨速%%	换手%%	今开	最高	最低	昨收	市盈(动)	总金额	量比	细分行业	地区	振幅%%	均价	内盘	外盘	内外比	买量	卖量	未匹配量	流通股(亿)	
000008	神州高铁	1.17	8.67	0.10	8.67	8.68	91970	1337	0.00	          0.46	8.57	8.74	8.42	8.57	    84.21	78601520	  1.63	运输设备	北京	3.73	8.55	44883	47086	  0.95	525	1208	--  	         19.95	
000829	天音控股	--  	11.28	--  	--  	--  	0	0	--  	          0.00	--  	--  	--  	11.28	   132.17	0	  0.00	其他商业	江西	0.00	11.28	0	0	--  	0	0	--  	          9.47	
000835	长城动漫	-0.09	11.39	-0.01	11.39	11.40	37017	625	-0.17	          1.22	11.33	11.44	11.30	11.40	--  	42128444	  0.59	影视音像	四川	1.23	11.38	18629	18388	  1.01	219	21	--  	          3.03	
000851	高鸿股份	2.63	12.50	0.32	12.49	12.50	181052	2040	0.08	          3.48	12.18	12.55	12.07	12.18	   145.01	224786416	  1.39	软件服务	贵州	3.94	12.42	80118	100933	  0.79	1003	1849	--  	          5.20	
000979	中弘股份	--  	2.66	--  	--  	--  	0	0	--  	          0.00	--  	--  	--  	2.66	    74.11	0	  0.00	区域地产	安徽	0.00	2.66	0	0	--  	0	0	--  	         46.08	
002027	分众传媒	-0.60	11.63	-0.07	11.63	11.64	277595	2338	0.08	          0.78	11.73	11.73	11.50	11.70	    24.22	322380288	  1.01	软件服务	广东	1.97	11.61	160843	116752	  1.38	2886	1262	--  	         35.43	
002089	新 海 宜	0.86	15.19	0.13	15.18	15.19	61531	1606	0.13	          1.26	15.01	15.23	14.90	15.06	   122.78	93146160	  0.63	通信设备	江苏	2.19	15.14	27981	33549	  0.83	222	594	--  	          4.90	
002113	天润数娱	--  	18.81	--  	--  	--  	0	0	--  	          0.00	--  	--  	--  	18.81	   317.13	0	  0.00	互联网	湖南	0.00	18.81	0	0	--  	0	0	--  	          4.73	
002148	北纬通信	0.37	21.78	0.08	21.78	21.79	112848	1298	0.32	          5.63	21.64	22.31	21.56	21.70	    89.78	247743392	  1.12	互联网	北京	3.46	21.95	58554	54293	  1.08	181	44	--  	          2.01	
002174	游族网络	1.76	29.99	0.52	29.98	29.99	99122	1513	0.26	          3.22	29.37	30.10	28.90	29.47	    53.69	294730656	  1.13	互联网	福建	4.07	29.73	48767	50355	  0.97	44	418	--  	          3.08	
002181	粤 传 媒	-0.28	7.20	-0.02	7.20	7.21	26045	189	-0.13	          0.23	7.19	7.23	7.09	7.22	--  	18692818	  0.47	出版业	广东	1.94	7.18	14395	11649	  1.24	859	207	--  	         11.41	
002188	巴士在线	-0.11	28.15	-0.03	28.14	28.15	10502	173	-0.07	          0.61	28.20	28.25	27.80	28.18	   232.73	29434952	  0.84	广告包装	浙江	1.60	28.03	4477	6024	  0.74	91	157	--  	          1.71	
002229	鸿博股份	1.26	22.44	0.28	22.44	22.45	41637	992	-0.04	          1.97	22.16	22.50	21.73	22.16	--  	92252624	  0.95	广告包装	福建	3.47	22.16	18092	23545	  0.77	435	230	--  	          2.12	
002247	帝龙文化	0.00	16.81	0.00	16.81	16.82	27356	275	-0.05	          0.60	16.90	17.03	16.77	16.81	    41.65	46210008	  0.80	装修装饰	浙江	1.55	16.89	14232	13123	  1.08	202	8	--  	          4.54	
002261	拓维信息	-0.16	12.13	-0.02	12.13	12.14	60972	392	0.08	          0.82	12.17	12.19	12.00	12.15	    61.83	73817440	  0.61	互联网	湖南	1.56	12.11	33652	27319	  1.23	221	522	--  	          7.45	
002263	大 东 南	0.26	3.86	0.01	3.85	3.86	192579	4412	0.25	          1.06	3.83	3.86	3.80	3.85	--  	73857184	  0.73	塑料	浙江	1.56	3.84	99602	92976	  1.07	3550	8677	--  	         18.22	
002279	久其软件	1.00	18.12	0.18	18.12	18.13	49172	778	0.00	          2.45	17.98	18.18	17.00	17.94	    96.54	87955192	  0.59	软件服务	北京	6.58	17.89	26801	22370	  1.20	263	154	--  	          2.01	
002291	星期六	0.17	18.18	0.03	18.18	18.19	24480	186	-0.05	          0.67	18.29	18.29	18.05	18.15	   310.09	44510232	  0.80	服饰	广东	1.32	18.18	11489	12991	  0.88	16	134	--  	          3.63	
002292	奥飞娱乐	0.64	22.10	0.14	22.10	22.11	73120	1496	0.18	          1.01	21.91	22.16	21.60	21.96	    49.51	160087040	  0.72	影视音像	广东	2.55	21.89	32846	40273	  0.82	996	169	--  	          7.22	
002316	键桥通讯	--  	13.65	--  	--  	--  	0	0	--  	          0.00	--  	--  	--  	13.65	--  	0	  0.00	软件服务	深圳	0.00	13.65	0	0	--  	0	0	--  	          3.15	
002343	慈文传媒	2.03	41.12	0.82	41.12	41.13	15912	179	-0.04	          0.72	40.28	41.24	39.96	40.30	    66.45	64835180	  0.92	影视音像	浙江	3.18	40.75	8660	7252	  1.19	33	2	--  	          2.20	
002348	高乐股份	1.52	8.04	0.12	8.04	8.05	149913	3112	0.00	          2.03	7.86	8.16	7.86	7.92	   151.15	120517320	  1.15	文教休闲	广东	3.79	8.04	68946	80966	  0.85	203	2908	--  	          7.39	
002354	天神娱乐	-0.04	70.32	-0.03	70.09	70.32	26951	377	0.35	          1.77	70.31	70.67	69.08	70.35	    45.50	188218000	  1.54	互联网	辽宁	2.26	69.84	12459	14491	  0.86	15	108	--  	          1.52	
002359	齐星铁塔	0.40	27.52	0.11	27.52	27.54	44090	176	0.03	          1.06	27.50	27.80	27.35	27.41	--  	121282976	  0.91	钢加工	山东	1.64	27.51	22336	21754	  1.03	8	32	--  	          4.17	
002416	爱施德	4.25	13.74	0.56	13.73	13.74	123859	4692	0.14	          1.28	13.21	13.74	13.18	13.18	    75.59	167523632	  1.99	电器连锁	深圳	4.25	13.53	35865	87993	  0.41	1134	103	--  	          9.71	
002425	凯撒文化	0.10	20.25	0.02	20.24	20.25	46254	779	0.14	          2.26	20.12	20.26	19.98	20.23	    87.06	93090328	  0.86	服饰	广东	1.38	20.13	23177	23077	  1.00	504	35	--  	          2.05	
002445	中南文化	-0.43	16.12	-0.07	16.11	16.12	36965	326	0.00	          0.58	16.10	16.15	15.78	16.19	    73.94	59113236	  0.82	影视音像	江苏	2.29	15.99	23459	13505	  1.74	61	89	--  	          6.35	
002447	壹桥股份	-0.11	9.37	-0.01	9.36	9.37	92532	1220	0.10	          1.59	9.29	9.45	9.28	9.38	    50.91	86464840	  0.87	渔业	辽宁	1.81	9.34	54051	38480	  1.40	501	410	--  	          5.80	
002464	金利科技	--  	69.00	--  	--  	--  	0	0	--  	          0.00	--  	--  	--  	69.00	    95.85	0	  0.00	互联网	江苏	0.00	69.00	0	0	--  	0	0	--  	          1.46	
002486	嘉麟杰	--  	8.64	--  	--  	--  	0	0	--  	          0.00	--  	--  	--  	8.64	--  	0	  0.00	服饰	上海	0.00	8.64	0	0	--  	0	0	--  	          8.07	
002502	骅威文化	0.52	11.67	0.06	11.66	11.67	45551	208	0.08	          0.96	11.62	11.68	11.53	11.61	    47.90	52921304	  0.97	影视音像	广东	1.29	11.62	26173	19377	  1.35	69	49	--  	          4.77	
002517	恺英网络	0.82	31.82	0.26	31.81	31.82	10712	124	0.12	          0.54	31.52	31.89	31.00	31.56	    39.65	33827852	  0.69	互联网	福建	2.82	31.58	4703	6009	  0.78	67	95	--  	          1.99	
002555	三七互娱	0.05	21.02	0.01	21.02	21.03	97354	992	-0.09	          1.48	21.02	21.11	20.38	21.01	    43.70	202382608	  0.68	互联网	安徽	3.47	20.79	48270	49084	  0.98	606	209	--  	          6.60	
002558	世纪游轮	-0.02	80.23	-0.02	80.20	80.23	19336	229	-0.02	          3.00	79.98	80.99	79.50	80.25	   127.43	155272432	  0.92	旅游服务	重庆	1.86	80.30	8046	11290	  0.71	32	42	--  	          0.64	
002564	天沃科技	0.55	11.05	0.06	11.04	11.05	139547	2450	0.27	          2.69	10.89	11.05	10.89	10.99	--  	152790160	  0.68	化工机械	江苏	1.46	10.95	71190	68356	  1.04	208	963	--  	          5.19	
002571	德力股份	-2.86	13.93	-0.41	13.92	13.93	140550	2273	-0.14	          5.56	14.27	14.28	13.74	14.34	--  	195299456	  0.95	玻璃	安徽	3.77	13.90	79077	61473	  1.29	75	740	--  	          2.53	
002577	雷柏科技	-0.63	33.19	-0.21	33.19	33.20	114449	1402	0.09	          4.07	33.40	34.41	33.07	33.40	   395.56	385089280	  0.84	电脑设备	深圳	4.01	33.65	61154	53295	  1.15	220	177	--  	          2.81	
002602	世纪华通	-1.93	35.02	-0.69	35.02	35.03	55488	338	0.08	          0.94	35.93	35.93	34.52	35.71	    68.70	193856656	  1.58	汽车配件	浙江	3.95	34.94	29719	25768	  1.15	33	24	--  	          5.88	
002605	姚记扑克	0.37	16.23	0.06	16.22	16.23	18975	287	0.18	          0.71	16.20	16.24	16.01	16.17	    69.30	30626238	  0.88	文教休闲	上海	1.42	16.14	9068	9906	  0.92	116	268	--  	          2.69	
002612	朗姿股份	-0.57	17.50	-0.10	17.49	17.50	27029	442	0.11	          1.29	17.52	17.54	17.18	17.60	    63.68	46987428	  0.65	服饰	北京	2.05	17.38	15398	11630	  1.32	40	8	--  	          2.10	
002619	巨龙管业	-0.79	16.32	-0.13	16.32	16.33	62353	735	0.06	          2.21	16.46	16.50	16.21	16.45	    79.47	101520928	  1.04	水泥	浙江	1.76	16.28	38270	24082	  1.59	150	302	--  	          2.82	
002624	完美世界	1.74	31.50	0.54	31.50	31.51	34997	312	0.15	          1.13	30.97	31.58	30.80	30.96	    43.29	109045936	  1.53	影视音像	浙江	2.52	31.16	18477	16519	  1.12	21	163	--  	          3.09	
002699	美盛文化	-0.08	35.47	-0.03	35.47	35.48	85400	1141	0.36	          2.26	35.58	35.77	35.11	35.50	    94.36	302031008	  1.18	服饰	浙江	1.86	35.37	53629	31771	  1.69	246	17	--  	          3.77	
002701	奥瑞金	-0.11	8.69	-0.01	8.68	8.69	131188	972	0.11	          0.73	8.70	8.73	8.61	8.70	    15.01	113639544	  0.87	广告包装	北京	1.38	8.66	59049	72138	  0.82	2296	609	--  	         18.00	
300002	神州泰岳	2.88	9.63	0.27	9.62	9.63	178031	6715	0.20	          1.61	9.32	9.63	9.32	9.36	    40.44	169255408	  1.33	软件服务	北京	3.31	9.51	71911	106119	  0.68	3052	2490	--  	         11.03	
300027	华谊兄弟	0.19	10.63	0.02	10.63	10.64	160738	3568	0.09	          0.84	10.63	10.66	10.48	10.61	    35.69	170106224	  0.69	影视音像	浙江	1.70	10.58	84588	76150	  1.11	878	1384	--  	         19.03	
300031	宝通科技	3.43	23.85	0.79	23.85	23.86	74717	707	-0.08	          3.35	23.09	23.98	22.88	23.06	    61.77	175965584	  1.65	互联网	江苏	4.77	23.55	35313	39404	  0.90	7	225	--  	          2.23	
300038	梅泰诺	-0.31	45.22	-0.14	45.21	45.22	55737	792	-0.08	          4.03	45.10	46.29	45.03	45.36	    91.92	253987728	  1.65	通信设备	北京	2.78	45.57	29181	26556	  1.10	170	99	--  	          1.38	
300043	星辉娱乐	0.30	9.95	0.03	9.95	9.96	83399	1905	0.00	          1.06	9.91	9.98	9.78	9.92	    25.02	82436928	  1.12	文教休闲	广东	2.02	9.88	43475	39923	  1.09	78	593	--  	          7.89	
300044	赛为智能	--  	20.02	--  	--  	--  	0	0	--  	          0.00	--  	--  	--  	20.02	   155.74	0	  0.00	软件服务	深圳	0.00	20.02	0	0	--  	0	0	--  	          2.36	
300051	三五互联	--  	13.99	--  	--  	--  	0	0	--  	          0.00	--  	--  	--  	13.99	    67.67	0	  0.00	互联网	福建	0.00	13.99	0	0	--  	0	0	--  	          2.32	
300052	中青宝	1.55	24.96	0.38	24.96	24.97	98037	1336	0.04	          3.77	24.50	25.20	24.21	24.58	   580.61	243006624	  1.02	互联网	深圳	4.03	24.79	42383	55654	  0.76	1038	536	--  	          2.60	
300053	欧比特	3.94	13.72	0.52	13.71	13.72	120963	3075	0.14	          2.66	13.20	13.78	13.01	13.20	   176.29	162916192	  1.39	半导体	广东	5.83	13.47	45799	75163	  0.61	2049	111	--  	          4.54	
300076	GQY视讯	-0.25	11.94	-0.03	11.94	11.95	146088	2477	0.00	          3.97	11.95	12.04	11.78	11.97	--  	174135776	  0.53	电脑设备	浙江	2.17	11.92	76438	69650	  1.10	930	610	--  	          3.68	
300089	文化长城	2.17	16.00	0.34	16.00	16.01	29435	1174	0.00	          1.18	15.66	16.00	15.44	15.66	    47.66	46484980	  1.05	陶瓷	广东	3.58	15.79	14358	15077	  0.95	111	543	--  	          2.49	
300101	振芯科技	0.00	19.22	0.00	19.22	19.23	116232	1745	0.00	          2.12	19.19	19.45	19.11	19.22	   122.48	224144944	  0.82	通信设备	四川	1.77	19.28	56507	59725	  0.95	1485	541	--  	          5.49	
300113	顺网科技	1.01	28.89	0.29	28.89	28.90	62203	1098	0.10	          1.53	28.50	29.07	28.01	28.60	    37.51	177907264	  0.98	互联网	浙江	3.71	28.60	30220	31982	  0.94	14	208	--  	          4.08	
300130	新国都	-0.04	25.51	-0.01	25.50	25.51	36066	609	0.03	          2.36	25.50	25.58	25.10	25.52	    57.16	91586288	  0.88	电脑设备	深圳	1.88	25.39	15520	20545	  0.76	152	264	--  	          1.53	
300133	华策影视	1.29	11.76	0.15	11.75	11.76	88528	1205	0.00	          0.77	11.55	11.81	11.50	11.61	    54.99	103600128	  0.71	影视音像	浙江	2.67	11.70	42452	46075	  0.92	498	217	--  	         11.53	
300144	宋城演艺	2.84	21.70	0.60	21.69	21.70	131906	1147	0.00	          1.17	21.20	21.95	21.08	21.10	    34.93	285242432	  1.16	旅游景点	浙江	4.12	21.62	69988	61917	  1.13	366	20	--  	         11.26	
300148	天舟文化	--  	20.29	--  	--  	--  	0	0	--  	          0.00	--  	--  	--  	20.29	    86.12	0	  0.00	出版业	湖南	0.00	20.29	0	0	--  	0	0	--  	          5.06	
300151	昌红科技	1.55	11.83	0.18	11.83	11.84	87046	674	0.00	          3.06	11.74	12.12	11.56	11.65	   153.26	103392184	  1.14	机械基件	深圳	4.81	11.88	42782	44263	  0.97	207	202	--  	          2.84	
300174	元力股份	-2.54	60.23	-1.57	60.10	60.23	7559	141	0.04	          1.03	61.55	61.78	59.66	61.80	   273.84	45681836	  1.66	化工原料	福建	3.43	60.43	4262	3296	  1.29	1	520	--  	          0.74	
300251	光线传媒	0.00	9.70	0.00	9.70	9.71	98581	1136	0.00	          0.36	9.69	9.73	9.60	9.70	    36.77	95402976	  0.89	影视音像	北京	1.34	9.68	49438	49142	  1.01	286	2513	--  	         27.52	
300264	佳创视讯	1.01	11.00	0.11	10.99	11.00	37801	671	0.09	          1.19	10.83	11.07	10.78	10.89	   333.04	41387212	  0.67	通信设备	深圳	2.66	10.95	20747	17054	  1.22	8	120	--  	          3.18	
300288	朗玛信息	0.49	24.48	0.12	24.48	24.49	32034	788	-0.04	          1.82	24.37	24.59	24.01	24.36	    99.58	78008440	  0.63	软件服务	贵州	2.38	24.35	16139	15895	  1.02	858	163	--  	          1.76	
300299	富春通信	6.69	26.78	1.68	26.77	26.78	313753	7627	0.00	         17.55	24.90	26.85	24.68	25.10	   103.85	813273600	  1.16	通信设备	福建	8.65	25.92	137505	176247	  0.78	1925	196	--  	          1.79	
300300	汉鼎宇佑	0.42	21.61	0.09	21.60	21.61	27188	219	-0.04	          1.05	21.57	21.73	21.25	21.52	   162.06	58412220	  0.57	软件服务	浙江	2.23	21.48	14464	12724	  1.14	149	36	--  	          2.58	
300311	任子行	-0.23	17.56	-0.04	17.56	17.57	71209	2037	0.57	          3.23	17.57	17.57	17.08	17.60	    84.16	123388648	  0.76	软件服务	广东	2.78	17.33	36970	34239	  1.08	258	61	--  	          2.20	
300312	邦讯技术	1.10	17.52	0.19	17.52	17.53	37529	507	0.63	          2.13	17.37	17.68	17.23	17.33	--  	65700668	  0.68	通信设备	北京	2.60	17.51	15707	21821	  0.72	106	102	--  	          1.76	
300315	掌趣科技	--  	8.84	--  	--  	--  	0	0	--  	          0.00	--  	--  	--  	8.84	    32.83	0	  0.00	互联网	北京	0.00	8.84	0	0	--  	0	0	--  	         19.36	
300324	旋极信息	0.93	21.60	0.20	21.60	21.61	54285	391	0.00	          0.94	21.42	22.00	21.36	21.40	    92.75	118002864	  0.83	软件服务	北京	2.99	21.74	28003	26282	  1.07	159	5	--  	          5.79	
300339	润和软件	-0.38	31.10	-0.12	31.10	31.11	28232	599	0.12	          1.30	31.15	31.20	30.68	31.22	    87.64	87524136	  0.96	软件服务	江苏	1.67	31.00	14591	13641	  1.07	1082	40	--  	          2.18	
300418	昆仑万维	-0.17	23.06	-0.04	23.05	23.06	82693	1503	0.08	          1.86	23.14	23.33	22.68	23.10	    39.54	190556560	  0.67	互联网	北京	2.81	23.04	46543	36149	  1.29	186	143	--  	          4.44	
300459	金科娱乐	-1.62	13.94	-0.23	13.94	13.95	173472	2044	-0.14	          4.50	14.14	14.16	13.75	14.17	   120.91	241255664	  1.03	化工原料	浙江	2.89	13.91	92695	80776	  1.15	183	488	--  	          3.85	
300467	迅游科技	--  	46.60	--  	--  	--  	0	0	--  	          0.00	--  	--  	--  	46.60	   163.83	0	  0.00	互联网	四川	0.00	46.60	0	0	--  	0	0	--  	          0.92	
300494	盛天网络	2.18	29.97	0.64	29.96	29.97	34295	648	0.10	          4.01	29.40	29.98	28.81	29.33	    77.70	101416192	  1.54	互联网	湖北	3.99	29.57	15699	18595	  0.84	498	32	--  	          0.86	
300518	盛讯达	--  	113.46	--  	--  	--  	0	0	--  	          0.00	--  	--  	--  	113.46	   113.81	0	  0.00	软件服务	深圳	0.00	113.46	0	0	--  	0	0	--  	          0.23	
300533	冰川网络	6.29	118.67	7.02	118.66	118.67	28501	608	0.00	         11.40	112.21	120.62	111.01	111.65	    77.17	332123328	  1.80	软件服务	深圳	8.61	116.53	12268	16233	  0.76	2	79	--  	          0.25	
600100	同方股份	0.22	13.94	0.03	13.94	13.95	251383	131	0.28	          1.14	13.89	13.98	13.81	13.91	     6.08	349681408	  0.75	电脑设备	北京	1.22	13.91	137961	113422	  1.22	546	901	--  	         21.98	
600173	卧龙地产	0.00	11.48	0.00	--  	--  	0	0	0.00	          0.00	--  	--  	--  	11.48	   103.10	0	  0.00	全国地产	浙江	0.00	11.48	0	0	--  	0	0	--  	          7.25	
600198	大唐电信	-0.29	16.94	-0.05	16.94	16.95	169353	17	-0.05	          2.02	16.98	17.17	16.53	16.99	--  	284652096	  0.96	通信设备	北京	3.77	16.81	83585	85768	  0.97	960	468	--  	          8.39	
600373	中文传媒	0.51	21.64	0.11	21.63	21.64	49340	39	0.32	          0.38	21.46	21.82	21.32	21.53	    22.62	106498608	  1.01	出版业	江西	2.32	21.58	22708	26631	  0.85	23	44	--  	         12.82	
600532	宏达矿业	1.49	15.00	0.22	15.00	15.01	34185	2	0.06	          0.86	14.75	15.20	14.75	14.78	--  	51137572	  1.12	普钢	上海	3.04	14.96	18002	16182	  1.11	921	72	--  	          3.96	
600551	时代出版	0.00	20.32	0.00	--  	--  	0	0	0.00	          0.00	--  	--  	--  	20.32	    25.53	0	  0.00	出版业	安徽	0.00	20.32	0	0	--  	0	0	--  	          5.06	
600633	浙报传媒	1.75	18.63	0.32	18.63	18.64	182060	15	-0.10	          1.53	18.11	18.75	17.93	18.31	    45.68	336685504	  1.27	出版业	浙江	4.48	18.49	85354	96706	  0.88	143	4	--  	         11.88	
600634	中技控股	-0.33	18.17	-0.06	18.16	18.18	71863	2	-0.05	          1.25	18.13	18.42	18.13	18.23	   188.30	130900784	  0.91	互联网	上海	1.59	18.22	51553	20309	  2.54	225	49	--  	          5.76	
600637	东方明珠	0.44	22.99	0.10	22.99	23.00	64651	3	0.00	          0.30	22.87	23.01	22.74	22.89	    23.61	148016752	  1.13	影视音像	上海	1.18	22.89	29977	34674	  0.86	2	614	--  	         21.80	
600652	游久游戏	-0.41	12.18	-0.05	12.18	12.19	49853	30	0.08	          0.77	12.21	12.22	12.00	12.23	   268.61	60390872	  0.93	互联网	上海	1.80	12.11	27665	22187	  1.25	44	224	--  	          6.44	
600715	文投控股	0.09	22.25	0.02	22.24	22.25	53056	17	0.45	          1.18	22.26	22.34	22.03	22.23	    75.36	117669368	  0.73	影视音像	辽宁	1.39	22.18	27324	25731	  1.06	286	196	--  	          4.49	
600770	综艺股份	0.51	9.89	0.05	9.89	9.90	71105	48	0.10	          0.64	9.83	9.90	9.71	9.84	   235.72	69826048	  0.62	综合类	江苏	1.93	9.82	37485	33620	  1.11	132	1217	--  	         11.05	
600797	浙大网新	1.76	13.84	0.24	13.83	13.84	101919	126	0.28	          1.23	13.51	13.85	13.50	13.60	    59.39	139830528	  0.73	软件服务	浙江	2.57	13.72	45647	56272	  0.81	202	10	--  	          8.31	
600804	鹏博士	-0.19	21.21	-0.04	21.20	21.21	75052	41	0.00	          0.54	21.11	21.24	20.95	21.25	    37.07	158262544	  0.71	电信运营	四川	1.36	21.09	39249	35803	  1.10	1151	4	--  	         13.90	
600880	博瑞传播	1.66	8.57	0.14	8.56	8.57	173659	32	0.11	          2.37	8.45	8.57	8.44	8.43	   155.81	147949232	  0.94	广告包装	四川	1.54	8.52	68922	104737	  0.66	180	444	--  	          7.32	
600892	大晟文化	0.39	68.96	0.27	68.87	68.95	17022	12	0.26	          2.71	68.72	69.68	67.10	68.69	   113.48	116887872	  1.01	影视音像	深圳	3.76	68.67	9536	7485	  1.27	2	23	--  	          0.63	
601928	凤凰传媒	0.39	10.42	0.04	10.41	10.42	81940	3	0.19	          0.32	10.38	10.44	10.33	10.38	    23.38	85110648	  1.14	出版业	江苏	1.06	10.39	44750	37189	  1.20	103	596	--  	         25.45	
603258	电魂网络	4.94	60.29	2.84	60.29	60.30	73360	28	0.08	         12.23	57.50	60.60	56.46	57.45	    54.88	432961056	  2.15	互联网	浙江	7.21	59.02	32258	41102	  0.78	295	28	--  	          0.60	
603444	吉比特	10.00	358.53	32.59	358.53	--  	27993	2	0.00	         15.73	327.21	358.53	323.50	325.94	    41.46	958321408	  1.06	互联网	福建	10.75	342.34	11170	16823	  0.66	2843	0	--  	          0.18	
603598	引力传媒	0.00	21.22	0.00	--  	--  	0	0	0.00	          0.00	--  	--  	--  	21.22	   151.63	0	  0.00	影视音像	北京	0.00	21.22	0	0	--  	0	0	--  	          0.97	
603988	中电电机	0.59	72.16	0.42	72.07	72.22	4424	33	0.08	          1.98	71.70	72.30	70.53	71.74	   175.83	31627628	  1.02	电气设备	江苏	2.47	71.49	2246	2178	  1.03	1	7	--  	          0.22	
数据来源:通达信
