代码	名称	涨幅%%	现价	涨跌	买价	卖价	总量	现量	涨速%%	换手%%	今开	最高	最低	昨收	市盈(动)	总金额	量比	细分行业	地区	振幅%%	均价	内盘	外盘	内外比	买量	卖量	未匹配量	流通股(亿)	
000584	友利控股	--  	11.85	--  	--  	--  	0	0	--  	          0.00	--  	--  	--  	11.85	--  	0	  0.00	化纤	江苏	0.00	11.85	0	0	--  	0	0	--  	          6.11	
000611	*ST天首	--  	10.05	--  	--  	--  	0	0	--  	          0.00	--  	--  	--  	10.05	--  	0	  0.00	纺织	内蒙	0.00	10.05	0	0	--  	0	0	--  	          3.19	
000755	山西三维	1.11	8.21	0.09	8.21	8.22	57064	1149	0.24	          1.22	8.11	8.22	8.00	8.12	--  	46253672	  1.00	化工原料	山西	2.71	8.11	24833	32230	  0.77	279	871	--  	          4.69	
000818	方大化工	-0.52	13.52	-0.07	13.51	13.52	80304	1415	0.37	          1.16	13.50	13.60	13.33	13.59	   168.83	108071560	  0.65	化工原料	辽宁	1.99	13.46	41925	38378	  1.09	35	1560	--  	          6.91	
000912	泸天化	--  	13.22	--  	--  	--  	0	0	--  	          0.00	--  	--  	--  	13.22	--  	0	  0.00	农药化肥	四川	0.00	13.22	0	0	--  	0	0	--  	          5.85	
000949	新乡化纤	0.80	6.30	0.05	6.29	6.30	96899	2041	0.15	          0.94	6.25	6.33	6.25	6.25	    54.36	60972932	  1.28	化纤	河南	1.28	6.29	41389	55509	  0.75	372	4690	--  	         10.27	
000973	佛塑科技	2.25	9.07	0.20	9.07	9.08	1197242	16813	0.11	         12.38	8.71	9.30	8.61	8.87	   124.55	1080684160	  0.83	塑料	广东	7.78	9.03	576771	620471	  0.93	5086	3757	--  	          9.67	
002014	永新股份	1.30	16.36	0.21	16.35	16.36	17599	241	0.18	          0.76	16.13	16.40	16.03	16.15	    27.10	28568972	  0.85	塑料	安徽	2.29	16.23	7848	9750	  0.80	971	3	--  	          2.30	
002061	*ST江化	--  	8.96	--  	--  	--  	0	0	--  	          0.00	--  	--  	--  	8.96	    75.10	0	  0.00	化工原料	浙江	0.00	8.96	0	0	--  	0	0	--  	          4.53	
002064	华峰氨纶	1.62	5.65	0.09	5.64	5.65	170535	2140	0.17	          1.13	5.60	5.73	5.54	5.56	--  	96572952	  0.81	化纤	浙江	3.42	5.66	74492	96042	  0.78	632	2171	--  	         15.13	
002165	红 宝 丽	0.38	7.87	0.03	7.87	7.88	40199	549	-0.12	          0.76	7.83	7.88	7.74	7.84	    47.70	31437534	  0.59	化工原料	江苏	1.79	7.82	19250	20948	  0.92	816	835	--  	          5.28	
002246	北化股份	-0.34	14.86	-0.05	14.86	14.87	91033	2494	0.47	          2.20	14.88	14.89	14.55	14.91	    67.03	134019176	  0.69	化工原料	四川	2.28	14.72	48388	42644	  1.13	409	61	--  	          4.14	
002254	泰和新材	0.16	12.54	0.02	12.53	12.54	47045	553	0.00	          0.77	12.49	12.62	12.47	12.52	   116.87	58976516	  0.75	化纤	山东	1.20	12.54	21567	25478	  0.85	269	18	--  	          6.11	
002408	齐翔腾达	1.97	10.33	0.20	10.32	10.33	248460	4073	0.00	          1.48	10.13	10.36	10.09	10.13	    54.38	254106848	  1.55	化工原料	山东	2.67	10.23	98917	149543	  0.66	732	4221	--  	         16.76	
002409	雅克科技	-0.17	23.14	-0.04	23.14	23.16	10628	128	-0.12	          0.64	23.29	23.78	23.00	23.18	   117.28	24745646	  0.63	化工原料	江苏	3.36	23.28	5555	5073	  1.10	1	42	--  	          1.65	
300343	联创互联	-1.31	19.57	-0.26	19.56	19.57	107433	696	0.10	          4.59	19.83	19.89	19.35	19.83	    53.82	209437488	  1.68	互联网	山东	2.72	19.49	62227	45205	  1.38	382	147	--  	          2.34	
600096	云天化	1.53	9.30	0.14	9.29	9.30	94645	5	0.00	          0.84	9.18	9.31	9.10	9.16	--  	87125072	  0.94	农药化肥	云南	2.29	9.21	52428	42216	  1.24	278	403	--  	         11.22	
600230	*ST沧大	-3.31	29.17	-1.00	29.13	29.15	86444	102	-0.47	          2.94	30.00	30.12	28.79	30.17	    23.13	252680672	  0.88	农药化肥	河北	4.41	29.23	49733	36711	  1.35	8	472	--  	          2.94	
600309	万华化学	0.41	26.75	0.11	26.74	26.75	206678	15	0.18	          0.96	26.43	27.08	26.43	26.64	    18.28	553718784	  0.89	化工原料	山东	2.44	26.79	102471	104207	  0.98	15	177	--  	         21.62	
600339	*ST油工	2.06	7.44	0.15	7.43	7.44	66053	49	0.13	          1.14	7.29	7.46	7.25	7.29	--  	48793200	  0.93	石油加工	新疆	2.88	7.39	24408	41645	  0.59	310	247	--  	          5.78	
600426	华鲁恒升	-0.59	13.42	-0.08	13.40	13.41	135591	48	0.37	          1.09	13.49	13.49	13.11	13.50	    19.46	179734400	  1.04	农药化肥	山东	2.81	13.26	82817	52773	  1.57	41	23	--  	         12.40	
600618	氯碱化工	0.38	13.11	0.05	13.10	13.11	26129	57	0.00	          0.35	13.00	13.12	12.95	13.06	--  	34101656	  0.98	化工原料	上海	1.30	13.05	13308	12820	  1.04	1086	511	--  	          7.50	
600810	神马股份	-2.07	10.41	-0.22	10.42	10.43	121609	39	0.09	          2.75	10.50	10.50	10.16	10.63	    46.34	125597328	  0.90	化纤	河南	3.20	10.33	65229	56379	  1.16	106	602	--  	          4.42	
601678	滨化股份	3.47	7.16	0.24	7.14	7.15	186435	10	0.13	          1.57	6.92	7.17	6.87	6.92	    23.71	131714928	  1.62	化工原料	山东	4.34	7.06	57849	128586	  0.45	276	37	--  	         11.88	
数据来源:通达信
