代码	名称	涨幅%%	现价	涨跌	买价	卖价	总量	现量	涨速%%	换手%%	今开	最高	最低	昨收	市盈(动)	总金额	量比	细分行业	地区	振幅%%	均价	内盘	外盘	内外比	买量	卖量	未匹配量	流通股(亿)	
000400	许继电气	0.97	17.65	0.17	17.65	17.66	33942	503	0.05	          0.46	17.42	17.69	17.42	17.48	    54.56	59623092	  0.89	电气设备	河南	1.54	17.57	12016	21926	  0.55	66	246	--  	          7.37	
000820	神雾节能	-0.39	38.10	-0.15	38.09	38.10	50023	1330	-0.05	          2.26	38.69	39.19	37.83	38.25	   121.09	191305040	  0.83	环境保护	辽宁	3.56	38.24	27452	22571	  1.22	10	86	--  	          2.21	
000970	中科三环	0.85	14.31	0.12	14.31	14.32	112131	1265	0.00	          1.05	14.16	14.36	13.97	14.19	    49.39	159813680	  0.67	元器件	北京	2.75	14.25	51963	60167	  0.86	127	1584	--  	         10.65	
000973	佛塑科技	2.25	9.07	0.20	9.07	9.08	1197242	16813	0.11	         12.38	8.71	9.30	8.61	8.87	   124.55	1080684160	  0.83	塑料	广东	7.78	9.03	576771	620471	  0.93	5086	3757	--  	          9.67	
002011	盾安环境	0.32	9.55	0.03	9.54	9.55	27490	192	-0.10	          0.33	9.53	9.57	9.43	9.52	   115.74	26167094	  0.61	工程机械	浙江	1.47	9.52	13365	14124	  0.95	271	79	--  	          8.40	
002088	鲁阳节能	-0.16	18.60	-0.03	18.60	18.62	14513	126	0.10	          1.06	18.63	18.73	18.37	18.63	    51.06	26976292	  0.66	矿物制品	山东	1.93	18.59	7765	6748	  1.15	120	102	--  	          1.37	
002121	科陆电子	-0.33	9.15	-0.03	9.14	9.15	48467	1115	0.00	          0.69	9.20	9.20	9.07	9.18	   117.01	44213000	  0.78	电器仪表	深圳	1.42	9.12	30582	17884	  1.71	859	177	--  	          7.01	
002123	梦网荣信	0.74	15.01	0.11	15.00	15.01	46551	430	0.06	          0.76	14.90	15.02	14.79	14.90	    57.54	69485040	  0.67	互联网	辽宁	1.54	14.93	22563	23988	  0.94	440	115	--  	          6.11	
002139	拓邦股份	2.86	14.38	0.40	14.37	14.38	99772	2456	0.06	          3.45	13.96	14.38	13.82	13.98	    46.49	141763648	  1.41	元器件	深圳	4.01	14.21	40070	59701	  0.67	1133	298	--  	          2.89	
002169	智光电气	-0.58	20.65	-0.12	20.65	20.66	103772	1872	0.09	          4.13	20.74	20.74	20.25	20.77	    67.37	212935968	  0.66	电气设备	广东	2.36	20.52	58498	45274	  1.29	588	236	--  	          2.51	
002178	延华智能	0.71	11.31	0.08	11.30	11.31	142920	2002	-0.17	          2.49	11.16	11.45	11.14	11.23	   155.79	161360496	  1.17	建筑施工	上海	2.76	11.29	50746	92173	  0.55	314	1578	--  	          5.74	
002205	国统股份	0.75	30.95	0.23	30.94	30.95	28512	335	0.03	          2.45	30.78	31.00	30.18	30.72	--  	87194976	  1.24	其他建材	新疆	2.67	30.58	15643	12869	  1.22	102	56	--  	          1.16	
002256	兆新股份	-0.62	6.37	-0.04	6.37	6.38	108308	1293	0.00	          0.86	6.42	6.42	6.33	6.41	    99.00	68929424	  0.67	染料涂料	深圳	1.40	6.36	66136	42171	  1.57	214	2598	--  	         12.53	
002334	英威腾	1.07	8.47	0.09	8.46	8.47	81554	1366	0.11	          1.52	8.35	8.47	8.28	8.38	    81.19	68322976	  0.60	电气设备	深圳	2.27	8.38	43854	37699	  1.16	1153	2005	--  	          5.38	
002335	科华恒盛	--  	42.90	--  	--  	--  	0	0	--  	          0.00	--  	--  	--  	42.90	    87.58	0	  0.00	电气设备	福建	0.00	42.90	0	0	--  	0	0	--  	          1.86	
002366	台海核电	0.57	47.74	0.27	47.74	47.75	19028	147	0.00	          0.82	47.43	47.95	47.15	47.47	    43.88	90624208	  0.59	专用机械	四川	1.69	47.63	9749	9278	  1.05	222	156	--  	          2.31	
002372	伟星新材	1.23	18.95	0.23	18.95	18.96	72497	693	0.15	          1.07	18.98	19.37	18.80	18.72	    21.92	138540192	  1.11	其他建材	浙江	3.04	19.11	33660	38837	  0.87	161	19	--  	          6.80	
002379	*ST鲁丰	--  	8.04	--  	--  	--  	0	0	--  	          0.00	--  	--  	--  	8.04	   745.89	0	  0.00	铝	山东	0.00	8.04	0	0	--  	0	0	--  	          6.76	
002380	科远股份	0.86	27.12	0.23	27.12	27.14	9875	263	0.07	          0.94	27.00	27.12	26.73	26.89	    91.85	26652700	  0.79	电气设备	江苏	1.45	26.99	4195	5679	  0.74	11	28	--  	          1.05	
002392	北京利尔	0.34	5.88	0.02	5.87	5.88	107529	687	-0.16	          1.65	5.83	5.90	5.76	5.86	    37.57	62813452	  0.71	其他建材	北京	2.39	5.84	57643	49885	  1.16	122	229	--  	          6.50	
002398	建研集团	0.67	13.62	0.09	13.62	13.63	36137	446	-0.21	          1.42	13.53	13.68	13.44	13.53	    27.53	49093680	  0.76	其他建材	福建	1.77	13.59	16976	19160	  0.89	74	13	--  	          2.55	
002499	科林环保	0.93	28.27	0.26	28.27	28.28	34784	281	0.00	          2.53	28.25	28.32	27.81	28.01	   276.88	97866552	  1.18	环境保护	江苏	1.82	28.14	16672	18112	  0.92	95	127	--  	          1.37	
002527	新时达	0.88	13.75	0.12	13.75	13.76	85135	1098	0.07	          2.32	13.71	13.92	13.68	13.63	    40.35	117358656	  0.87	电器仪表	上海	1.76	13.79	45038	40096	  1.12	112	567	--  	          3.67	
002665	首航节能	0.70	8.58	0.06	8.58	8.59	71662	1087	0.23	          0.47	8.51	8.61	8.38	8.52	   119.82	60781504	  1.82	电气设备	北京	2.70	8.48	33944	37718	  0.90	170	438	--  	         15.41	
300021	大禹节水	-1.64	19.16	-0.32	19.16	19.17	71404	1621	0.05	          4.31	19.33	19.35	19.00	19.48	   218.76	136841808	  0.70	农业综合	甘肃	1.80	19.16	38203	33200	  1.15	218	110	--  	          1.66	
300035	中科电气	0.52	15.48	0.08	15.47	15.48	34312	918	0.00	          1.85	15.41	15.50	15.15	15.40	   142.62	52653188	  0.64	工程机械	湖南	2.27	15.35	18121	16191	  1.12	63	1918	--  	          1.86	
300040	九洲电气	1.06	12.38	0.13	12.38	12.39	62000	559	-0.08	          2.75	12.16	12.47	12.13	12.25	    77.55	76599336	  0.68	电气设备	黑龙江	2.78	12.35	31560	30440	  1.04	81	368	--  	          2.25	
300048	合康新能	0.24	8.35	0.02	8.34	8.35	80301	1715	0.00	          1.16	8.31	8.37	8.25	8.33	    34.18	66854492	  0.84	电气设备	北京	1.44	8.33	43230	37071	  1.17	310	88	--  	          6.91	
300066	三川智慧	1.24	6.51	0.08	6.50	6.51	80815	1426	0.15	          0.86	6.40	6.51	6.31	6.43	    44.70	51744096	  0.94	电器仪表	江西	3.11	6.40	37855	42959	  0.88	792	1039	--  	          9.38	
300105	龙源技术	0.89	9.04	0.08	9.03	9.04	60028	1311	0.00	          1.17	8.97	9.04	8.87	8.96	--  	53732608	  0.84	电器仪表	山东	1.90	8.95	33579	26449	  1.27	328	780	--  	          5.13	
300124	汇川技术	4.85	23.12	1.07	23.11	23.12	176872	2770	-0.08	          1.38	22.05	23.24	22.04	22.05	    41.93	403614464	  1.69	电器仪表	深圳	5.44	22.82	70245	106627	  0.66	41	283	--  	         12.82	
300152	科融环境	0.11	9.00	0.01	8.99	9.00	148295	3620	0.11	          2.08	8.94	9.00	8.75	8.99	--  	131829240	  0.84	环境保护	江苏	2.78	8.89	75968	72327	  1.05	692	314	--  	          7.13	
300156	神雾环保	1.95	31.40	0.60	31.38	31.40	78871	1341	0.06	          1.20	30.81	31.55	30.45	30.80	    52.78	245242784	  1.10	环境保护	北京	3.57	31.09	31639	47232	  0.67	33	203	--  	          6.55	
300249	依米康	3.76	14.61	0.53	14.60	14.61	38089	687	0.20	          1.37	14.09	14.61	14.03	14.08	   221.39	54793768	  1.14	专用机械	四川	4.12	14.39	16749	21339	  0.78	353	71	--  	          2.78	
300257	开山股份	1.06	20.02	0.21	20.02	20.04	32403	174	0.10	          0.40	19.78	20.13	19.68	19.81	   170.65	64513960	  1.12	机械基件	浙江	2.27	19.91	13024	19378	  0.67	55	167	--  	          8.19	
300263	隆华节能	1.96	7.29	0.14	7.28	7.29	76533	2749	0.13	          1.57	7.15	7.30	7.10	7.15	   121.48	55319040	  1.32	专用机械	河南	2.80	7.23	28595	47937	  0.60	4077	451	--  	          4.88	
300327	中颖电子	1.04	40.88	0.42	40.88	40.89	63972	633	0.09	          3.40	40.21	41.50	40.20	40.46	    86.88	261709888	  0.81	半导体	上海	3.21	40.91	29859	34113	  0.88	99	136	--  	          1.88	
300332	天壕环境	0.66	9.12	0.06	9.12	9.13	101165	346	0.10	          1.60	9.04	9.20	9.00	9.06	    70.66	92002496	  1.22	环境保护	北京	2.21	9.09	48340	52824	  0.92	197	78	--  	          6.34	
300340	科恒股份	3.70	61.08	2.18	61.08	61.09	112471	1311	0.11	         13.74	59.56	64.30	58.04	58.90	   924.41	692956800	  0.90	元器件	广东	10.63	61.61	52566	59905	  0.88	35	8	--  	          0.82	
300343	联创互联	-1.31	19.57	-0.26	19.56	19.57	107433	696	0.10	          4.59	19.83	19.89	19.35	19.83	    53.82	209437488	  1.68	互联网	山东	2.72	19.49	62227	45205	  1.38	382	147	--  	          2.34	
300372	欣泰电气	--  	0.00	--  	--  	--  	0	0	--  	          0.00	--  	--  	--  	--  	--  	0	  0.00	电气设备	辽宁	--  	0.00	0	0	--  	0	0	--  	          0.98	
300499	高澜股份	0.16	37.82	0.06	37.82	37.83	13393	399	0.10	          2.00	37.46	37.85	36.66	37.76	   147.68	50093484	  0.44	专用机械	广东	3.15	37.40	6589	6803	  0.97	3	2	--  	          0.67	
600075	新疆天业	0.44	13.61	0.06	13.61	13.62	87103	6	0.29	          1.99	13.53	13.64	13.30	13.55	    17.74	117377840	  0.95	化工原料	新疆	2.51	13.48	43650	43452	  1.00	34	774	--  	          4.39	
600100	同方股份	0.22	13.94	0.03	13.94	13.95	251383	131	0.28	          1.14	13.89	13.98	13.81	13.91	     6.08	349681408	  0.75	电脑设备	北京	1.22	13.91	137961	113422	  1.22	546	901	--  	         21.98	
600268	国电南自	-0.24	8.22	-0.02	8.22	8.23	107010	10	0.00	          1.68	8.24	8.29	8.11	8.24	--  	87615936	  1.42	电气设备	江苏	2.18	8.19	63180	43830	  1.44	112	365	--  	          6.35	
600343	航天动力	0.31	22.70	0.07	22.69	22.70	52375	16	0.00	          0.82	22.63	22.80	22.55	22.63	   580.98	118912640	  0.53	航空	陕西	1.10	22.70	26682	25693	  1.04	411	25	--  	          6.38	
600366	宁波韵升	1.05	20.16	0.21	20.16	20.17	57042	100	0.04	          1.08	19.92	20.17	19.87	19.95	    10.86	114288928	  0.65	电器仪表	浙江	1.50	20.04	26201	30840	  0.85	164	474	--  	          5.29	
600405	动力源	0.72	11.23	0.08	11.22	11.23	34922	5	0.17	          0.81	11.16	11.25	11.10	11.15	   159.65	39044980	  0.57	电气设备	北京	1.35	11.18	14054	20867	  0.67	84	497	--  	          4.29	
600406	国电南瑞	0.00	16.63	0.00	--  	--  	0	0	0.00	          0.00	--  	--  	--  	16.63	    39.46	0	  0.00	软件服务	江苏	0.00	16.63	0	0	--  	0	0	--  	         22.06	
600475	华光股份	0.45	20.10	0.09	20.10	20.11	22884	21	0.09	          0.89	19.92	20.19	19.90	20.01	    55.08	45944244	  0.99	专用机械	江苏	1.45	20.08	10906	11978	  0.91	27	181	--  	          2.56	
600481	双良节能	0.00	8.35	0.00	--  	--  	0	0	0.00	          0.00	--  	--  	--  	8.35	    77.51	0	  0.00	环境保护	江苏	0.00	8.35	0	0	--  	0	0	--  	         16.20	
600580	卧龙电气	0.93	8.72	0.08	8.71	8.72	34329	23	0.22	          0.31	8.63	8.73	8.60	8.64	    55.98	29796320	  0.72	电气设备	浙江	1.50	8.68	13850	20479	  0.68	108	135	--  	         11.11	
600590	泰豪科技	0.00	15.72	0.00	--  	--  	0	0	0.00	          0.00	--  	--  	--  	15.72	   116.79	0	  0.00	电气设备	江西	0.00	15.72	0	0	--  	0	0	--  	          5.16	
600806	*ST昆机	1.43	8.54	0.12	8.54	8.55	72083	1	0.35	          1.85	8.37	8.57	8.26	8.42	--  	60501632	  0.86	机床制造	云南	3.68	8.39	32670	39413	  0.83	149	431	--  	          3.90	
601608	中信重工	0.54	5.55	0.03	5.54	5.55	185260	1906	0.18	          0.43	5.50	5.57	5.41	5.52	--  	102212048	  0.70	专用机械	河南	2.90	5.52	88100	97159	  0.91	1591	1281	--  	         42.80	
603126	中材节能	1.52	13.40	0.20	13.39	13.40	73581	107	0.14	          3.37	13.22	13.42	13.10	13.20	    64.37	97647152	  1.04	环境保护	天津	2.42	13.27	36994	36587	  1.01	136	10	--  	          2.18	
603601	再升科技	-0.45	17.71	-0.08	17.71	17.73	28454	100	0.00	          1.82	17.72	17.73	17.39	17.79	   105.69	50013732	  0.96	玻璃	重庆	1.91	17.58	15581	12872	  1.21	2	37	--  	          1.56	
603859	能科股份	-1.43	66.84	-0.97	66.70	66.79	22860	7	-0.22	          8.05	69.99	69.99	66.30	67.81	   641.29	154096848	  0.73	软件服务	北京	5.44	67.41	12709	10150	  1.25	4	104	--  	          0.28	
数据来源:通达信
