代码	名称	涨幅%%	现价	涨跌	买价	卖价	总量	现量	涨速%%	换手%%	今开	最高	最低	昨收	市盈(动)	总金额	量比	细分行业	地区	振幅%%	均价	内盘	外盘	内外比	买量	卖量	未匹配量	流通股(亿)	
000413	东旭光电	--  	10.21	--  	--  	--  	0	0	--  	          0.00	--  	--  	--  	10.21	    47.18	0	  0.00	元器件	河北	0.00	10.21	0	0	--  	0	0	--  	         29.89	
000859	国风塑业	-5.02	7.00	-0.37	7.00	7.01	867925	20193	0.00	         11.74	7.08	7.17	6.89	7.37	   281.96	609131968	  1.05	塑料	安徽	3.80	7.02	491837	376088	  1.31	3732	3592	--  	          7.39	
000969	安泰科技	0.19	10.79	0.02	10.78	10.79	72887	872	0.00	          0.85	10.73	10.82	10.61	10.77	   117.98	78231672	  0.81	钢加工	北京	1.95	10.73	35044	37842	  0.93	575	730	--  	          8.61	
000988	华工科技	2.30	16.02	0.36	16.01	16.02	184570	2453	0.12	          2.07	15.66	16.08	15.55	15.66	    63.87	293708800	  1.42	电器仪表	湖北	3.38	15.91	78738	105832	  0.74	1592	2041	--  	          8.91	
002006	精功科技	0.61	9.96	0.06	9.95	9.96	42807	609	0.10	          0.97	9.88	9.96	9.87	9.90	    64.50	42447372	  0.57	专用机械	浙江	0.91	9.92	25361	17445	  1.45	321	248	--  	          4.43	
002008	大族激光	4.29	26.28	1.08	26.28	26.29	233238	2237	0.15	          2.36	25.21	26.52	25.16	25.20	    33.20	607490112	  1.27	电器仪表	深圳	5.40	26.05	102167	131071	  0.78	682	436	--  	          9.90	
002049	紫光国芯	--  	30.88	--  	--  	--  	0	0	--  	          0.00	--  	--  	--  	30.88	    50.85	0	  0.00	元器件	河北	0.00	30.88	0	0	--  	0	0	--  	          5.96	
002129	中环股份	--  	8.27	--  	--  	--  	0	0	--  	          0.00	--  	--  	--  	8.27	    46.77	0	  0.00	半导体	天津	0.00	8.27	0	0	--  	0	0	--  	         26.44	
002189	利达光电	0.97	22.85	0.22	22.84	22.85	28006	218	0.00	          1.41	22.69	22.87	22.30	22.63	   251.88	63631072	  0.84	元器件	河南	2.52	22.72	14170	13836	  1.02	17	1398	--  	          1.99	
002199	*ST东晶	0.47	19.10	0.09	19.10	19.13	41142	352	-0.15	          3.13	19.01	19.17	18.70	19.01	   287.08	77857376	  0.95	元器件	浙江	2.47	18.92	22372	18770	  1.19	99	24	--  	          1.32	
002273	水晶光电	3.20	22.27	0.69	22.27	22.28	183297	1111	0.04	          3.00	21.58	22.33	21.40	21.58	    65.26	403571840	  0.93	元器件	浙江	4.31	22.02	76144	107152	  0.71	555	565	--  	          6.10	
002388	新亚制程	-0.80	13.58	-0.11	13.57	13.58	167665	2062	0.00	          4.39	13.69	13.69	13.34	13.69	   518.98	226209904	  0.99	元器件	深圳	2.56	13.49	95912	71752	  1.34	1076	365	--  	          3.82	
002559	亚威股份	1.40	13.77	0.19	13.77	13.78	56704	900	0.07	          1.84	13.58	13.93	13.50	13.58	    69.67	78188840	  1.21	机床制造	江苏	3.17	13.79	24682	32021	  0.77	7	6	--  	          3.08	
002617	露笑科技	3.22	15.71	0.49	15.71	15.72	34385	461	0.06	          0.61	15.22	15.89	15.13	15.22	   178.25	53911184	  1.28	电气设备	浙江	4.99	15.68	14247	20137	  0.71	205	315	--  	          5.60	
002635	安洁科技	4.24	40.56	1.65	40.55	40.56	95404	711	0.44	          4.51	38.88	41.09	37.92	38.91	    44.29	379724800	  1.71	电脑设备	江苏	8.15	39.80	38372	57031	  0.67	15	37	--  	          2.12	
300029	天龙光电	-0.14	13.80	-0.02	13.79	13.80	25087	500	0.21	          1.30	13.80	13.82	13.58	13.82	--  	34333196	  0.95	专用机械	江苏	1.74	13.69	13258	11828	  1.12	24	116	--  	          1.93	
300032	金龙机电	-0.27	15.05	-0.04	15.03	15.05	36231	556	0.26	          0.61	15.06	15.06	14.83	15.09	    64.89	54206188	  0.85	元器件	浙江	1.52	14.96	19016	17215	  1.10	3	267	--  	          5.96	
300128	锦富技术	3.32	21.16	0.68	21.16	21.17	154235	1274	0.04	          4.75	20.51	21.56	20.20	20.48	   265.57	322876992	  0.70	元器件	江苏	6.64	20.93	69579	84655	  0.82	589	227	--  	          3.25	
300285	国瓷材料	1.20	39.76	0.47	39.76	39.77	15058	238	-0.05	          0.73	38.90	39.88	38.53	39.29	    96.07	59109484	  1.12	陶瓷	山东	3.44	39.25	6185	8872	  0.70	25	197	--  	          2.06	
300316	晶盛机电	1.15	13.20	0.15	13.19	13.20	58002	405	0.22	          0.63	13.10	13.38	13.04	13.05	    75.26	76748800	  0.72	专用机械	浙江	2.61	13.23	22007	35995	  0.61	96	708	--  	          9.20	
300395	菲利华	1.10	23.98	0.26	23.97	23.98	20776	782	0.12	          1.49	23.85	23.98	23.66	23.72	    47.62	49580696	  0.69	玻璃	湖北	1.35	23.86	8692	12084	  0.72	222	28	--  	          1.40	
300433	蓝思科技	3.35	31.47	1.02	31.47	31.48	56905	1653	0.31	          2.77	30.45	31.47	30.40	30.45	    64.80	176931840	  0.84	元器件	湖南	3.51	31.09	28920	27985	  1.03	100	132	--  	          2.06	
600172	黄河旋风	0.75	18.69	0.14	18.68	18.70	89992	1	0.00	          1.39	18.49	18.77	18.25	18.55	    43.57	167061808	  0.85	矿物制品	河南	2.80	18.56	39123	50868	  0.77	1	332	--  	          6.46	
600237	铜峰电子	2.72	7.94	0.21	7.94	7.95	159851	13	0.50	          2.83	7.73	8.00	7.55	7.73	--  	124287728	  1.91	元器件	安徽	5.82	7.78	71604	88246	  0.81	169	446	--  	          5.64	
600330	天通股份	0.47	10.75	0.05	10.75	10.76	77399	2	-0.18	          0.94	10.70	10.80	10.60	10.70	    61.68	83003456	  0.67	元器件	浙江	1.87	10.72	37338	40060	  0.93	50	361	--  	          8.20	
600468	百利电气	-0.40	12.47	-0.05	12.48	12.49	16755	5	-0.08	          0.31	12.52	12.56	12.40	12.52	   129.63	20905716	  0.86	电气设备	天津	1.28	12.48	8968	7786	  1.15	30	28	--  	          5.32	
600537	亿晶光电	0.83	7.32	0.06	7.31	7.32	104709	12	0.41	          0.89	7.27	7.32	7.22	7.26	    16.73	76313016	  0.83	半导体	浙江	1.38	7.29	57485	47224	  1.22	273	2920	--  	         11.76	
600666	奥瑞德	-0.14	27.86	-0.04	27.86	27.89	142017	278	0.03	          2.86	27.80	28.02	27.62	27.90	    45.93	395402976	  0.69	元器件	重庆	1.43	27.84	78322	63695	  1.23	105	54	--  	          4.97	
600703	三安光电	0.38	15.69	0.06	15.68	15.69	138221	7	0.00	          0.34	15.60	15.84	15.42	15.63	    32.09	216638704	  0.88	半导体	湖北	2.69	15.67	64370	73850	  0.87	52	146	--  	         40.78	
数据来源:通达信
