代码	名称	涨幅%%	现价	涨跌	买价	卖价	总量	现量	涨速%%	换手%%	今开	最高	最低	昨收	市盈(动)	总金额	量比	细分行业	地区	振幅%%	均价	内盘	外盘	内外比	买量	卖量	未匹配量	流通股(亿)	
000050	深天马Ａ	--  	18.82	--  	--  	--  	0	0	--  	          0.00	--  	--  	--  	18.82	    46.33	0	  0.00	元器件	深圳	0.00	18.82	0	0	--  	0	0	--  	         12.12	
000638	万方发展	-0.35	14.35	-0.05	14.35	14.36	43238	509	0.00	          1.40	14.31	14.35	14.00	14.40	   397.63	61409332	  0.41	批发业	辽宁	2.43	14.20	24402	18835	  1.30	202	113	--  	          3.09	
000665	湖北广电	0.70	14.45	0.10	14.45	14.46	20118	428	0.06	          0.44	14.36	14.47	14.26	14.35	    29.01	28964310	  0.74	影视音像	湖北	1.46	14.40	8666	11451	  0.76	143	272	--  	          4.61	
000670	*ST盈方	1.85	7.72	0.14	7.72	7.73	240105	5484	0.12	          4.00	7.50	7.83	7.45	7.58	   283.15	184048832	  1.12	元器件	湖北	5.01	7.67	116533	123571	  0.94	257	1280	--  	          6.00	
000681	视觉中国	-1.03	20.19	-0.21	20.19	20.20	46214	762	0.24	          2.35	20.44	20.54	20.08	20.40	    86.18	93635336	  0.63	互联网	江苏	2.25	20.26	28119	18094	  1.55	674	40	--  	          1.97	
000687	华讯方舟	0.41	16.99	0.07	16.98	16.99	110775	2692	0.23	          2.08	16.96	17.21	16.75	16.92	    79.47	187441888	  0.69	通信设备	河北	2.72	16.92	61312	49462	  1.24	140	1475	--  	          5.31	
000725	京东方Ａ	1.91	3.20	0.06	3.20	3.21	3809817	28719	-0.31	          1.59	3.13	3.21	3.12	3.14	   599.76	1206541312	  1.88	元器件	北京	2.87	3.17	1356919	2452897	  0.55	45648	105935	--  	        240.29	
000793	华闻传媒	1.12	10.85	0.12	10.84	10.85	346282	3135	-0.18	          1.89	10.76	10.99	10.63	10.73	    23.62	373629216	  1.99	出版业	海南	3.36	10.79	181876	164406	  1.11	3778	4489	--  	         18.27	
000806	银河生物	-0.08	12.25	-0.01	12.24	12.25	195534	32716	0.40	          2.80	12.19	12.25	12.13	12.26	  2876.42	238400464	  1.18	生物制药	广西	0.98	12.19	98629	96904	  1.02	1354	2930	--  	          6.98	
000810	创维数字	0.14	14.13	0.02	14.13	14.14	30299	323	0.07	          0.74	14.05	14.19	13.90	14.11	    31.60	42673052	  0.71	元器件	四川	2.06	14.08	15472	14826	  1.04	50	30	--  	          4.08	
000829	天音控股	--  	11.28	--  	--  	--  	0	0	--  	          0.00	--  	--  	--  	11.28	   132.17	0	  0.00	其他商业	江西	0.00	11.28	0	0	--  	0	0	--  	          9.47	
000836	鑫茂科技	3.60	8.35	0.29	8.34	8.35	553755	4768	-0.11	          4.68	8.10	8.65	7.95	8.06	   212.67	456351936	  1.65	通信设备	天津	8.68	8.24	262092	291662	  0.90	1284	3533	--  	         11.83	
000839	中信国安	7.67	11.51	0.82	11.50	11.51	2803002	44176	0.00	          7.15	10.69	11.75	10.60	10.69	   154.55	3128976640	  1.62	综合类	北京	10.76	11.16	1175230	1627772	  0.72	7664	20819	--  	         39.19	
002036	联创电子	0.15	20.03	0.03	20.03	20.04	102918	1188	0.09	          2.63	20.01	20.21	19.70	20.00	    65.80	205667904	  1.28	元器件	浙江	2.55	19.98	57724	45194	  1.28	237	167	--  	          3.92	
002079	苏州固锝	2.84	9.40	0.26	9.39	9.40	139144	3810	0.10	          1.92	9.14	9.41	9.07	9.14	    64.31	129617120	  1.52	半导体	江苏	3.72	9.32	53175	85969	  0.62	880	3940	--  	          7.26	
002175	东方网络	--  	16.38	--  	--  	--  	0	0	--  	          0.00	--  	--  	--  	16.38	   380.06	0	  0.00	电器仪表	广西	0.00	16.38	0	0	--  	0	0	--  	          5.18	
002189	利达光电	0.97	22.85	0.22	22.84	22.85	28006	218	0.00	          1.41	22.69	22.87	22.30	22.63	   251.88	63631072	  0.84	元器件	河南	2.52	22.72	14170	13836	  1.02	17	1398	--  	          1.99	
002235	安妮股份	2.73	16.18	0.43	16.18	16.19	76214	1667	0.12	          3.35	15.79	16.18	15.33	15.75	   455.57	120852992	  1.14	造纸	福建	5.40	15.86	35005	41209	  0.85	731	533	--  	          2.27	
002238	天威视讯	1.72	14.81	0.25	14.80	14.81	36403	251	0.00	          0.65	14.56	14.83	14.45	14.56	    29.64	53465336	  1.60	影视音像	深圳	2.61	14.69	11498	24905	  0.46	280	138	--  	          5.57	
002241	歌尔股份	3.62	32.62	1.14	32.62	32.63	155813	567	0.09	          1.23	31.46	32.99	31.43	31.48	    36.04	506591232	  1.43	元器件	山东	4.96	32.51	56835	98977	  0.57	32	88	--  	         12.64	
002253	川大智胜	1.85	30.25	0.55	30.25	30.26	145908	1717	0.06	          7.05	29.87	30.70	29.87	29.70	   247.58	442292544	  0.90	软件服务	四川	2.79	30.31	70985	74923	  0.95	704	114	--  	          2.07	
002273	水晶光电	3.20	22.27	0.69	22.27	22.28	183297	1111	0.04	          3.00	21.58	22.33	21.40	21.58	    65.26	403571840	  0.93	元器件	浙江	4.31	22.02	76144	107152	  0.71	555	565	--  	          6.10	
002280	联络互动	1.31	11.59	0.15	11.59	11.60	346061	6871	0.08	          2.76	11.41	11.60	11.20	11.44	    72.05	395949440	  0.74	软件服务	浙江	3.50	11.44	143969	202092	  0.71	2674	3420	--  	         12.52	
002291	星期六	0.17	18.18	0.03	18.18	18.19	24480	186	-0.05	          0.67	18.29	18.29	18.05	18.15	   310.09	44510232	  0.80	服饰	广东	1.32	18.18	11489	12991	  0.88	16	134	--  	          3.63	
002292	奥飞娱乐	0.64	22.10	0.14	22.10	22.11	73120	1496	0.18	          1.01	21.91	22.16	21.60	21.96	    49.51	160087040	  0.72	影视音像	广东	2.55	21.89	32846	40273	  0.82	996	169	--  	          7.22	
002315	焦点科技	0.46	65.48	0.30	65.47	65.48	13717	133	0.00	          2.26	64.97	65.50	64.24	65.18	   128.70	88948144	  0.97	互联网	江苏	1.93	64.85	7162	6554	  1.09	24	128	--  	          0.61	
002375	亚厦股份	1.18	11.15	0.13	11.15	11.16	66431	723	0.00	          0.59	10.98	11.20	10.95	11.02	    41.91	73916624	  0.92	装修装饰	浙江	2.27	11.13	23348	43083	  0.54	184	1115	--  	         11.32	
002396	星网锐捷	0.65	20.28	0.13	20.27	20.28	92385	1083	0.00	          1.74	20.09	20.53	20.06	20.15	    46.56	187714368	  0.69	通信设备	福建	2.33	20.32	45165	47219	  0.96	89	27	--  	          5.30	
002415	海康威视	2.10	30.18	0.62	30.17	30.18	205430	2868	0.00	          0.42	29.55	30.44	29.51	29.56	    28.73	618551744	  1.39	电器仪表	浙江	3.15	30.11	89812	115617	  0.78	10	502	--  	         48.38	
002416	爱施德	4.25	13.74	0.56	13.73	13.74	123859	4692	0.14	          1.28	13.21	13.74	13.18	13.18	    75.59	167523632	  1.99	电器连锁	深圳	4.25	13.53	35865	87993	  0.41	1134	103	--  	          9.71	
002419	天虹商场	1.04	16.59	0.17	16.58	16.59	209303	1592	0.12	          2.62	16.35	16.69	16.15	16.42	    25.33	344457312	  1.75	百货	深圳	3.29	16.46	107255	102048	  1.05	130	162	--  	          8.00	
002431	棕榈股份	-0.11	9.08	-0.01	9.08	9.09	157084	812	0.00	          1.74	9.07	9.10	8.93	9.09	   110.45	141536544	  1.06	建筑施工	广东	1.87	9.01	79093	77990	  1.01	3652	9942	--  	          9.04	
002445	中南文化	-0.43	16.12	-0.07	16.11	16.12	36965	326	0.00	          0.58	16.10	16.15	15.78	16.19	    73.94	59113236	  0.82	影视音像	江苏	2.29	15.99	23459	13505	  1.74	61	89	--  	          6.35	
002450	康得新	1.78	19.39	0.34	19.38	19.39	601147	2469	-0.05	          2.09	19.07	19.56	18.93	19.05	    36.23	1160432768	  2.06	化工原料	江苏	3.31	19.30	260050	341096	  0.76	2526	576	--  	         28.76	
002456	欧菲光	4.62	36.03	1.59	36.02	36.03	317444	2829	0.00	          3.09	34.30	36.28	34.10	34.44	    51.79	1128560384	  2.66	元器件	深圳	6.33	35.55	123970	193473	  0.64	118	157	--  	         10.28	
002465	海格通信	0.25	12.00	0.03	12.00	12.01	165131	2342	0.00	          0.90	12.05	12.07	11.91	11.97	    76.97	198092448	  0.47	通信设备	广东	1.34	12.00	91590	73541	  1.25	680	1666	--  	         18.40	
002474	榕基软件	1.14	13.36	0.15	13.35	13.36	69001	1868	0.14	          1.57	13.20	13.36	13.02	13.21	   306.12	91332344	  0.61	软件服务	福建	2.57	13.24	30541	38460	  0.79	650	1059	--  	          4.41	
002504	弘高创意	2.17	8.02	0.17	8.01	8.02	68335	1132	0.12	          1.76	7.84	8.04	7.80	7.85	    27.46	54174660	  0.95	装修装饰	北京	3.06	7.93	24936	43399	  0.57	766	1196	--  	          3.88	
002517	恺英网络	0.82	31.82	0.26	31.81	31.82	10712	124	0.12	          0.54	31.52	31.89	31.00	31.56	    39.65	33827852	  0.69	互联网	福建	2.82	31.58	4703	6009	  0.78	67	95	--  	          1.99	
002555	三七互娱	0.05	21.02	0.01	21.02	21.03	97354	992	-0.09	          1.48	21.02	21.11	20.38	21.01	    43.70	202382608	  0.68	互联网	安徽	3.47	20.79	48270	49084	  0.98	606	209	--  	          6.60	
002624	完美世界	1.74	31.50	0.54	31.50	31.51	34997	312	0.15	          1.13	30.97	31.58	30.80	30.96	    43.29	109045936	  1.53	影视音像	浙江	2.52	31.16	18477	16519	  1.12	21	163	--  	          3.09	
002632	道明光学	0.36	11.12	0.04	11.12	11.13	43032	659	0.00	          0.78	11.06	11.16	10.96	11.08	   135.08	47709068	  0.50	化工原料	浙江	1.81	11.09	22391	20640	  1.08	140	243	--  	          5.53	
002635	安洁科技	4.24	40.56	1.65	40.55	40.56	95404	711	0.44	          4.51	38.88	41.09	37.92	38.91	    44.29	379724800	  1.71	电脑设备	江苏	8.15	39.80	38372	57031	  0.67	15	37	--  	          2.12	
002681	奋达科技	--  	12.93	--  	--  	--  	0	0	--  	          0.00	--  	--  	--  	12.93	    50.26	0	  0.00	家用电器	深圳	0.00	12.93	0	0	--  	0	0	--  	          6.01	
002698	博实股份	1.53	15.88	0.24	15.87	15.88	38350	252	0.12	          0.74	15.56	16.05	15.56	15.64	   116.11	60728504	  1.14	化工机械	黑龙江	3.13	15.84	18378	19971	  0.92	170	98	--  	          5.21	
002699	美盛文化	-0.08	35.47	-0.03	35.47	35.48	85400	1141	0.36	          2.26	35.58	35.77	35.11	35.50	    94.36	302031008	  1.18	服饰	浙江	1.86	35.37	53629	31771	  1.69	246	17	--  	          3.77	
002717	岭南园林	--  	24.96	--  	--  	--  	0	0	--  	          0.00	--  	--  	--  	24.96	    44.81	0	  0.00	建筑施工	广东	0.00	24.96	0	0	--  	0	0	--  	          1.76	
002751	易尚展示	-0.37	43.06	-0.16	43.06	43.07	23256	558	0.06	          3.06	43.21	43.47	42.51	43.22	   400.17	99751272	  0.68	家居用品	深圳	2.22	42.89	11991	11264	  1.06	210	121	--  	          0.76	
300005	探路者	1.04	14.60	0.15	14.59	14.60	49725	667	0.06	          1.43	14.47	14.62	14.42	14.45	    64.84	72253400	  0.69	服饰	北京	1.38	14.53	20520	29204	  0.70	842	819	--  	          3.49	
300020	银江股份	1.10	15.68	0.17	15.68	15.69	87285	1871	0.12	          1.41	15.48	15.70	15.35	15.51	    32.55	135941840	  0.79	软件服务	浙江	2.26	15.57	45523	41761	  1.09	260	409	--  	          6.21	
300027	华谊兄弟	0.19	10.63	0.02	10.63	10.64	160738	3568	0.09	          0.84	10.63	10.66	10.48	10.61	    35.69	170106224	  0.69	影视音像	浙江	1.70	10.58	84588	76150	  1.11	878	1384	--  	         19.03	
300028	金亚科技	-1.79	13.20	-0.24	13.20	13.21	178070	3051	0.00	          7.19	13.49	13.58	13.11	13.44	   390.45	236503104	  1.06	通信设备	四川	3.50	13.28	95483	82586	  1.16	464	392	--  	          2.48	
300031	宝通科技	3.43	23.85	0.79	23.85	23.86	74717	707	-0.08	          3.35	23.09	23.98	22.88	23.06	    61.77	175965584	  1.65	互联网	江苏	4.77	23.55	35313	39404	  0.90	7	225	--  	          2.23	
300032	金龙机电	-0.27	15.05	-0.04	15.03	15.05	36231	556	0.26	          0.61	15.06	15.06	14.83	15.09	    64.89	54206188	  0.85	元器件	浙江	1.52	14.96	19016	17215	  1.10	3	267	--  	          5.96	
300045	华力创通	-0.63	14.24	-0.09	14.23	14.24	49479	615	0.21	          1.39	14.33	14.33	14.00	14.33	   253.77	69734712	  1.52	电脑设备	北京	2.30	14.09	29761	19718	  1.51	18	105	--  	          3.57	
300076	GQY视讯	-0.25	11.94	-0.03	11.94	11.95	146088	2477	0.00	          3.97	11.95	12.04	11.78	11.97	--  	174135776	  0.53	电脑设备	浙江	2.17	11.92	76438	69650	  1.10	930	610	--  	          3.68	
300079	数码视讯	0.00	7.10	0.00	7.09	7.10	147932	1205	0.14	          1.22	7.10	7.12	7.01	7.10	    50.59	104327904	  1.04	通信设备	北京	1.55	7.05	86972	60959	  1.43	2230	2707	--  	         12.08	
300081	恒信移动	3.64	15.94	0.56	15.93	15.94	140397	1731	-0.06	          6.13	15.60	16.20	15.45	15.38	--  	222592608	  1.59	通信设备	河北	4.88	15.85	66446	73951	  0.90	301	1322	--  	          2.29	
300083	劲胜精密	10.01	8.57	0.78	8.57	--  	959800	152	0.00	          8.51	8.30	8.57	8.20	7.79	   115.34	818297728	  3.30	元器件	广东	4.75	8.53	676692	283108	  2.39	115334	0	--  	         11.28	
300093	金刚玻璃	0.25	23.73	0.06	23.73	23.74	27945	258	0.21	          1.30	23.60	23.95	23.33	23.67	  7284.93	66215804	  0.88	玻璃	广东	2.62	23.70	15713	12231	  1.28	574	11	--  	          2.15	
300098	高新兴	1.36	13.41	0.18	13.41	13.42	139500	2098	0.07	          2.55	13.22	13.47	13.14	13.23	    53.90	186126608	  0.93	通信设备	广东	2.49	13.34	57702	81797	  0.71	286	1096	--  	          5.46	
300113	顺网科技	1.01	28.89	0.29	28.89	28.90	62203	1098	0.10	          1.53	28.50	29.07	28.01	28.60	    37.51	177907264	  0.98	互联网	浙江	3.71	28.60	30220	31982	  0.94	14	208	--  	          4.08	
300128	锦富技术	3.32	21.16	0.68	21.16	21.17	154235	1274	0.04	          4.75	20.51	21.56	20.20	20.48	   265.57	322876992	  0.70	元器件	江苏	6.64	20.93	69579	84655	  0.82	589	227	--  	          3.25	
300133	华策影视	1.29	11.76	0.15	11.75	11.76	88528	1205	0.00	          0.77	11.55	11.81	11.50	11.61	    54.99	103600128	  0.71	影视音像	浙江	2.67	11.70	42452	46075	  0.92	498	217	--  	         11.53	
300134	大富科技	--  	23.36	--  	--  	--  	0	0	--  	          0.00	--  	--  	--  	23.36	   281.18	0	  0.00	通信设备	深圳	0.00	23.36	0	0	--  	0	0	--  	          7.12	
300136	信维通信	2.95	33.16	0.95	33.15	33.16	105834	1740	0.54	          1.47	31.97	33.20	31.84	32.21	    70.42	346169632	  0.86	通信设备	深圳	4.22	32.71	47708	58126	  0.82	95	225	--  	          7.22	
300144	宋城演艺	2.84	21.70	0.60	21.69	21.70	131906	1147	0.00	          1.17	21.20	21.95	21.08	21.10	    34.93	285242432	  1.16	旅游景点	浙江	4.12	21.62	69988	61917	  1.13	366	20	--  	         11.26	
300177	中海达	1.10	13.75	0.15	13.75	13.76	34844	762	0.07	          1.11	13.58	13.77	13.50	13.60	   214.38	47695292	  0.57	通信设备	广东	1.99	13.69	15819	19024	  0.83	52	305	--  	          3.13	
300182	捷成股份	0.50	10.04	0.05	10.03	10.04	44209	346	0.00	          0.42	9.98	10.07	9.93	9.99	    31.43	44303068	  0.72	软件服务	北京	1.40	10.02	18750	25459	  0.74	367	3690	--  	         10.63	
300207	欣旺达	7.05	12.90	0.85	12.89	12.90	490128	4764	0.07	          6.81	12.05	13.20	11.92	12.05	    37.06	618739328	  2.24	元器件	深圳	10.62	12.62	194124	296004	  0.66	2091	964	--  	          7.20	
300220	金运激光	1.62	28.21	0.45	28.21	28.23	11025	344	0.32	          1.91	27.81	28.21	27.48	27.76	   360.12	30688960	  0.74	元器件	湖北	2.63	27.84	4780	6244	  0.77	106	3	--  	          0.58	
300251	光线传媒	0.00	9.70	0.00	9.70	9.71	98581	1136	0.00	          0.36	9.69	9.73	9.60	9.70	    36.77	95402976	  0.89	影视音像	北京	1.34	9.68	49438	49142	  1.01	286	2513	--  	         27.52	
300256	星星科技	2.52	12.61	0.31	12.60	12.61	163599	6126	0.15	          4.32	12.20	12.61	12.16	12.30	    67.79	203488096	  0.84	元器件	浙江	3.66	12.44	70183	93416	  0.75	945	668	--  	          3.79	
300264	佳创视讯	1.01	11.00	0.11	10.99	11.00	37801	671	0.09	          1.19	10.83	11.07	10.78	10.89	   333.04	41387212	  0.67	通信设备	深圳	2.66	10.95	20747	17054	  1.22	8	120	--  	          3.18	
300291	华录百纳	-0.65	21.45	-0.14	21.44	21.45	49434	938	-0.04	          1.02	21.59	21.81	21.29	21.59	    73.02	106169224	  0.75	影视音像	北京	2.41	21.48	27641	21793	  1.27	53	699	--  	          4.86	
300296	利亚德	-0.39	36.21	-0.14	36.21	36.22	36819	167	-0.08	          0.92	36.26	36.68	36.00	36.35	    72.80	133836040	  0.98	半导体	北京	1.87	36.35	19009	17810	  1.07	32	93	--  	          4.00	
300307	慈星股份	3.01	11.30	0.33	11.30	11.31	110171	1185	0.00	          1.39	11.00	11.33	10.92	10.97	    55.76	123686664	  0.97	纺织机械	浙江	3.74	11.23	52436	57735	  0.91	513	289	--  	          7.93	
300315	掌趣科技	--  	8.84	--  	--  	--  	0	0	--  	          0.00	--  	--  	--  	8.84	    32.83	0	  0.00	互联网	北京	0.00	8.84	0	0	--  	0	0	--  	         19.36	
300331	苏大维格	0.80	26.49	0.21	26.48	26.49	47165	1502	-0.03	          3.64	26.20	26.60	25.87	26.28	   406.34	123920832	  0.81	元器件	江苏	2.78	26.27	21967	25197	  0.87	102	624	--  	          1.30	
300336	新文化	-0.51	17.72	-0.09	17.71	17.72	56036	457	0.16	          1.25	17.80	17.80	17.42	17.81	    42.98	98826880	  1.03	影视音像	上海	2.13	17.64	30358	25677	  1.18	140	145	--  	          4.47	
300343	联创互联	-1.31	19.57	-0.26	19.56	19.57	107433	696	0.10	          4.59	19.83	19.89	19.35	19.83	    53.82	209437488	  1.68	互联网	山东	2.72	19.49	62227	45205	  1.38	382	147	--  	          2.34	
300418	昆仑万维	-0.17	23.06	-0.04	23.05	23.06	82693	1503	0.08	          1.86	23.14	23.33	22.68	23.10	    39.54	190556560	  0.67	互联网	北京	2.81	23.04	46543	36149	  1.29	186	143	--  	          4.44	
300431	暴风集团	-0.43	41.85	-0.18	41.85	41.86	63978	1280	0.04	          3.33	41.97	41.99	41.11	42.03	   448.79	266022976	  0.64	互联网	北京	2.09	41.58	34098	29879	  1.14	464	128	--  	          1.92	
300440	运达科技	--  	26.43	--  	--  	--  	0	0	--  	          0.00	--  	--  	--  	26.43	    59.98	0	  0.00	软件服务	四川	0.00	26.43	0	0	--  	0	0	--  	          1.01	
300458	全志科技	0.80	77.92	0.62	77.92	77.93	22361	327	0.00	          3.18	77.10	78.30	75.60	77.30	    70.51	172998896	  0.92	元器件	广东	3.49	77.36	10720	11641	  0.92	43	10	--  	          0.70	
300494	盛天网络	2.18	29.97	0.64	29.96	29.97	34295	648	0.10	          4.01	29.40	29.98	28.81	29.33	    77.70	101416192	  1.54	互联网	湖北	3.99	29.57	15699	18595	  0.84	498	32	--  	          0.86	
300496	中科创达	-1.58	37.95	-0.61	37.95	37.97	104991	1193	0.05	          4.90	38.20	38.46	37.10	38.56	   116.18	396922240	  0.77	软件服务	北京	3.53	37.81	52621	52369	  1.00	98	5	--  	          2.14	
600074	保千里	0.88	13.71	0.12	13.70	13.71	193616	34	0.00	          2.14	13.55	13.76	13.46	13.59	    40.70	263935312	  1.53	电脑设备	江苏	2.21	13.63	91416	102200	  0.89	227	279	--  	          9.06	
600198	大唐电信	-0.29	16.94	-0.05	16.94	16.95	169353	17	-0.05	          2.02	16.98	17.17	16.53	16.99	--  	284652096	  0.96	通信设备	北京	3.77	16.81	83585	85768	  0.97	960	468	--  	          8.39	
600229	城市传媒	0.44	11.30	0.05	11.29	11.31	36974	1	-0.26	          0.86	11.25	11.34	11.12	11.25	    39.35	41588472	  0.96	出版业	山东	1.96	11.25	13520	23453	  0.58	48	45	--  	          4.30	
600345	长江通信	0.04	22.70	0.01	22.69	22.72	15534	10	0.30	          0.78	22.69	22.78	22.31	22.69	    64.62	35118464	  0.84	通信设备	湖北	2.07	22.61	6656	8878	  0.75	5	117	--  	          1.98	
600363	联创光电	-0.32	18.71	-0.06	18.61	18.70	213627	20	0.05	          4.82	18.75	18.76	18.15	18.77	    39.77	394041280	  0.65	元器件	江西	3.25	18.45	130697	82929	  1.58	30	1980	--  	          4.43	
600637	东方明珠	0.44	22.99	0.10	22.99	23.00	64651	3	0.00	          0.30	22.87	23.01	22.74	22.89	    23.61	148016752	  1.13	影视音像	上海	1.18	22.89	29977	34674	  0.86	2	614	--  	         21.80	
600652	游久游戏	-0.41	12.18	-0.05	12.18	12.19	49853	30	0.08	          0.77	12.21	12.22	12.00	12.23	   268.61	60390872	  0.93	互联网	上海	1.80	12.11	27665	22187	  1.25	44	224	--  	          6.44	
600687	刚泰控股	0.00	14.08	0.00	14.08	14.09	101190	55	0.28	          0.94	14.08	14.09	13.75	14.08	    47.25	141080000	  0.90	黄金	甘肃	2.41	13.94	51352	49837	  1.03	661	166	--  	         10.79	
600703	三安光电	0.38	15.69	0.06	15.68	15.69	138221	7	0.00	          0.34	15.60	15.84	15.42	15.63	    32.09	216638704	  0.88	半导体	湖北	2.69	15.67	64370	73850	  0.87	52	146	--  	         40.78	
600880	博瑞传播	1.66	8.57	0.14	8.56	8.57	173659	32	0.11	          2.37	8.45	8.57	8.44	8.43	   155.81	147949232	  0.94	广告包装	四川	1.54	8.52	68922	104737	  0.66	180	444	--  	          7.32	
601928	凤凰传媒	0.39	10.42	0.04	10.41	10.42	81940	3	0.19	          0.32	10.38	10.44	10.33	10.38	    23.38	85110648	  1.14	出版业	江苏	1.06	10.39	44750	37189	  1.20	103	596	--  	         25.45	
603005	晶方科技	2.20	32.12	0.69	32.11	32.12	37046	3	-0.03	          2.16	31.19	32.50	31.18	31.43	   180.46	119273064	  1.46	半导体	江苏	4.20	32.20	15492	21554	  0.72	4	1	--  	          1.72	
603579	荣泰健康	5.08	140.99	6.82	140.99	141.06	39157	58	0.02	         22.38	136.00	143.99	135.88	134.17	    47.76	549262848	  1.18	医疗保健	上海	6.04	140.27	17159	21998	  0.78	5	9	--  	          0.18	
数据来源:通达信
