代码	名称	涨幅%%	现价	涨跌	买价	卖价	总量	现量	涨速%%	换手%%	今开	最高	最低	昨收	市盈(动)	总金额	量比	细分行业	地区	振幅%%	均价	内盘	外盘	内外比	买量	卖量	未匹配量	流通股(亿)	
000012	南 玻Ａ	0.80	11.35	0.09	11.35	11.36	136958	1537	0.00	          1.05	11.24	11.36	11.11	11.26	    24.71	154130288	  0.79	玻璃	深圳	2.22	11.25	60849	76108	  0.80	828	1731	--  	         13.04	
000050	深天马Ａ	--  	18.82	--  	--  	--  	0	0	--  	          0.00	--  	--  	--  	18.82	    46.33	0	  0.00	元器件	深圳	0.00	18.82	0	0	--  	0	0	--  	         12.12	
000536	华映科技	0.33	12.07	0.04	12.07	12.08	47256	913	0.00	          0.61	12.01	12.08	11.92	12.03	    38.25	56843140	  0.67	元器件	福建	1.33	12.03	23976	23279	  1.03	269	1042	--  	          7.77	
000636	风华高科	2.00	10.72	0.21	10.72	10.73	153875	926	-0.09	          1.89	10.56	10.78	10.43	10.51	    65.01	163933632	  1.06	元器件	广东	3.33	10.65	66422	87452	  0.76	1708	258	--  	          8.13	
000727	华东科技	0.00	3.26	0.00	3.26	3.27	451504	12781	-0.30	          1.85	3.26	3.27	3.23	3.26	--  	146849696	  1.24	元器件	江苏	1.23	3.25	175480	276023	  0.64	8167	10174	--  	         24.42	
000823	超声电子	5.87	14.42	0.80	14.42	14.43	271893	7910	0.27	          5.06	13.58	14.43	13.36	13.62	    51.73	382096928	  1.66	元器件	广东	7.86	14.05	108094	163798	  0.66	1370	1030	--  	          5.37	
002045	国光电器	-0.22	13.84	-0.03	13.83	13.84	109872	1075	0.43	          2.65	13.88	14.04	13.69	13.87	   133.01	152317168	  0.76	元器件	广东	2.52	13.86	59754	50118	  1.19	104	53	--  	          4.15	
002055	得润电子	4.71	24.01	1.08	24.01	24.02	130972	2279	0.00	          3.25	23.02	24.10	23.02	22.93	   106.05	311023744	  1.27	元器件	深圳	4.71	23.75	51545	79426	  0.65	139	333	--  	          4.03	
002056	横店东磁	1.45	14.71	0.21	14.71	14.72	127883	1852	0.13	          1.56	14.49	14.74	14.24	14.50	    29.29	186021648	  1.12	元器件	浙江	3.45	14.55	59071	68812	  0.86	106	595	--  	          8.22	
002106	莱宝高科	1.58	12.88	0.20	12.87	12.88	247165	3545	0.07	          3.51	12.55	13.00	12.45	12.68	    58.77	316824128	  1.44	元器件	深圳	4.34	12.82	122087	125077	  0.98	1151	1972	--  	          7.04	
002119	康强电子	1.28	21.33	0.27	21.33	21.34	23387	474	0.04	          1.16	21.11	21.38	20.92	21.06	   103.19	49540632	  0.71	半导体	浙江	2.18	21.18	10783	12603	  0.86	188	155	--  	          2.02	
002156	通富微电	2.71	11.00	0.29	11.00	11.01	126500	2154	0.09	          1.30	10.73	11.08	10.65	10.71	    64.63	137922592	  1.46	半导体	江苏	4.01	10.90	50902	75598	  0.67	111	733	--  	          9.72	
002185	华天科技	2.59	12.69	0.32	12.68	12.69	306214	1987	0.07	          2.87	12.36	12.74	12.32	12.37	    34.80	386538176	  1.62	半导体	甘肃	3.40	12.62	122018	184195	  0.66	317	37	--  	         10.65	
002217	合力泰	-0.82	19.45	-0.16	19.44	19.45	111693	1735	0.15	          2.39	19.50	19.52	19.17	19.61	    39.46	216111200	  0.77	元器件	山东	1.78	19.35	57575	54117	  1.06	362	65	--  	          4.67	
002273	水晶光电	3.20	22.27	0.69	22.27	22.28	183297	1111	0.04	          3.00	21.58	22.33	21.40	21.58	    65.26	403571840	  0.93	元器件	浙江	4.31	22.02	76144	107152	  0.71	555	565	--  	          6.10	
002289	*ST宇顺	-1.00	24.65	-0.25	24.65	24.69	13346	322	-0.24	          0.91	24.78	24.90	24.60	24.90	--  	32942714	  0.41	元器件	深圳	1.20	24.68	7951	5395	  1.47	18	27	--  	          1.47	
002362	汉王科技	-0.34	23.44	-0.08	23.44	23.45	89298	839	-0.08	          5.06	23.51	24.09	23.13	23.52	   238.70	209852848	  0.84	电脑设备	北京	4.08	23.50	48933	40365	  1.21	131	202	--  	          1.76	
002388	新亚制程	-0.80	13.58	-0.11	13.57	13.58	167665	2062	0.00	          4.39	13.69	13.69	13.34	13.69	   518.98	226209904	  0.99	元器件	深圳	2.56	13.49	95912	71752	  1.34	1076	365	--  	          3.82	
002426	胜利精密	--  	7.68	--  	--  	--  	0	0	--  	          0.00	--  	--  	--  	7.68	    33.92	0	  0.00	元器件	江苏	0.00	7.68	0	0	--  	0	0	--  	         19.45	
002456	欧菲光	4.62	36.03	1.59	36.02	36.03	317444	2829	0.00	          3.09	34.30	36.28	34.10	34.44	    51.79	1128560384	  2.66	元器件	深圳	6.33	35.55	123970	193473	  0.64	118	157	--  	         10.28	
300028	金亚科技	-1.79	13.20	-0.24	13.20	13.21	178070	3051	0.00	          7.19	13.49	13.58	13.11	13.44	   390.45	236503104	  1.06	通信设备	四川	3.50	13.28	95483	82586	  1.16	464	392	--  	          2.48	
300032	金龙机电	-0.27	15.05	-0.04	15.03	15.05	36231	556	0.26	          0.61	15.06	15.06	14.83	15.09	    64.89	54206188	  0.85	元器件	浙江	1.52	14.96	19016	17215	  1.10	3	267	--  	          5.96	
300083	劲胜精密	10.01	8.57	0.78	8.57	--  	959800	152	0.00	          8.51	8.30	8.57	8.20	7.79	   115.34	818297728	  3.30	元器件	广东	4.75	8.53	676692	283108	  2.39	115334	0	--  	         11.28	
300088	长信科技	--  	15.80	--  	--  	--  	0	0	--  	          0.00	--  	--  	--  	15.80	    59.16	0	  0.00	元器件	安徽	0.00	15.80	0	0	--  	0	0	--  	         10.99	
300256	星星科技	2.52	12.61	0.31	12.60	12.61	163599	6126	0.15	          4.32	12.20	12.61	12.16	12.30	    67.79	203488096	  0.84	元器件	浙江	3.66	12.44	70183	93416	  0.75	945	668	--  	          3.79	
300282	汇冠股份	--  	28.16	--  	--  	--  	0	0	--  	          0.00	--  	--  	--  	28.16	    55.83	0	  0.00	电脑设备	北京	0.00	28.16	0	0	--  	0	0	--  	          1.71	
600171	上海贝岭	0.50	13.98	0.07	13.97	13.98	65051	2	0.21	          0.97	13.85	14.00	13.80	13.91	   181.04	90496496	  0.92	半导体	上海	1.44	13.91	34404	30646	  1.12	2	277	--  	          6.74	
600207	安彩高科	0.40	10.05	0.04	10.04	10.05	43581	16	0.09	          0.63	9.98	10.07	9.92	10.01	  4080.38	43654528	  0.61	元器件	河南	1.50	10.02	22580	21001	  1.08	600	325	--  	          6.90	
600360	华微电子	2.03	9.04	0.18	9.02	9.03	123035	31	0.00	          1.67	8.88	9.08	8.75	8.86	   131.84	109990672	  2.01	半导体	吉林	3.72	8.94	49753	73282	  0.68	163	5	--  	          7.38	
600460	士兰微	4.43	6.60	0.28	6.59	6.60	252399	23	0.00	          2.02	6.34	6.67	6.26	6.32	    85.84	165021744	  1.84	半导体	浙江	6.49	6.54	97588	154810	  0.63	165	1084	--  	         12.47	
600552	凯盛科技	-0.75	15.95	-0.12	15.94	15.95	50848	7	0.00	          1.37	16.11	16.11	15.80	16.07	    72.64	81043304	  1.35	玻璃	安徽	1.93	15.94	28183	22665	  1.24	94	94	--  	          3.70	
600563	法拉电子	2.62	38.81	0.99	38.81	38.82	60947	11	-0.07	          2.71	37.71	39.05	37.68	37.82	    23.91	234840608	  1.83	元器件	福建	3.62	38.53	27860	33086	  0.84	61	1	--  	          2.25	
600584	长电科技	3.73	19.48	0.70	19.47	19.48	198623	3	0.00	          2.02	18.77	19.60	18.65	18.78	   253.46	383456928	  1.04	半导体	江苏	5.06	19.31	82808	115814	  0.72	526	394	--  	          9.85	
数据来源:通达信
