代码	名称	涨幅%%	现价	涨跌	买价	卖价	总量	现量	涨速%%	换手%%	今开	最高	最低	昨收	市盈(动)	总金额	量比	细分行业	地区	振幅%%	均价	内盘	外盘	内外比	买量	卖量	未匹配量	流通股(亿)	
000001	平安银行	0.43	9.44	0.04	9.44	9.45	545304	2038	0.10	          0.32	9.39	9.45	9.37	9.40	     6.49	513148480	  1.59	银行	深圳	0.85	9.41	278207	267097	  1.04	515	21385	--  	        169.18	
000002	万 科Ａ	0.53	20.71	0.11	20.70	20.71	419235	4981	-0.04	          0.43	20.65	20.88	20.51	20.60	    20.75	869278720	  1.31	全国地产	深圳	1.80	20.73	201506	217729	  0.93	1384	10078	--  	         97.08	
000008	神州高铁	1.17	8.67	0.10	8.67	8.68	91970	1337	0.00	          0.46	8.57	8.74	8.42	8.57	    84.21	78601520	  1.63	运输设备	北京	3.73	8.55	44883	47086	  0.95	525	1208	--  	         19.95	
000157	中联重科	1.46	4.85	0.07	4.85	4.86	528493	4927	-0.20	          0.84	4.80	4.86	4.77	4.78	--  	255423616	  1.10	工程机械	湖南	1.88	4.83	186074	342418	  0.54	8094	13470	--  	         62.66	
000333	美的集团	-0.94	33.90	-0.32	33.89	33.90	450041	6379	-0.11	          0.71	34.28	34.79	33.74	34.22	    12.75	1537993472	  1.26	家用电器	广东	3.07	34.17	244329	205711	  1.19	248	3540	--  	         63.42	
000410	沈阳机床	0.59	11.93	0.07	11.93	11.94	91546	1164	0.00	          1.24	11.90	12.06	11.86	11.86	--  	109438288	  0.64	机床制造	辽宁	1.69	11.95	48548	42998	  1.13	108	1201	--  	          7.40	
000425	徐工机械	2.29	4.02	0.09	4.01	4.02	1092317	28084	0.24	          1.56	3.93	4.05	3.90	3.93	   127.77	436577120	  1.42	工程机械	江苏	3.82	4.00	416425	675892	  0.62	3276	17003	--  	         69.94	
000531	穗恒运Ａ	2.79	11.79	0.32	11.79	11.80	64790	1558	0.00	          0.95	11.44	11.97	11.42	11.47	    14.02	75906616	  1.32	火力发电	广东	4.80	11.72	25808	38981	  0.66	527	1701	--  	          6.85	
000538	云南白药	0.49	77.23	0.38	77.22	77.23	35254	280	0.10	          0.34	76.85	77.43	76.22	76.85	    25.56	271833952	  1.19	中成药	云南	1.57	77.11	18516	16738	  1.11	22	409	--  	         10.41	
000703	恒逸石化	-1.78	14.86	-0.27	14.85	14.86	82192	837	-0.13	          0.71	15.06	15.30	14.62	15.13	    35.91	123310592	  1.25	化纤	广西	4.49	15.00	48207	33985	  1.42	80	40	--  	         11.54	
000776	广发证券	0.81	17.41	0.14	17.40	17.41	188297	2275	0.00	          0.32	17.23	17.42	17.13	17.27	    16.09	326191680	  1.15	证券	广东	1.68	17.32	79806	108490	  0.74	1223	124	--  	         59.19	
000876	新 希 望	0.25	8.08	0.02	8.07	8.08	117702	1789	0.00	          0.34	8.03	8.09	8.00	8.06	    12.09	94750368	  0.83	饲料	四川	1.12	8.05	59051	58651	  1.01	1743	3486	--  	         34.57	
000895	双汇发展	1.82	21.79	0.39	21.78	21.79	123092	364	0.09	          0.37	21.33	21.85	21.30	21.40	    16.45	266858608	  1.68	食品	河南	2.57	21.68	50821	72271	  0.70	3	592	--  	         32.99	
000900	现代投资	0.93	8.65	0.08	8.65	8.66	61182	579	0.11	          0.61	8.54	8.67	8.52	8.57	    12.14	52693472	  0.75	路桥	湖南	1.75	8.61	21716	39466	  0.55	313	1871	--  	         10.10	
000970	中科三环	0.85	14.31	0.12	14.31	14.32	112131	1265	0.00	          1.05	14.16	14.36	13.97	14.19	    49.39	159813680	  0.67	元器件	北京	2.75	14.25	51963	60167	  0.86	127	1584	--  	         10.65	
000996	中国中期	-0.39	23.23	-0.09	23.23	23.24	57569	1095	0.00	          2.50	23.30	23.30	22.81	23.32	   262.62	132820768	  0.99	公路	北京	2.10	23.07	28519	29049	  0.98	433	189	--  	          2.30	
002033	丽江旅游	0.88	14.93	0.13	14.93	14.94	43136	756	0.06	          1.02	14.83	14.95	14.72	14.80	    28.19	63996948	  0.78	旅游景点	云南	1.55	14.84	20444	22691	  0.90	293	355	--  	          4.23	
002039	黔源电力	-0.06	16.43	-0.01	16.43	16.44	15866	610	-0.06	          0.52	16.41	16.45	16.23	16.44	    19.47	25950398	  0.88	水力发电	贵州	1.34	16.36	9674	6192	  1.56	77	41	--  	          3.05	
002051	中工国际	2.20	25.59	0.55	25.58	25.59	59060	793	0.27	          0.64	25.05	25.70	24.80	25.04	    25.02	150016368	  0.75	建筑施工	北京	3.59	25.40	27073	31986	  0.85	41	100	--  	          9.20	
002186	全 聚 德	0.09	23.02	0.02	23.01	23.02	18813	650	0.00	          0.67	23.08	23.10	22.72	23.00	    41.07	43194628	  1.05	酒店餐饮	北京	1.65	22.96	10224	8589	  1.19	38	1041	--  	          2.81	
002236	大华股份	8.97	16.40	1.35	16.40	16.41	777384	15409	0.61	          4.55	15.10	16.42	15.10	15.05	    33.34	1237688448	  3.05	电器仪表	浙江	8.77	15.92	268135	509248	  0.53	3587	565	--  	         17.09	
002293	罗莱生活	0.15	13.48	0.02	13.48	13.49	16438	79	0.00	          0.23	13.46	13.53	13.32	13.46	    27.35	22081006	  0.75	纺织	江苏	1.56	13.43	8490	7947	  1.07	65	308	--  	          6.99	
002310	东方园林	2.49	15.23	0.37	15.22	15.23	340184	7512	0.13	          2.40	14.85	15.23	14.71	14.86	    59.14	513290048	  2.11	建筑施工	北京	3.50	15.09	151155	189029	  0.80	2270	400	--  	         14.16	
002315	焦点科技	0.46	65.48	0.30	65.47	65.48	13717	133	0.00	          2.26	64.97	65.50	64.24	65.18	   128.70	88948144	  0.97	互联网	江苏	1.93	64.85	7162	6554	  1.09	24	128	--  	          0.61	
002371	北方华创	3.76	31.44	1.14	31.44	31.45	106491	1610	0.06	          6.51	30.15	31.48	29.90	30.30	   172.04	330657984	  1.26	半导体	北京	5.21	31.05	47027	59463	  0.79	655	259	--  	          1.64	
002422	科伦药业	1.40	16.63	0.23	16.62	16.63	52115	414	0.00	          0.53	16.40	16.66	16.30	16.40	    33.42	86140104	  1.02	化学制药	四川	2.20	16.53	19457	32658	  0.60	188	133	--  	          9.83	
002456	欧菲光	4.62	36.03	1.59	36.02	36.03	317444	2829	0.00	          3.09	34.30	36.28	34.10	34.44	    51.79	1128560384	  2.66	元器件	深圳	6.33	35.55	123970	193473	  0.64	118	157	--  	         10.28	
002511	中顺洁柔	-0.40	19.99	-0.08	19.98	19.99	26571	118	-0.05	          0.55	19.80	20.20	19.80	20.07	    41.82	53038912	  0.63	造纸	广东	1.99	19.96	15064	11507	  1.31	29	34	--  	          4.84	
002572	索菲亚	0.45	64.39	0.29	64.37	64.39	16843	47	-0.01	          0.58	64.36	65.44	63.47	64.10	    54.63	108507192	  0.95	家居用品	广东	3.07	64.42	7646	9196	  0.83	40	14	--  	          2.89	
002588	史丹利	-0.28	10.68	-0.03	10.68	10.69	52961	352	0.00	          0.74	10.72	10.72	10.53	10.71	    20.17	56262468	  0.97	农药化肥	山东	1.77	10.62	32118	20843	  1.54	435	643	--  	          7.11	
002672	东江环保	0.44	18.24	0.08	18.24	18.25	58241	1045	0.05	          1.33	18.24	18.25	17.95	18.16	    31.90	105522544	  1.00	环境保护	广东	1.65	18.12	30737	27503	  1.12	363	262	--  	          4.37	
300022	吉峰农机	0.65	9.29	0.06	9.28	9.29	91243	1437	0.10	          2.84	9.23	9.30	8.96	9.23	   126.52	83286920	  0.71	其他商业	四川	3.68	9.13	41105	50138	  0.82	340	781	--  	          3.21	
300024	机器人	1.62	22.55	0.36	22.55	22.56	278703	2368	0.04	          1.84	22.38	22.88	22.30	22.19	    85.65	631489984	  0.60	专用机械	辽宁	2.61	22.66	132967	145736	  0.91	1372	850	--  	         15.14	
300027	华谊兄弟	0.19	10.63	0.02	10.63	10.64	160738	3568	0.09	          0.84	10.63	10.66	10.48	10.61	    35.69	170106224	  0.69	影视音像	浙江	1.70	10.58	84588	76150	  1.11	878	1384	--  	         19.03	
300043	星辉娱乐	0.30	9.95	0.03	9.95	9.96	83399	1905	0.00	          1.06	9.91	9.98	9.78	9.92	    25.02	82436928	  1.12	文教休闲	广东	2.02	9.88	43475	39923	  1.09	78	593	--  	          7.89	
300058	蓝色光标	0.52	9.59	0.05	9.58	9.59	117035	948	0.10	          0.73	9.55	9.59	9.41	9.54	    32.04	111256936	  0.99	广告包装	北京	1.89	9.51	55177	61857	  0.89	1123	1775	--  	         16.00	
300070	碧水源	1.61	16.45	0.26	16.45	16.46	179749	1254	-0.06	          0.89	16.20	16.57	16.11	16.19	    87.69	294649792	  1.31	环境保护	北京	2.84	16.39	75174	104575	  0.72	535	26	--  	         20.09	
300159	新研股份	2.07	14.80	0.30	14.79	14.80	63483	698	0.40	          0.83	14.73	14.85	14.47	14.50	   154.29	93456264	  0.63	农用机械	新疆	2.62	14.72	24434	39048	  0.63	541	7	--  	          7.65	
300197	铁汉生态	1.72	11.86	0.20	11.86	11.87	121759	831	0.00	          1.54	11.67	11.98	11.60	11.66	    46.87	143919088	  1.18	环境保护	深圳	3.26	11.82	51642	70117	  0.74	1272	205	--  	          7.89	
300275	梅安森	0.20	29.36	0.06	29.36	29.40	27008	1018	0.17	          2.39	29.09	30.10	28.80	29.30	--  	79920304	  0.65	软件服务	重庆	4.44	29.59	14343	12664	  1.13	35	12	--  	          1.13	
300298	三诺生物	0.32	19.08	0.06	19.05	19.08	17496	320	0.52	          0.70	19.00	19.08	18.72	19.02	    40.69	33064292	  0.93	医疗保健	湖南	1.89	18.90	9888	7608	  1.30	2	18	--  	          2.51	
300303	聚飞光电	1.09	9.24	0.10	9.23	9.24	64253	1965	0.54	          1.33	9.12	9.25	9.05	9.14	    44.02	58991820	  0.68	半导体	深圳	2.19	9.18	34190	30063	  1.14	126	143	--  	          4.82	
300305	裕兴股份	1.00	12.14	0.12	12.13	12.14	23211	275	0.16	          1.53	12.01	12.14	11.95	12.02	    48.87	27962612	  0.91	塑料	江苏	1.58	12.05	8586	14624	  0.59	6	451	--  	          1.51	
300355	蒙草生态	3.17	12.03	0.37	12.02	12.03	369572	7969	0.00	          6.18	11.68	12.05	11.65	11.66	    37.64	439113760	  0.69	环境保护	内蒙	3.43	11.88	158240	211332	  0.75	1309	855	--  	          5.98	
600009	上海机场	3.47	28.35	0.95	28.33	28.36	152317	35	0.00	          1.39	27.39	28.59	27.39	27.40	    19.47	429974592	  4.44	机场	上海	4.38	28.23	62672	89644	  0.70	420	306	--  	         10.93	
600019	宝钢股份	0.44	6.83	0.03	6.83	6.84	554610	163	0.00	          0.25	6.78	6.84	6.68	6.80	    20.23	375211584	  0.82	普钢	上海	2.35	6.77	272666	281943	  0.97	2282	14180	--  	        220.77	
600036	招商银行	0.63	19.03	0.12	19.02	19.03	170561	12	0.05	          0.08	18.89	19.05	18.81	18.91	     6.90	323081952	  0.76	银行	深圳	1.27	18.94	83326	87235	  0.96	162	58	--  	        206.29	
600050	中国联通	-4.76	7.41	-0.37	7.42	7.43	4266655	25	-0.13	          2.01	7.73	7.74	7.35	7.78	   241.02	3198445312	  1.11	电信运营	上海	5.01	7.50	2170027	2096627	  1.04	1966	5753	--  	        211.97	
600066	宇通客车	1.51	20.90	0.31	20.89	20.90	145259	11	0.00	          0.76	20.52	20.94	20.52	20.59	    15.25	302534304	  1.00	汽车整车	河南	2.04	20.83	43456	101803	  0.43	186	144	--  	         19.03	
600097	开创国际	-0.25	19.98	-0.05	19.98	19.99	46087	19	0.20	          2.27	20.06	20.09	19.60	20.03	--  	91493480	  0.82	渔业	上海	2.45	19.85	23547	22539	  1.04	126	233	--  	          2.03	
600104	上汽集团	-1.15	24.85	-0.29	24.84	24.85	351525	44	0.20	          0.32	25.12	25.28	24.77	25.14	     9.43	877177984	  1.57	汽车整车	上海	2.03	24.95	186488	165037	  1.13	7	290	--  	        110.26	
600120	浙江东方	2.97	30.47	0.88	30.47	30.48	234836	43	0.09	          4.65	29.67	30.58	29.46	29.59	    24.39	706662144	  2.20	商贸代理	浙江	3.79	30.09	109226	125609	  0.87	201	92	--  	          5.05	
600150	中国船舶	0.83	27.92	0.23	27.92	27.93	133033	11	0.03	          0.97	27.66	27.94	27.43	27.69	--  	368965600	  0.69	船舶	上海	1.84	27.73	63431	69602	  0.91	6	450	--  	         13.78	
600167	联美控股	2.24	22.82	0.50	22.82	22.85	30473	1	0.13	          2.72	22.34	22.90	21.90	22.32	    22.21	68628008	  1.41	供气供热	辽宁	4.48	22.52	14475	15997	  0.90	829	146	--  	          1.12	
600180	瑞茂通	3.76	14.06	0.51	14.06	14.07	84196	1	0.14	          0.96	13.55	14.08	13.41	13.55	    36.49	116706736	  2.54	仓储物流	山东	4.94	13.86	32609	51587	  0.63	46	56	--  	          8.82	
600271	航天信息	0.00	20.60	0.00	--  	--  	0	0	0.00	          0.00	--  	--  	--  	20.60	    30.49	0	  0.00	电脑设备	北京	0.00	20.60	0	0	--  	0	0	--  	         18.47	
600309	万华化学	0.41	26.75	0.11	26.74	26.75	206678	15	0.18	          0.96	26.43	27.08	26.43	26.64	    18.28	553718784	  0.89	化工原料	山东	2.44	26.79	102471	104207	  0.98	15	177	--  	         21.62	
600315	上海家化	-0.81	28.30	-0.23	28.31	28.32	63583	1	0.03	          0.95	28.54	28.58	28.27	28.53	    32.98	180374192	  1.85	日用化工	上海	1.09	28.37	25016	38567	  0.65	30	178	--  	          6.71	
600340	华夏幸福	1.49	27.33	0.40	27.33	27.34	354624	697	0.07	          1.20	26.77	27.87	26.65	26.93	    13.16	974895232	  2.01	区域地产	河北	4.53	27.49	169817	184806	  0.92	5	109	--  	         29.55	
600362	江西铜业	3.39	18.93	0.62	18.93	18.94	519930	26	0.00	          2.51	18.34	18.95	18.30	18.31	    49.74	969339840	  1.91	铜	江西	3.55	18.64	223225	296705	  0.75	153	900	--  	         20.75	
600372	中航电子	2.02	20.23	0.40	20.21	20.22	108914	1	0.09	          0.62	19.85	20.32	19.85	19.83	   120.28	219246048	  1.17	航空	北京	2.37	20.13	37697	71217	  0.53	138	3	--  	         17.59	
600373	中文传媒	0.51	21.64	0.11	21.63	21.64	49340	39	0.32	          0.38	21.46	21.82	21.32	21.53	    22.62	106498608	  1.01	出版业	江西	2.32	21.58	22708	26631	  0.85	23	44	--  	         12.82	
600386	北巴传媒	0.14	14.26	0.02	14.25	14.26	35762	1	-0.14	          0.89	14.17	14.33	14.06	14.24	    48.05	50813700	  0.52	公共交通	北京	1.90	14.21	19109	16652	  1.15	98	138	--  	          4.03	
600436	片仔癀	1.36	48.50	0.65	48.53	48.54	63473	1	0.12	          1.05	47.80	48.90	47.71	47.85	    45.62	307705344	  2.49	中成药	福建	2.49	48.48	29664	33808	  0.88	3	14	--  	          6.03	
600498	烽火通信	1.46	26.46	0.38	26.46	26.47	97151	10	0.03	          0.98	25.91	26.62	25.76	26.08	    39.10	255514592	  0.85	通信设备	湖北	3.30	26.30	41641	55509	  0.75	32	48	--  	          9.96	
600516	方大炭素	1.28	9.46	0.12	9.45	9.46	213117	72	0.10	          1.24	9.33	9.47	9.28	9.34	   154.88	200462288	  0.64	矿物制品	甘肃	2.03	9.41	96267	116850	  0.82	252	1150	--  	         17.19	
600519	贵州茅台	0.46	371.55	1.70	371.44	371.98	27674	1	0.14	          0.22	370.05	374.33	367.53	369.85	    28.08	1027592832	  0.93	白酒	贵州	1.84	371.32	13339	14335	  0.93	1	14	--  	         12.56	
600547	山东黄金	2.79	36.16	0.98	36.15	36.16	302746	34	-0.02	          2.13	35.18	36.21	35.18	35.18	    68.72	1086981376	  2.24	黄金	山东	2.93	35.90	140893	161853	  0.87	239	31	--  	         14.23	
600552	凯盛科技	-0.75	15.95	-0.12	15.94	15.95	50848	7	0.00	          1.37	16.11	16.11	15.80	16.07	    72.64	81043304	  1.35	玻璃	安徽	1.93	15.94	28183	22665	  1.24	94	94	--  	          3.70	
600585	海螺水泥	1.74	20.41	0.35	20.40	20.41	162494	7	0.14	          0.41	20.12	20.47	20.09	20.06	    13.59	329664704	  1.28	水泥	安徽	1.89	20.29	57455	105038	  0.55	18	2	--  	         40.00	
600606	绿地控股	2.07	8.88	0.18	8.87	8.88	1188561	63	0.11	          3.69	8.68	8.94	8.62	8.70	    13.69	1047033536	  2.45	全国地产	上海	3.68	8.81	554063	634497	  0.87	2603	6404	--  	         32.23	
600694	大商股份	1.72	41.91	0.71	41.92	41.93	31856	6	-0.04	          1.08	41.33	41.95	41.04	41.20	    14.25	132363448	  1.70	百货	辽宁	2.21	41.55	14070	17786	  0.79	9	45	--  	          2.94	
600705	中航资本	0.62	6.51	0.04	6.50	6.52	643221	6030	0.30	          0.86	6.43	6.53	6.36	6.47	    25.14	415336352	  0.94	多元金融	黑龙江	2.63	6.46	280274	362946	  0.77	4513	10723	--  	         74.65	
600742	一汽富维	1.07	19.90	0.21	19.89	19.90	86742	7	0.35	          2.05	19.81	19.90	19.50	19.69	    18.50	170987040	  1.12	汽车配件	吉林	2.03	19.71	48029	38712	  1.24	15	729	--  	          4.23	
600804	鹏博士	-0.19	21.21	-0.04	21.20	21.21	75052	41	0.00	          0.54	21.11	21.24	20.95	21.25	    37.07	158262544	  0.71	电信运营	四川	1.36	21.09	39249	35803	  1.10	1151	4	--  	         13.90	
600811	东方集团	0.56	7.22	0.04	7.21	7.22	68589	3	0.00	          0.41	7.20	7.22	7.13	7.18	    30.52	49303456	  0.83	综合类	黑龙江	1.25	7.19	25468	43120	  0.59	835	182	--  	         16.67	
600875	东方电气	0.00	10.79	0.00	--  	--  	0	0	0.00	          0.00	--  	--  	--  	10.79	--  	0	  0.00	电气设备	四川	0.00	10.79	0	0	--  	0	0	--  	         19.97	
600887	伊利股份	1.76	18.52	0.32	18.51	18.52	809376	58	0.05	          1.34	18.20	18.66	18.04	18.20	    19.23	1493499392	  2.32	乳制品	内蒙	3.41	18.45	385603	423772	  0.91	1249	97	--  	         60.33	
600988	赤峰黄金	1.96	15.08	0.29	15.08	15.09	154811	25	0.06	          2.54	14.79	15.10	14.78	14.79	    52.92	232436880	  1.67	黄金	内蒙	2.16	15.01	66813	87998	  0.76	18	1913	--  	          6.10	
601006	大秦铁路	0.58	6.94	0.04	6.93	6.94	188379	93	0.14	          0.13	6.90	6.94	6.86	6.90	    15.04	130245400	  1.02	铁路	山西	1.16	6.91	77809	110569	  0.70	3354	9676	--  	        148.67	
601088	中国神华	0.67	16.51	0.11	16.50	16.51	156875	224	0.12	          0.10	16.38	16.54	16.21	16.40	    14.23	257312304	  1.17	煤炭开采	北京	2.01	16.40	80038	76836	  1.04	920	226	--  	        164.91	
601158	重庆水务	0.37	8.15	0.03	8.14	8.15	49713	100	0.12	          0.10	8.09	8.16	8.02	8.12	    23.33	40293756	  0.48	水务	重庆	1.72	8.11	24500	25213	  0.97	430	765	--  	         48.00	
601318	中国平安	1.04	35.97	0.37	35.97	35.98	359990	72	0.05	          0.33	35.60	36.04	35.56	35.60	     8.73	1291416192	  1.35	保险	深圳	1.35	35.87	163174	196816	  0.83	131	216	--  	        108.33	
601369	陕鼓动力	1.13	7.18	0.08	7.17	7.18	55359	2	0.13	          0.34	7.08	7.18	7.05	7.10	    42.42	39409632	  1.25	机械基件	陕西	1.83	7.12	19341	36018	  0.54	239	1032	--  	         16.39	
601788	光大证券	0.32	15.83	0.05	15.83	15.84	130956	25	0.12	          0.34	15.74	15.84	15.60	15.78	    22.94	206298528	  1.22	证券	上海	1.52	15.75	62368	68587	  0.91	280	3909	--  	         39.07	
601808	中海油服	0.70	12.96	0.09	12.95	12.96	34310	1	0.07	          0.12	12.87	12.97	12.82	12.87	--  	44249028	  0.81	石油开采	天津	1.17	12.90	15127	19183	  0.79	456	133	--  	         29.60	
601888	中国国旅	-3.01	49.90	-1.55	49.87	49.90	50685	14	-0.16	          0.52	51.30	51.50	49.81	51.45	    25.01	256444896	  1.18	旅游服务	北京	3.28	50.60	28571	22113	  1.29	11	304	--  	          9.76	
603000	人民网	0.06	16.36	0.01	16.35	16.36	62621	20	0.06	          0.57	16.35	16.41	16.13	16.35	   180.60	101725520	  1.30	互联网	北京	1.71	16.24	36113	26507	  1.36	118	234	--  	         11.06	
数据来源:通达信
