代码	名称	涨幅%%	现价	涨跌	买价	卖价	总量	现量	涨速%%	换手%%	今开	最高	最低	昨收	市盈(动)	总金额	量比	细分行业	地区	振幅%%	均价	内盘	外盘	内外比	买量	卖量	未匹配量	流通股(亿)	
000058	深 赛 格	-0.28	10.61	-0.03	10.61	10.62	36247	518	0.09	          0.67	10.55	10.64	10.51	10.64	   232.57	38363800	  0.77	元器件	深圳	1.22	10.58	19977	16269	  1.23	96	201	--  	          5.38	
000065	北方国际	1.67	31.03	0.51	31.03	31.04	28485	451	0.03	          0.71	30.52	31.15	30.05	30.52	    74.91	87849824	  0.82	建筑施工	北京	3.60	30.84	13633	14851	  0.92	34	92	--  	          4.01	
000401	冀东水泥	1.84	13.84	0.25	13.83	13.84	199943	2658	0.07	          1.48	13.59	13.87	13.40	13.59	--  	274311936	  1.18	水泥	河北	3.46	13.72	88017	111926	  0.79	94	4135	--  	         13.47	
000409	山东地矿	0.08	12.35	0.01	12.34	12.35	69241	2671	0.00	          1.94	12.34	12.55	12.23	12.34	  2134.17	85740224	  1.27	综合类	山东	2.59	12.38	37464	31777	  1.18	873	435	--  	          3.58	
000504	*ST生物	-0.65	16.81	-0.11	16.81	16.87	6326	81	0.11	          0.20	16.85	16.92	16.67	16.92	--  	10631562	  0.48	出版业	湖南	1.48	16.81	3651	2675	  1.36	174	38	--  	          3.11	
000505	*ST珠江	-0.54	10.98	-0.06	10.98	10.99	28196	438	0.09	          0.78	11.00	11.08	10.91	11.04	--  	30903444	  0.61	房产服务	海南	1.54	10.96	18107	10089	  1.79	38	124	--  	          3.60	
000519	中兵红箭	1.28	16.68	0.21	16.68	16.69	214670	4016	0.12	          3.68	16.53	16.80	16.53	16.47	   377.56	358348640	  0.62	矿物制品	湖南	1.64	16.69	107399	107270	  1.00	695	1170	--  	          5.83	
000553	沙隆达Ａ	1.63	14.95	0.24	14.95	14.96	64942	1075	0.00	          1.78	14.60	15.07	14.50	14.71	   324.85	96545856	  0.89	农药化肥	湖北	3.87	14.87	29053	35888	  0.81	28	221	--  	          3.64	
000565	渝三峡Ａ	-1.25	12.62	-0.16	12.62	12.63	77137	1578	0.07	          1.78	12.82	12.82	12.51	12.78	    24.48	97387424	  0.72	染料涂料	重庆	2.43	12.63	47490	29646	  1.60	740	34	--  	          4.34	
000576	广东甘化	-0.13	15.74	-0.02	15.74	15.75	40197	273	0.12	          0.93	15.65	15.85	15.50	15.76	    68.07	63196484	  0.65	造纸	广东	2.22	15.72	20885	19312	  1.08	688	131	--  	          4.34	
000603	盛达矿业	3.28	16.98	0.54	16.97	16.98	107884	1119	0.05	          2.63	16.39	17.05	16.30	16.44	    60.71	181311312	  1.71	铅锌	北京	4.56	16.81	42726	65157	  0.66	443	21	--  	          4.09	
000606	*ST易桥	--  	12.64	--  	--  	--  	0	0	--  	          0.00	--  	--  	--  	12.64	   211.26	0	  0.00	化学制药	青海	0.00	12.64	0	0	--  	0	0	--  	          4.68	
000638	万方发展	-0.35	14.35	-0.05	14.35	14.36	43238	509	0.00	          1.40	14.31	14.35	14.00	14.40	   397.63	61409332	  0.41	批发业	辽宁	2.43	14.20	24402	18835	  1.30	202	113	--  	          3.09	
000711	京蓝科技	-9.99	29.29	-3.25	--  	29.29	155113	1024	0.00	          9.64	29.29	32.00	29.29	32.54	--  	462125504	  5.98	软件服务	黑龙江	8.33	29.79	58267	96845	  0.60	0	5131	--  	          1.61	
000803	金宇车城	--  	20.60	--  	--  	--  	0	0	--  	          0.00	--  	--  	--  	20.60	--  	0	  0.00	纺织	四川	0.00	20.60	0	0	--  	0	0	--  	          0.98	
000812	陕西金叶	-4.93	12.92	-0.67	12.92	12.93	196115	3286	-0.23	          4.39	13.46	13.50	12.60	13.59	   201.31	254311088	  0.79	广告包装	陕西	6.62	12.97	118208	77907	  1.52	1856	290	--  	          4.46	
000813	德展健康	0.41	14.68	0.06	14.68	14.69	16585	482	0.00	          0.46	14.65	14.75	14.48	14.62	    31.64	24278890	  0.67	化学制药	新疆	1.85	14.64	7115	9470	  0.75	131	297	--  	          3.63	
000829	天音控股	--  	11.28	--  	--  	--  	0	0	--  	          0.00	--  	--  	--  	11.28	   132.17	0	  0.00	其他商业	江西	0.00	11.28	0	0	--  	0	0	--  	          9.47	
000929	兰州黄河	-0.93	18.20	-0.17	18.19	18.20	23669	269	0.00	          1.28	18.37	18.40	17.68	18.37	--  	42888952	  0.84	啤酒	甘肃	3.92	18.12	16298	7370	  2.21	30	91	--  	          1.86	
000932	华菱钢铁	0.39	5.13	0.02	5.13	5.14	94677	1133	0.00	          0.31	5.11	5.13	5.07	5.11	--  	48342568	  0.75	普钢	湖南	1.17	5.11	48778	45899	  1.06	85	3448	--  	         30.15	
000950	*ST建峰	-0.76	9.10	-0.07	9.10	9.11	41291	127	-0.10	          0.69	9.15	9.15	9.00	9.17	--  	37381188	  0.63	农药化肥	重庆	1.64	9.05	24325	16965	  1.43	281	113	--  	          5.99	
000981	银亿股份	--  	10.14	--  	--  	--  	0	0	--  	          0.00	--  	--  	--  	10.14	    43.99	0	  0.00	区域地产	甘肃	0.00	10.14	0	0	--  	0	0	--  	         25.74	
000987	越秀金控	0.29	13.81	0.04	13.80	13.81	37073	384	0.07	          0.69	13.73	13.84	13.66	13.77	    60.23	51041612	  0.63	多元金融	广东	1.31	13.77	19161	17911	  1.07	812	320	--  	          5.38	
001896	豫能控股	2.48	11.98	0.29	11.97	11.98	238082	5978	0.08	          3.60	11.74	11.98	11.39	11.69	    14.00	279503520	  0.91	火力发电	河南	5.05	11.74	104324	133757	  0.78	53	512	--  	          6.62	
002015	霞客环保	0.72	8.40	0.06	8.39	8.40	25772	300	0.00	          0.67	8.30	8.41	8.30	8.34	--  	21556292	  0.86	化纤	江苏	1.32	8.36	10871	14901	  0.73	160	1203	--  	          3.82	
002046	轴研科技	3.23	14.05	0.44	14.05	14.06	138002	4308	0.07	          4.05	13.58	14.05	13.10	13.61	--  	189352752	  1.51	机械基件	河南	6.98	13.72	60716	77286	  0.79	176	471	--  	          3.41	
002053	云南能投	0.17	17.68	0.03	17.68	17.69	35738	252	-0.05	          0.96	17.65	17.80	17.27	17.65	    41.53	62798524	  1.12	食品	云南	3.00	17.57	15333	20405	  0.75	284	219	--  	          3.72	
002077	大港股份	0.38	15.83	0.06	15.82	15.83	29280	350	-0.06	          1.16	15.83	15.86	15.30	15.77	   339.20	45681720	  0.78	区域地产	江苏	3.55	15.60	12985	16294	  0.80	21	125	--  	          2.52	
002091	江苏国泰	1.68	13.96	0.23	13.96	13.97	114770	838	0.07	          2.17	13.75	14.05	13.57	13.73	    52.22	159609024	  2.38	商贸代理	江苏	3.50	13.91	45751	69018	  0.66	190	376	--  	          5.30	
002101	广东鸿图	0.47	23.33	0.11	23.33	23.34	28283	650	0.04	          1.14	23.35	23.80	23.11	23.22	    36.72	66527408	  1.27	机械基件	广东	2.97	23.52	12310	15973	  0.77	143	6	--  	          2.48	
002109	*ST兴化	-0.33	8.99	-0.03	8.98	8.99	78018	2154	0.11	          2.18	8.99	9.09	8.91	9.02	--  	70058504	  0.88	化工原料	陕西	2.00	8.98	47136	30882	  1.53	39	247	--  	          3.58	
002110	三钢闽光	1.43	13.46	0.19	13.46	13.47	128179	2970	0.22	          2.40	13.20	13.46	12.82	13.27	    26.49	169103648	  1.18	普钢	福建	4.82	13.19	61690	66489	  0.93	967	438	--  	          5.35	
002147	新光圆成	0.18	16.25	0.03	16.24	16.25	26705	302	0.06	          1.19	16.20	16.27	16.03	16.22	    35.98	43205044	  0.75	机械基件	安徽	1.48	16.18	14119	12586	  1.12	105	526	--  	          2.24	
002164	宁波东力	9.50	13.71	1.19	13.71	13.72	997461	17136	0.29	         24.08	13.10	13.73	12.10	12.52	   905.51	1282382720	  3.60	电气设备	浙江	13.02	12.86	485204	512257	  0.95	743	4376	--  	          4.14	
002180	艾派克	1.24	28.55	0.35	28.55	28.56	37588	185	0.00	          1.95	28.30	28.77	27.80	28.20	    84.25	106780704	  1.27	电脑设备	广东	3.44	28.41	16120	21468	  0.75	92	149	--  	          1.93	
002235	安妮股份	2.73	16.18	0.43	16.18	16.19	76214	1667	0.12	          3.35	15.79	16.18	15.33	15.75	   455.57	120852992	  1.14	造纸	福建	5.40	15.86	35005	41209	  0.85	731	533	--  	          2.27	
002239	奥特佳	0.86	14.13	0.12	14.13	14.14	94555	622	0.00	          1.63	14.10	14.22	14.08	14.01	    43.79	133873448	  1.27	汽车配件	江苏	1.00	14.16	45369	49185	  0.92	1788	346	--  	          5.81	
002246	北化股份	-0.34	14.86	-0.05	14.86	14.87	91033	2494	0.47	          2.20	14.88	14.89	14.55	14.91	    67.03	134019176	  0.69	化工原料	四川	2.28	14.72	48388	42644	  1.13	409	61	--  	          4.14	
002247	帝龙文化	0.00	16.81	0.00	16.81	16.82	27356	275	-0.05	          0.60	16.90	17.03	16.77	16.81	    41.65	46210008	  0.80	装修装饰	浙江	1.55	16.89	14232	13123	  1.08	202	8	--  	          4.54	
002259	升达林业	0.11	9.11	0.01	9.11	9.12	94149	702	0.00	          1.55	9.03	9.20	8.95	9.10	   537.30	85344840	  0.66	家居用品	四川	2.75	9.06	45848	48301	  0.95	17	323	--  	          6.08	
002260	德奥通航	--  	23.10	--  	--  	--  	0	0	--  	          0.00	--  	--  	--  	23.10	  1453.66	0	  0.00	航空	广东	0.00	23.10	0	0	--  	0	0	--  	          2.65	
002265	西仪股份	0.78	25.93	0.20	25.93	25.94	56091	1674	-0.07	          1.93	25.64	25.96	25.32	25.73	  1805.69	144434400	  0.54	汽车配件	云南	2.49	25.75	29843	26248	  1.14	1112	182	--  	          2.91	
002288	超华科技	-0.39	7.65	-0.03	7.65	7.66	88218	1141	0.00	          1.34	7.62	7.69	7.52	7.68	  1196.59	67324168	  0.77	元器件	广东	2.21	7.63	50266	37951	  1.32	776	590	--  	          6.60	
002297	博云新材	-1.26	13.29	-0.17	13.28	13.29	139130	2139	0.07	          3.51	13.35	13.35	12.97	13.46	--  	183698384	  0.76	矿物制品	湖南	2.82	13.20	77522	61607	  1.26	2550	98	--  	          3.96	
002320	海峡股份	1.41	15.80	0.22	15.80	15.81	27723	689	0.06	          0.65	15.58	15.80	15.31	15.58	    37.38	43355352	  0.75	水运	海南	3.15	15.64	11389	16333	  0.70	541	138	--  	          4.26	
002349	精华制药	-1.00	27.75	-0.28	27.75	27.76	216885	8165	-0.14	          7.27	27.70	28.09	26.69	28.03	    70.67	593376320	  1.25	中成药	江苏	4.99	27.36	110465	106420	  1.04	1142	439	--  	          2.98	
002357	富临运业	2.09	13.70	0.28	13.69	13.70	34738	255	0.00	          1.11	13.46	13.71	13.38	13.42	    28.94	47281556	  1.10	公路	四川	2.46	13.61	9325	25412	  0.37	32	205	--  	          3.13	
002368	太极股份	0.71	32.48	0.23	32.48	32.49	29893	564	-0.03	          0.74	32.37	32.49	32.05	32.25	   156.19	96574768	  0.87	软件服务	北京	1.36	32.31	13689	16203	  0.84	7	110	--  	          4.02	
002383	合众思壮	--  	49.60	--  	--  	--  	0	0	--  	          0.00	--  	--  	--  	49.60	   799.04	0	  0.00	通信设备	北京	0.00	49.60	0	0	--  	0	0	--  	          1.29	
002435	长江润发	-1.79	20.30	-0.37	20.30	20.34	36280	1018	-0.87	          1.97	20.40	20.73	20.30	20.67	   394.77	74344264	  0.74	机械基件	江苏	2.08	20.49	21852	14428	  1.51	88	4	--  	          1.84	
002452	长高集团	0.80	8.80	0.07	8.80	8.81	39239	230	0.00	          1.14	8.75	8.82	8.64	8.73	    50.24	34329312	  0.78	电气设备	湖南	2.06	8.75	15093	24145	  0.63	122	240	--  	          3.43	
002492	恒基达鑫	--  	12.66	--  	--  	--  	0	0	--  	          0.00	--  	--  	--  	12.66	   102.39	0	  0.00	仓储物流	广东	0.00	12.66	0	0	--  	0	0	--  	          2.35	
002530	丰东股份	4.57	34.52	1.51	34.50	34.52	38160	471	0.08	          1.42	33.32	34.84	33.32	33.01	  1244.45	131018528	  3.12	专用机械	江苏	4.60	34.33	18599	19560	  0.95	11	494	--  	          2.68	
002537	海立美达	0.39	30.75	0.12	30.75	30.81	13869	376	0.03	          0.46	30.60	30.98	30.25	30.63	   133.11	42460108	  0.98	汽车整车	山东	2.38	30.61	5393	8476	  0.64	138	42	--  	          3.00	
002544	杰赛科技	-0.33	27.50	-0.09	27.49	27.50	23510	476	0.03	          0.46	27.37	27.58	27.16	27.59	   133.24	64459532	  1.48	软件服务	广东	1.52	27.42	10054	13455	  0.75	9	91	--  	          5.11	
002545	东方铁塔	-0.84	11.84	-0.10	11.84	11.85	45307	1229	-0.08	          1.61	11.83	11.93	11.76	11.94	   145.36	53700660	  0.54	钢加工	山东	1.42	11.85	25886	19420	  1.33	333	857	--  	          2.81	
002558	世纪游轮	-0.02	80.23	-0.02	80.20	80.23	19336	229	-0.02	          3.00	79.98	80.99	79.50	80.25	   127.43	155272432	  0.92	旅游服务	重庆	1.86	80.30	8046	11290	  0.71	32	42	--  	          0.64	
002579	中京电子	-0.33	14.95	-0.05	14.95	14.96	122142	1522	0.13	          3.49	14.78	15.06	14.62	15.00	    44.03	181882560	  0.42	元器件	广东	2.93	14.89	64091	58050	  1.10	703	173	--  	          3.50	
002604	龙力生物	0.37	10.85	0.04	10.84	10.85	61862	484	0.18	          1.43	10.80	10.86	10.60	10.81	    50.25	66520956	  0.88	食品	山东	2.41	10.75	29589	32273	  0.92	424	183	--  	          4.31	
002605	姚记扑克	0.37	16.23	0.06	16.22	16.23	18975	287	0.18	          0.71	16.20	16.24	16.01	16.17	    69.30	30626238	  0.88	文教休闲	上海	1.42	16.14	9068	9906	  0.92	116	268	--  	          2.69	
002631	德尔未来	1.14	18.71	0.21	18.70	18.71	31519	539	0.10	          1.09	18.59	18.78	18.50	18.50	    64.34	58786444	  0.76	家居用品	江苏	1.51	18.65	15790	15729	  1.00	283	382	--  	          2.88	
002654	万润科技	0.17	11.53	0.02	11.52	11.53	40667	935	0.08	          1.04	11.48	11.55	11.33	11.51	    61.00	46548756	  0.74	半导体	深圳	1.91	11.45	17338	23329	  0.74	591	135	--  	          3.90	
002655	共达电声	-0.44	13.49	-0.06	13.49	13.50	98225	940	0.00	          2.73	13.40	13.66	13.37	13.55	   269.68	132701288	  0.69	元器件	山东	2.14	13.51	51352	46873	  1.10	62	318	--  	          3.60	
002682	龙洲股份	1.30	14.01	0.18	14.00	14.01	27956	493	0.21	          1.06	13.76	14.03	13.75	13.83	    96.22	38927420	  0.78	公路	福建	2.02	13.92	11445	16510	  0.69	29	160	--  	          2.63	
002686	亿利达	2.88	16.07	0.45	16.07	16.08	35718	384	0.12	          1.27	15.62	16.30	15.42	15.62	    57.07	56911552	  1.25	专用机械	浙江	5.63	15.93	13758	21960	  0.63	149	225	--  	          2.82	
002759	天际股份	-0.08	26.38	-0.02	26.38	26.39	21034	433	0.00	          2.61	26.32	26.80	26.03	26.40	   225.25	55709272	  0.80	家用电器	广东	2.92	26.49	10760	10273	  1.05	78	100	--  	          0.81	
002771	真视通	2.21	68.88	1.49	68.88	68.89	8159	71	-0.02	          2.26	67.39	69.44	67.02	67.39	    98.31	56002568	  1.70	软件服务	北京	3.59	68.64	4036	4122	  0.98	71	1	--  	          0.36	
300043	星辉娱乐	0.30	9.95	0.03	9.95	9.96	83399	1905	0.00	          1.06	9.91	9.98	9.78	9.92	    25.02	82436928	  1.12	文教休闲	广东	2.02	9.88	43475	39923	  1.09	78	593	--  	          7.89	
300044	赛为智能	--  	20.02	--  	--  	--  	0	0	--  	          0.00	--  	--  	--  	20.02	   155.74	0	  0.00	软件服务	深圳	0.00	20.02	0	0	--  	0	0	--  	          2.36	
300062	中能电气	-0.28	31.69	-0.09	31.68	31.69	17721	162	0.03	          2.14	31.70	31.89	31.34	31.78	    62.90	55848200	  0.74	电气设备	福建	1.73	31.51	9135	8586	  1.06	14	64	--  	          0.83	
300081	恒信移动	3.64	15.94	0.56	15.93	15.94	140397	1731	-0.06	          6.13	15.60	16.20	15.45	15.38	--  	222592608	  1.59	通信设备	河北	4.88	15.85	66446	73951	  0.90	301	1322	--  	          2.29	
300088	长信科技	--  	15.80	--  	--  	--  	0	0	--  	          0.00	--  	--  	--  	15.80	    59.16	0	  0.00	元器件	安徽	0.00	15.80	0	0	--  	0	0	--  	         10.99	
300180	华峰超纤	-2.31	28.33	-0.67	28.28	28.33	26449	439	-0.07	          0.88	28.72	29.17	28.15	29.00	   135.81	75089584	  0.70	化纤	上海	3.52	28.39	13899	12549	  1.11	15	138	--  	          3.00	
300227	光韵达	1.22	24.15	0.29	24.15	24.16	44805	354	0.04	          4.45	24.25	24.44	23.84	23.86	   223.50	108123976	  1.52	元器件	深圳	2.51	24.13	22899	21906	  1.05	140	174	--  	          1.01	
300243	瑞丰高材	1.17	16.37	0.19	16.36	16.37	21160	482	-0.06	          1.60	16.17	16.43	16.00	16.18	   111.47	34318680	  0.67	化工原料	山东	2.66	16.22	10739	10420	  1.03	61	205	--  	          1.33	
300273	和佳股份	0.07	14.96	0.01	14.95	14.96	68556	977	0.00	          1.23	14.99	15.06	14.87	14.95	    38.83	102574376	  0.98	医疗保健	广东	1.27	14.96	41347	27208	  1.52	1061	303	--  	          5.59	
300276	三丰智能	--  	18.15	--  	--  	--  	0	0	--  	          0.00	--  	--  	--  	18.15	   771.16	0	  0.00	专用机械	湖北	0.00	18.15	0	0	--  	0	0	--  	          2.00	
300280	南通锻压	0.39	31.00	0.12	31.00	31.01	16882	571	0.00	          1.32	30.88	31.26	30.61	30.88	   683.79	52304572	  1.03	专用机械	江苏	2.10	30.98	5874	11007	  0.53	7	55	--  	          1.28	
300324	旋极信息	0.93	21.60	0.20	21.60	21.61	54285	391	0.00	          0.94	21.42	22.00	21.36	21.40	    92.75	118002864	  0.83	软件服务	北京	2.99	21.74	28003	26282	  1.07	159	5	--  	          5.79	
300334	津膜科技	0.23	17.35	0.04	17.35	17.36	39118	424	0.05	          1.42	17.35	17.36	17.11	17.31	   180.82	67285248	  1.13	专用机械	天津	1.44	17.20	25155	13963	  1.80	113	109	--  	          2.75	
300340	科恒股份	3.70	61.08	2.18	61.08	61.09	112471	1311	0.11	         13.74	59.56	64.30	58.04	58.90	   924.41	692956800	  0.90	元器件	广东	10.63	61.61	52566	59905	  0.88	35	8	--  	          0.82	
300411	金盾股份	-1.07	38.67	-0.42	38.67	38.68	23352	902	0.70	          3.85	38.91	39.07	37.96	39.09	   145.05	89528472	  1.62	专用机械	浙江	2.84	38.34	12887	10465	  1.23	18	119	--  	          0.61	
300428	四通新材	--  	27.15	--  	--  	--  	0	0	--  	          0.00	--  	--  	--  	27.15	    97.71	0	  0.00	铝	河北	0.00	27.15	0	0	--  	0	0	--  	          0.62	
300432	富临精工	1.17	26.05	0.30	26.05	26.06	74204	1180	0.19	          5.13	25.75	26.55	25.40	25.75	    61.91	193817136	  0.69	汽车配件	四川	4.47	26.12	36519	37685	  0.97	189	38	--  	          1.45	
300434	金石东方	-0.47	36.00	-0.17	36.00	36.18	8820	505	-0.49	          2.59	36.18	36.46	35.70	36.17	   235.54	31893412	  0.94	专用机械	四川	2.10	36.16	4170	4650	  0.90	9	5	--  	          0.34	
300437	清水源	2.86	22.65	0.63	22.64	22.65	25610	293	0.08	          3.23	22.20	22.98	21.81	22.02	   156.18	57804380	  1.98	化工原料	河南	5.31	22.57	11405	14205	  0.80	12	103	--  	          0.79	
300441	鲍斯股份	1.01	24.10	0.24	24.09	24.10	31246	659	0.08	          3.59	23.73	24.24	23.73	23.86	   123.44	75081760	  0.71	机床制造	浙江	2.14	24.03	14466	16780	  0.86	292	332	--  	          0.87	
300459	金科娱乐	-1.62	13.94	-0.23	13.94	13.95	173472	2044	-0.14	          4.50	14.14	14.16	13.75	14.17	   120.91	241255664	  1.03	化工原料	浙江	2.89	13.91	92695	80776	  1.15	183	488	--  	          3.85	
300473	德尔股份	1.65	67.06	1.09	67.05	67.06	10081	165	0.00	          2.16	65.41	67.30	65.22	65.97	    56.06	67235624	  0.93	汽车配件	辽宁	3.15	66.70	5134	4946	  1.04	14	3	--  	          0.47	
300537	广信材料	0.12	42.67	0.05	42.67	42.68	19323	364	0.09	          7.73	42.58	42.77	41.20	42.62	   105.22	81423608	  0.77	染料涂料	江苏	3.68	42.14	9677	9646	  1.00	248	38	--  	          0.25	
600019	宝钢股份	0.44	6.83	0.03	6.83	6.84	554610	163	0.00	          0.25	6.78	6.84	6.68	6.80	    20.23	375211584	  0.82	普钢	上海	2.35	6.77	272666	281943	  0.97	2282	14180	--  	        220.77	
600035	楚天高速	-0.17	5.90	-0.01	5.90	5.91	44777	9	0.00	          0.31	5.86	5.93	5.81	5.91	    23.70	26267398	  1.08	路桥	湖北	2.03	5.87	25624	19152	  1.34	435	786	--  	         14.53	
600070	浙江富润	1.61	13.88	0.22	13.88	13.89	29723	6	0.14	          0.83	13.69	13.93	13.62	13.66	   927.91	40912676	  1.11	纺织	浙江	2.27	13.76	13612	16110	  0.84	46	194	--  	          3.57	
600072	中船科技	0.34	20.91	0.07	20.90	20.91	98747	10	0.14	          2.06	20.74	21.06	20.49	20.84	--  	205816032	  0.43	船舶	上海	2.74	20.84	48247	50499	  0.96	334	37	--  	          4.78	
600078	澄星股份	0.82	7.40	0.06	7.40	7.41	70888	1	0.00	          1.07	7.32	7.41	7.26	7.34	    92.83	52215104	  0.53	化工原料	江苏	2.04	7.37	27164	43723	  0.62	49	1188	--  	          6.63	
600162	香江控股	0.77	3.92	0.03	3.91	3.92	123820	3	0.25	          0.70	3.89	3.92	3.86	3.89	    20.97	48270272	  1.33	全国地产	深圳	1.54	3.90	60879	62941	  0.97	2345	13035	--  	         17.62	
600167	联美控股	2.24	22.82	0.50	22.82	22.85	30473	1	0.13	          2.72	22.34	22.90	21.90	22.32	    22.21	68628008	  1.41	供气供热	辽宁	4.48	22.52	14475	15997	  0.90	829	146	--  	          1.12	
600168	武汉控股	0.57	10.56	0.06	10.55	10.56	35951	10	0.18	          0.51	10.47	10.56	10.40	10.50	    24.92	37752100	  0.73	水务	湖北	1.52	10.50	17696	18255	  0.97	363	407	--  	          7.10	
600200	江苏吴中	0.06	16.70	0.01	16.69	16.70	62011	6	0.36	          0.93	16.58	16.71	16.46	16.69	   149.91	102790056	  0.95	综合类	江苏	1.50	16.58	30579	31431	  0.97	20	56	--  	          6.67	
600211	西藏药业	0.15	53.29	0.08	53.27	53.34	4661	1	-0.11	          0.41	52.88	53.49	52.72	53.21	    49.31	24776008	  0.67	中成药	西藏	1.45	53.16	1735	2925	  0.59	1	9	--  	          1.14	
600227	赤天化	0.27	7.30	0.02	7.29	7.30	80962	11	0.27	          0.85	7.28	7.36	7.18	7.28	--  	58965432	  0.56	农药化肥	贵州	2.47	7.28	41856	39106	  1.07	695	913	--  	          9.50	
600339	*ST油工	2.06	7.44	0.15	7.43	7.44	66053	49	0.13	          1.14	7.29	7.46	7.25	7.29	--  	48793200	  0.93	石油加工	新疆	2.88	7.39	24408	41645	  0.59	310	247	--  	          5.78	
600390	*ST金瑞	0.28	14.53	0.04	14.53	14.54	43077	7	0.13	          0.95	14.47	14.56	14.30	14.49	   420.03	62271880	  0.57	小金属	湖南	1.79	14.46	22960	20117	  1.14	289	116	--  	          4.51	
600392	盛和资源	3.71	13.41	0.48	13.42	13.43	262989	23	0.22	          2.79	12.88	13.48	12.87	12.93	--  	349973920	  1.67	小金属	山西	4.72	13.31	114577	148411	  0.77	14	588	--  	          9.41	
600420	现代制药	2.01	31.54	0.62	31.52	31.53	24881	6	0.09	          0.86	30.92	31.55	30.82	30.92	   119.49	77967904	  1.76	化学制药	上海	2.36	31.34	11543	13338	  0.87	31	19	--  	          2.88	
600429	三元股份	0.37	8.24	0.03	8.24	8.25	46796	120	0.12	          0.53	8.16	8.29	8.13	8.21	    54.07	38435216	  0.96	乳制品	北京	1.95	8.21	26552	20243	  1.31	331	461	--  	          8.85	
600488	天药股份	0.00	6.38	0.00	6.38	6.39	39157	49	0.00	          0.41	6.38	6.40	6.30	6.38	    91.35	24854624	  0.77	化学制药	天津	1.57	6.35	20487	18669	  1.10	60	737	--  	          9.61	
600511	国药股份	1.00	33.45	0.33	33.46	33.47	41963	11	-0.08	          1.51	33.12	33.52	32.92	33.12	    27.60	139768288	  1.28	医药商业	北京	1.81	33.31	10806	31157	  0.35	109	211	--  	          2.78	
600515	海航基础	1.35	12.05	0.16	12.05	12.06	27486	70	0.08	          0.65	11.93	12.10	11.82	11.89	    53.88	32864886	  1.27	百货	海南	2.35	11.96	11250	16235	  0.69	47	157	--  	          4.23	
600577	精达股份	-1.84	6.93	-0.13	6.92	6.93	1663293	212	-0.14	         11.72	6.87	7.20	6.77	7.06	    60.51	1154152320	  1.31	电气设备	安徽	6.09	6.94	859026	804266	  1.07	850	787	--  	         14.19	
600603	*ST兴业	3.06	16.16	0.48	16.16	16.17	30561	10	0.12	          1.57	15.75	16.26	15.62	15.68	--  	49068056	  0.76	综合类	福建	4.08	16.06	12970	17591	  0.74	2	205	--  	          1.95	
600634	中技控股	-0.33	18.17	-0.06	18.16	18.18	71863	2	-0.05	          1.25	18.13	18.42	18.13	18.23	   188.30	130900784	  0.91	互联网	上海	1.59	18.22	51553	20309	  2.54	225	49	--  	          5.76	
600636	三爱富	0.00	13.86	0.00	--  	--  	0	0	0.00	          0.00	--  	--  	--  	13.86	--  	0	  0.00	化工原料	上海	0.00	13.86	0	0	--  	0	0	--  	          4.26	
600640	号百控股	-0.15	19.88	-0.03	19.87	19.88	33460	5	0.15	          0.62	19.93	19.95	19.63	19.91	   477.63	66071160	  0.47	酒店餐饮	上海	1.61	19.75	20339	13120	  1.55	84	174	--  	          5.35	
600682	南京新百	-1.20	36.19	-0.44	36.14	36.19	41212	5	-0.30	          0.57	36.65	36.65	36.00	36.63	--  	149394352	  1.31	百货	江苏	1.77	36.25	27258	13954	  1.95	21	26	--  	          7.26	
600710	*ST常林	--  	0.00	--  	--  	--  	0	0	--  	          0.00	--  	--  	--  	--  	--  	0	  0.00	工程机械	江苏	--  	0.00	0	0	--  	0	0	--  	          6.40	
600721	*ST百花	1.18	18.85	0.22	18.85	18.86	15013	7	-0.15	          0.60	18.62	18.93	18.61	18.63	    54.24	28276484	  0.55	焦炭加工	新疆	1.72	18.83	7756	7257	  1.07	139	119	--  	          2.49	
600729	重庆百货	0.51	27.37	0.14	27.36	27.38	72137	50	0.25	          1.77	27.20	27.54	26.69	27.23	    26.57	195295392	  0.73	百货	重庆	3.12	27.07	39018	33119	  1.18	78	40	--  	          4.06	
600738	兰州民百	0.31	9.83	0.03	9.82	9.83	26027	1	-0.10	          0.71	9.80	9.87	9.72	9.80	    58.07	25588284	  0.52	百货	甘肃	1.53	9.83	10351	15676	  0.66	227	52	--  	          3.68	
600740	山西焦化	1.13	8.02	0.09	8.01	8.02	126074	10	0.12	          1.92	7.93	8.08	7.75	7.93	--  	100328656	  1.28	焦炭加工	山西	4.16	7.96	53812	72261	  0.74	1576	409	--  	          6.57	
600759	洲际油气	-0.37	8.08	-0.03	8.07	8.08	124624	168	0.00	          0.79	8.08	8.09	8.02	8.11	  1562.96	100439608	  0.67	石油开采	海南	0.86	8.06	69457	55167	  1.26	1687	769	--  	         15.81	
600760	中航黑豹	-3.49	33.69	-1.22	33.67	33.69	427403	246	-0.02	         12.39	34.30	38.30	33.50	34.91	   321.79	1509028224	  2.63	汽车整车	山东	13.75	35.31	198514	228888	  0.87	154	62	--  	          3.45	
600771	广誉远	2.78	35.49	0.96	35.49	35.50	32981	100	0.08	          1.35	34.59	35.55	34.45	34.53	   208.54	116289176	  1.62	中成药	青海	3.19	35.26	12799	20182	  0.63	208	312	--  	          2.44	
600781	辅仁药业	0.22	18.57	0.04	18.55	18.59	15087	33	0.05	          0.85	18.55	18.59	18.35	18.53	   121.36	27917660	  0.74	中成药	河南	1.30	18.50	7138	7948	  0.90	36	42	--  	          1.78	
600817	*ST宏盛	-0.53	18.69	-0.10	18.67	18.70	17027	8	-0.26	          1.09	18.70	19.29	18.53	18.79	--  	32247618	  1.01	多元金融	陕西	4.04	18.94	9469	7558	  1.25	10	92	--  	          1.56	
600848	上海临港	-1.56	20.78	-0.33	20.77	20.78	75689	15	0.00	          1.89	20.92	20.99	20.00	21.11	   112.29	155017776	  1.98	园区开发	上海	4.69	20.48	43234	32455	  1.33	127	28	--  	          4.00	
600864	哈投股份	-0.09	10.70	-0.01	10.68	10.69	60411	10	0.46	          1.11	10.60	10.74	10.47	10.71	    45.51	64057816	  0.58	火力发电	黑龙江	2.52	10.60	36488	23922	  1.53	102	74	--  	          5.46	
600880	博瑞传播	1.66	8.57	0.14	8.56	8.57	173659	32	0.11	          2.37	8.45	8.57	8.44	8.43	   155.81	147949232	  0.94	广告包装	四川	1.54	8.52	68922	104737	  0.66	180	444	--  	          7.32	
600882	广泽股份	1.03	10.83	0.11	10.82	10.84	32193	1	-0.09	          0.81	10.80	10.84	10.62	10.72	    94.43	34719328	  1.08	乳制品	上海	2.05	10.78	16371	15821	  1.03	122	225	--  	          3.99	
600890	中房股份	0.00	11.27	0.00	--  	--  	0	0	0.00	          0.00	--  	--  	--  	11.27	--  	0	  0.00	区域地产	北京	0.00	11.27	0	0	--  	0	0	--  	          5.79	
600896	览海投资	0.09	10.73	0.01	10.73	10.74	32754	6	0.00	          0.57	10.72	10.76	10.57	10.72	--  	34963616	  1.16	水运	海南	1.77	10.67	14352	18401	  0.78	11	872	--  	          5.77	
600900	长江电力	0.93	13.02	0.12	13.02	13.03	160446	21	0.07	          0.16	12.95	13.05	12.91	12.90	    13.15	208548224	  0.96	水力发电	北京	1.09	13.00	66314	94132	  0.70	24	1788	--  	         97.46	
600979	广安爱众	0.00	7.92	0.00	--  	--  	0	0	0.00	          0.00	--  	--  	--  	7.92	    33.43	0	  0.00	水力发电	四川	0.00	7.92	0	0	--  	0	0	--  	          7.18	
600982	宁波热电	0.00	5.70	0.00	5.70	5.71	92208	178	0.17	          1.36	5.68	5.71	5.61	5.70	    61.71	52304792	  1.03	供气供热	浙江	1.75	5.67	49980	42228	  1.18	232	1609	--  	          6.76	
600990	四创电子	0.33	74.95	0.25	74.94	74.96	12164	45	0.17	          0.89	75.10	75.86	74.61	74.70	   256.48	91505952	  0.80	通信设备	安徽	1.67	75.23	6595	5569	  1.18	23	14	--  	          1.37	
600995	文山电力	-0.23	13.15	-0.03	13.14	13.15	122646	11	0.00	          2.56	13.09	13.18	12.86	13.18	    32.00	159526832	  0.68	水力发电	云南	2.43	13.01	63124	59521	  1.06	107	9	--  	          4.79	
601001	大同煤业	1.77	6.33	0.11	6.32	6.33	139142	135	0.15	          0.83	6.21	6.40	6.15	6.22	    30.83	87806288	  1.10	煤炭开采	山西	4.02	6.31	61838	77303	  0.80	1923	360	--  	         16.74	
601137	博威合金	2.46	14.14	0.34	14.14	14.15	31873	28	0.14	          0.74	13.78	14.14	13.76	13.80	    41.64	44579944	  0.80	铜	浙江	2.75	13.99	12231	19641	  0.62	94	344	--  	          4.30	
601388	怡球资源	3.19	4.21	0.13	4.20	4.21	315484	497	0.23	          1.56	4.06	4.23	4.06	4.08	--  	131634352	  1.10	铝	江苏	4.17	4.17	108401	207083	  0.52	2208	3608	--  	         20.25	
601877	正泰电器	2.32	20.30	0.46	20.29	20.30	77041	68	0.04	          0.58	19.92	20.33	19.80	19.84	    25.27	154986560	  2.08	电气设备	浙江	2.67	20.12	26481	50559	  0.52	65	328	--  	         13.19	
603128	华贸物流	0.42	9.47	0.04	9.46	9.47	46827	10	0.10	          0.58	9.40	9.48	9.20	9.43	    33.04	43834516	  0.80	仓储物流	上海	2.97	9.36	25394	21433	  1.18	110	563	--  	          8.08	
603869	北部湾旅	1.41	30.19	0.42	30.17	30.18	10269	4	0.00	          1.41	29.78	30.39	29.52	29.77	    84.24	30875388	  0.73	旅游服务	广西	2.92	30.07	5005	5263	  0.95	23	4	--  	          0.73	
数据来源:通达信
