代码	名称	涨幅%%	现价	涨跌	买价	卖价	总量	现量	涨速%%	换手%%	今开	最高	最低	昨收	市盈(动)	总金额	量比	细分行业	地区	振幅%%	均价	内盘	外盘	内外比	买量	卖量	未匹配量	流通股(亿)	
000058	深 赛 格	-0.28	10.61	-0.03	10.61	10.62	36247	518	0.09	          0.67	10.55	10.64	10.51	10.64	   232.57	38363800	  0.77	元器件	深圳	1.22	10.58	19977	16269	  1.23	96	201	--  	          5.38	
000061	农 产 品	-0.09	11.60	-0.01	11.59	11.60	49421	94	0.08	          0.29	11.60	11.64	11.39	11.61	    69.00	56861416	  0.98	农业综合	深圳	2.15	11.51	27020	22401	  1.21	353	147	--  	         16.92	
000415	渤海金控	0.28	7.27	0.02	7.26	7.27	159594	3362	0.00	          0.51	7.22	7.27	7.15	7.25	    23.42	114994928	  0.69	多元金融	新疆	1.66	7.21	87159	72434	  1.20	1196	1698	--  	         31.16	
000419	通程控股	-0.23	8.64	-0.02	8.64	8.65	81265	576	-0.11	          1.50	8.61	8.70	8.35	8.66	    42.39	69693576	  0.42	百货	湖南	4.04	8.58	46550	34715	  1.34	712	257	--  	          5.43	
000421	南京公用	-0.99	9.01	-0.09	9.01	9.02	77999	700	0.00	          1.99	9.10	9.11	8.94	9.10	    30.00	70270024	  1.96	供气供热	江苏	1.87	9.01	49158	28841	  1.70	220	198	--  	          3.92	
000592	平潭发展	-0.16	6.41	-0.01	6.40	6.41	147737	1593	0.15	          0.77	6.43	6.43	6.30	6.42	   435.91	94164696	  1.14	林业	福建	2.02	6.37	85805	61932	  1.39	1210	1358	--  	         19.13	
000626	远大控股	-0.94	23.29	-0.22	23.28	23.29	33468	388	0.00	          0.83	23.59	23.60	23.18	23.51	    27.80	77839792	  1.21	商贸代理	江苏	1.79	23.26	18029	15438	  1.17	435	151	--  	          4.05	
000735	罗 牛 山	-0.42	7.11	-0.03	7.11	7.12	114422	1429	-0.14	          1.30	7.11	7.13	7.01	7.14	    76.65	80903072	  0.46	农业综合	海南	1.68	7.07	68815	45606	  1.51	1969	1391	--  	          8.79	
000828	东莞控股	0.07	13.49	0.01	13.49	13.50	138252	1351	0.07	          1.33	13.28	13.62	13.22	13.48	    16.79	185981184	  1.78	路桥	广东	2.97	13.45	67196	71056	  0.95	40	344	--  	         10.40	
000900	现代投资	0.93	8.65	0.08	8.65	8.66	61182	579	0.11	          0.61	8.54	8.67	8.52	8.57	    12.14	52693472	  0.75	路桥	湖南	1.75	8.61	21716	39466	  0.55	313	1871	--  	         10.10	
002120	韵达股份	0.21	47.47	0.10	47.47	47.48	14703	175	0.02	          1.50	47.40	47.97	46.72	47.37	   587.96	69830376	  0.56	仓储物流	浙江	2.64	47.49	5054	9649	  0.52	1	60	--  	          0.98	
002126	银轮股份	2.09	9.29	0.19	9.29	9.30	173322	3446	0.10	          2.84	9.08	9.32	9.06	9.10	    28.16	159986928	  1.01	汽车配件	浙江	2.86	9.23	77044	96277	  0.80	965	5839	--  	          6.09	
002131	利欧股份	0.47	14.81	0.07	14.80	14.81	186912	2243	0.06	          2.11	14.76	14.87	14.62	14.74	    40.97	275877024	  0.89	互联网	浙江	1.70	14.76	89451	97461	  0.92	629	28	--  	          8.87	
002133	广宇集团	2.04	7.52	0.15	7.51	7.52	117848	3201	0.13	          1.96	7.35	7.52	7.32	7.37	    27.25	87728744	  1.20	全国地产	浙江	2.71	7.44	48045	69802	  0.69	307	57	--  	          6.02	
002178	延华智能	0.71	11.31	0.08	11.30	11.31	142920	2002	-0.17	          2.49	11.16	11.45	11.14	11.23	   155.79	161360496	  1.17	建筑施工	上海	2.76	11.29	50746	92173	  0.55	314	1578	--  	          5.74	
002183	怡 亚 通	1.48	10.99	0.16	10.98	10.99	212643	1216	0.00	          1.01	10.80	11.05	10.72	10.83	    38.33	232177712	  1.41	仓储物流	深圳	3.05	10.92	104900	107743	  0.97	272	2505	--  	         20.98	
002245	澳洋顺昌	0.10	10.36	0.01	10.35	10.36	172564	1381	0.19	          1.90	10.29	10.48	10.13	10.35	    49.18	178201600	  0.66	仓储物流	江苏	3.38	10.33	91462	81101	  1.13	541	358	--  	          9.09	
002250	联化科技	-1.07	15.65	-0.17	15.65	15.66	103342	1235	0.64	          1.88	15.82	15.82	15.29	15.82	    44.38	159603136	  3.14	化工原料	浙江	3.35	15.44	54882	48460	  1.13	336	27	--  	          5.51	
002277	友阿股份	1.05	16.30	0.17	16.29	16.30	290508	3266	0.00	          5.13	16.15	16.52	15.99	16.13	    38.59	472230336	  1.64	百货	湖南	3.29	16.26	134841	155666	  0.87	1280	175	--  	          5.66	
002285	世联行	0.63	7.96	0.05	7.96	7.97	149880	349	-0.12	          0.88	7.91	7.97	7.79	7.91	    32.16	118153024	  0.92	房产服务	深圳	2.28	7.88	83025	66855	  1.24	1696	380	--  	         16.97	
002344	海宁皮城	0.47	10.63	0.05	10.62	10.63	44536	526	0.09	          0.40	10.58	10.65	10.43	10.58	    20.93	47103060	  0.91	商品城	浙江	2.08	10.58	25075	19461	  1.29	477	521	--  	         11.06	
002404	嘉欣丝绸	-0.11	8.92	-0.01	8.91	8.92	51559	880	0.11	          1.29	8.89	8.94	8.79	8.93	    52.62	45666460	  0.87	纺织	浙江	1.68	8.86	22569	28989	  0.78	1	242	--  	          3.99	
002418	康盛股份	-0.42	9.51	-0.04	9.51	9.52	70039	718	0.00	          1.27	9.56	9.58	9.44	9.55	    53.37	66551000	  0.94	机械基件	浙江	1.47	9.50	38396	31643	  1.21	592	691	--  	          5.54	
002522	浙江众成	-0.26	19.15	-0.05	19.15	19.16	155836	1002	0.26	          2.53	19.19	19.58	18.90	19.20	   170.54	300444928	  0.84	塑料	浙江	3.54	19.28	85447	70389	  1.21	34	49	--  	          6.17	
002552	宝鼎科技	-1.73	17.08	-0.30	17.07	17.08	57937	627	0.17	          2.89	17.43	17.43	16.98	17.38	--  	99069008	  1.04	机械基件	浙江	2.59	17.10	33145	24791	  1.34	214	141	--  	          2.00	
002560	通达股份	1.49	12.30	0.18	12.29	12.30	79065	2428	0.16	          2.78	12.20	12.30	12.10	12.12	    57.31	96655632	  0.98	电气设备	河南	1.65	12.22	35204	43861	  0.80	319	1080	--  	          2.84	
002575	群兴玩具	--  	14.79	--  	--  	--  	0	0	--  	          0.00	--  	--  	--  	14.79	   682.16	0	  0.00	文教休闲	广东	0.00	14.79	0	0	--  	0	0	--  	          5.89	
002600	江粉磁材	--  	11.46	--  	--  	--  	0	0	--  	          0.00	--  	--  	--  	11.46	    60.71	0	  0.00	元器件	广东	0.00	11.46	0	0	--  	0	0	--  	          5.13	
002615	哈尔斯	0.11	17.59	0.02	17.55	17.59	20261	175	0.11	          1.31	17.66	17.75	17.31	17.57	    42.57	35670972	  0.91	家居用品	浙江	2.50	17.61	8729	11531	  0.76	40	11	--  	          1.54	
002624	完美世界	1.74	31.50	0.54	31.50	31.51	34997	312	0.15	          1.13	30.97	31.58	30.80	30.96	    43.29	109045936	  1.53	影视音像	浙江	2.52	31.16	18477	16519	  1.12	21	163	--  	          3.09	
002634	棒杰股份	9.90	11.54	1.04	11.53	11.54	885121	5547	-0.08	         34.78	10.59	11.55	10.55	10.50	   135.85	1009515840	  6.15	服饰	浙江	9.52	11.41	522638	362483	  1.44	310	132	--  	          2.54	
002653	海思科	1.59	15.96	0.25	15.95	15.96	18668	849	0.06	          0.41	15.70	15.97	15.55	15.71	    41.49	29454832	  1.07	化学制药	西藏	2.67	15.78	6967	11701	  0.60	230	190	--  	          4.52	
300079	数码视讯	0.00	7.10	0.00	7.09	7.10	147932	1205	0.14	          1.22	7.10	7.12	7.01	7.10	    50.59	104327904	  1.04	通信设备	北京	1.55	7.05	86972	60959	  1.43	2230	2707	--  	         12.08	
300178	腾邦国际	0.24	16.42	0.04	16.42	16.43	35121	476	0.00	          0.66	16.36	16.51	16.16	16.38	    55.40	57428148	  0.86	旅游服务	深圳	2.14	16.35	15130	19991	  0.76	99	46	--  	          5.28	
600012	皖通高速	0.00	14.57	0.00	14.56	14.57	36375	6	0.00	          0.31	14.53	14.80	14.44	14.57	    25.86	53038320	  0.84	路桥	安徽	2.47	14.58	18984	17390	  1.09	78	16	--  	         11.66	
600064	南京高科	0.47	17.28	0.08	17.28	17.29	46534	20	0.05	          0.60	17.16	17.32	17.07	17.20	    11.04	80177504	  0.96	园区开发	江苏	1.45	17.23	21994	24539	  0.90	99	179	--  	          7.72	
600070	浙江富润	1.61	13.88	0.22	13.88	13.89	29723	6	0.14	          0.83	13.69	13.93	13.62	13.66	   927.91	40912676	  1.11	纺织	浙江	2.27	13.76	13612	16110	  0.84	46	194	--  	          3.57	
600095	哈高科	2.33	14.49	0.33	14.48	14.50	327971	6	0.06	          9.08	14.07	14.58	13.95	14.16	--  	466679168	  1.98	区域地产	黑龙江	4.45	14.23	123584	204387	  0.60	746	66	--  	          3.61	
600113	浙江东日	0.55	20.03	0.11	20.03	20.05	59203	3	-0.19	          1.86	19.87	20.14	19.78	19.92	    64.19	118313176	  0.74	区域地产	浙江	1.81	19.98	29620	29582	  1.00	80	36	--  	          3.19	
600119	长江投资	0.36	19.69	0.07	19.69	19.70	49722	1	-0.15	          1.62	19.62	19.75	19.32	19.62	    36.20	97295488	  0.71	仓储物流	上海	2.19	19.57	26146	23575	  1.11	25	207	--  	          3.07	
600120	浙江东方	2.97	30.47	0.88	30.47	30.48	234836	43	0.09	          4.65	29.67	30.58	29.46	29.59	    24.39	706662144	  2.20	商贸代理	浙江	3.79	30.09	109226	125609	  0.87	201	92	--  	          5.05	
600143	金发科技	0.00	7.74	0.00	--  	--  	0	0	0.00	          0.00	--  	--  	--  	7.74	    25.57	0	  0.00	塑料	广东	0.00	7.74	0	0	--  	0	0	--  	         25.60	
600208	新湖中宝	0.00	5.14	0.00	--  	--  	0	0	0.00	          0.00	--  	--  	--  	5.14	    47.74	0	  0.00	全国地产	浙江	0.00	5.14	0	0	--  	0	0	--  	         85.98	
600211	西藏药业	0.15	53.29	0.08	53.27	53.34	4661	1	-0.11	          0.41	52.88	53.49	52.72	53.21	    49.31	24776008	  0.67	中成药	西藏	1.45	53.16	1735	2925	  0.59	1	9	--  	          1.14	
600237	铜峰电子	2.72	7.94	0.21	7.94	7.95	159851	13	0.50	          2.83	7.73	8.00	7.55	7.73	--  	124287728	  1.91	元器件	安徽	5.82	7.78	71604	88246	  0.81	169	446	--  	          5.64	
600305	恒顺醋业	0.98	11.39	0.11	11.39	11.40	36985	9	-0.08	          0.61	11.28	11.45	11.18	11.28	    44.00	41891388	  1.18	食品	江苏	2.39	11.33	15218	21767	  0.70	93	396	--  	          6.03	
600327	大东方	0.95	9.60	0.09	9.59	9.60	58634	100	0.00	          1.12	9.57	9.64	9.53	9.51	    23.49	56251056	  0.88	百货	江苏	1.16	9.59	23775	34859	  0.68	43	689	--  	          5.22	
600330	天通股份	0.47	10.75	0.05	10.75	10.76	77399	2	-0.18	          0.94	10.70	10.80	10.60	10.70	    61.68	83003456	  0.67	元器件	浙江	1.87	10.72	37338	40060	  0.93	50	361	--  	          8.20	
600400	红豆股份	0.00	8.56	0.00	--  	--  	0	0	0.00	          0.00	--  	--  	--  	8.56	   109.30	0	  0.00	服饰	江苏	0.00	8.56	0	0	--  	0	0	--  	         11.21	
600415	小商品城	-0.79	7.56	-0.06	7.55	7.56	182703	6	0.00	          0.34	7.62	7.63	7.40	7.62	    37.15	137443600	  1.14	商品城	浙江	3.02	7.52	78057	104645	  0.75	1478	296	--  	         54.43	
600491	龙元建设	1.95	12.03	0.23	12.02	12.03	189753	65	0.16	          2.00	11.84	12.06	11.72	11.80	    55.80	226208096	  2.09	建筑施工	浙江	2.88	11.92	76195	113557	  0.67	125	662	--  	          9.48	
600527	江南高纤	-0.16	6.27	-0.01	6.26	6.27	83821	1	0.00	          1.05	6.27	6.28	6.21	6.28	   183.22	52363292	  0.82	化纤	江苏	1.11	6.25	47460	36361	  1.31	169	480	--  	          8.02	
600533	栖霞建设	-0.36	5.50	-0.02	5.51	5.52	89448	143	-0.18	          0.85	5.53	5.54	5.44	5.52	    92.85	49175920	  1.11	区域地产	江苏	1.81	5.50	60491	28957	  2.09	97	358	--  	         10.50	
600535	天士力	0.80	39.21	0.31	39.19	39.22	55189	2	0.07	          0.53	38.85	39.24	38.52	38.90	    31.68	214786736	  1.00	中成药	天津	1.85	38.92	27316	27872	  0.98	99	8	--  	         10.33	
600572	康恩贝	1.17	6.94	0.08	6.93	6.94	75868	10	0.14	          0.37	6.85	6.94	6.79	6.86	    29.03	52203120	  1.59	中成药	浙江	2.19	6.88	34643	41225	  0.84	223	588	--  	         20.58	
600596	新安股份	0.90	10.10	0.09	10.10	10.11	122862	71	0.00	          1.81	10.00	10.17	9.74	10.01	--  	122119752	  0.62	农药化肥	浙江	4.30	9.94	56846	66015	  0.86	425	121	--  	          6.79	
600606	绿地控股	2.07	8.88	0.18	8.87	8.88	1188561	63	0.11	          3.69	8.68	8.94	8.62	8.70	    13.69	1047033536	  2.45	全国地产	上海	3.68	8.81	554063	634497	  0.87	2603	6404	--  	         32.23	
600611	大众交通	0.31	6.39	0.02	6.38	6.39	60984	8	0.00	          0.39	6.37	6.39	6.32	6.37	    26.11	38802464	  0.71	公共交通	上海	1.10	6.36	36730	24253	  1.51	1063	2867	--  	         15.63	
600614	鹏起科技	0.93	12.97	0.12	12.97	12.98	194954	21	0.15	          1.65	12.88	13.13	12.74	12.85	    87.15	253360496	  0.65	综合类	上海	3.04	13.00	96774	98179	  0.99	278	455	--  	         11.80	
600679	上海凤凰	0.84	35.84	0.30	35.84	35.86	57044	26	0.33	          3.06	35.40	35.88	35.00	35.54	   314.65	202522688	  0.68	文教休闲	上海	2.48	35.50	27366	29678	  0.92	87	1	--  	          1.87	
600728	佳都科技	0.88	9.22	0.08	9.22	9.23	422245	10	0.21	          3.18	9.21	9.48	9.15	9.14	 10281.79	392564960	  1.40	软件服务	广东	3.61	9.30	214433	207811	  1.03	1448	635	--  	         13.29	
600767	运盛医疗	-0.36	14.03	-0.05	13.99	14.00	114866	43	1.08	          3.37	14.00	14.24	12.90	14.08	--  	155823840	  1.60	医疗保健	上海	9.52	13.57	57574	57292	  1.00	4	330	--  	          3.41	
600773	西藏城投	2.04	13.02	0.26	13.02	13.03	104923	25	0.07	          1.44	12.80	13.10	12.70	12.76	   162.61	135851184	  1.24	区域地产	西藏	3.13	12.95	42674	62248	  0.69	56	580	--  	          7.29	
600777	新潮能源	0.00	3.66	0.00	3.65	3.66	268247	100	0.27	          1.13	3.67	3.68	3.64	3.66	--  	98016064	  1.26	综合类	山东	1.09	3.65	127121	141126	  0.90	8821	1692	--  	         23.77	
600784	鲁银投资	-0.32	9.44	-0.03	9.42	9.43	201796	105	0.53	          3.55	9.43	9.57	9.12	9.47	   128.57	187415488	  1.45	普钢	山东	4.75	9.29	94928	106867	  0.89	57	74	--  	          5.68	
600787	中储股份	0.44	9.20	0.04	9.18	9.19	138902	333	0.10	          0.75	9.17	9.21	9.05	9.16	    35.26	127162176	  0.83	仓储物流	天津	1.75	9.15	71819	67083	  1.07	405	168	--  	         18.60	
600830	香溢融通	1.18	12.02	0.14	12.03	12.04	95841	140	-0.08	          2.11	11.84	12.05	11.79	11.88	    50.55	114159832	  0.81	多元金融	浙江	2.19	11.91	44835	51005	  0.88	999	844	--  	          4.54	
600851	海欣股份	-0.61	11.48	-0.07	11.48	11.49	26023	24	0.17	          0.35	11.60	11.60	11.43	11.55	    65.12	29887424	  1.08	纺织	上海	1.47	11.49	17573	8449	  2.08	100	135	--  	          7.38	
600872	中炬高新	4.38	15.73	0.66	15.73	15.74	109959	16	0.19	          1.38	15.08	15.74	15.05	15.07	    36.71	169725616	  1.45	食品	广东	4.58	15.44	46670	63288	  0.74	61	1615	--  	          7.97	
601515	东风股份	1.60	12.05	0.19	12.04	12.05	18936	40	0.00	          0.17	11.90	12.11	11.83	11.86	    22.34	22726528	  1.18	广告包装	广东	2.36	12.00	7576	11359	  0.67	11	6	--  	         11.12	
601567	三星医疗	0.92	12.13	0.11	12.14	12.15	23234	2	0.08	          0.23	12.02	12.18	11.89	12.02	    35.81	27964120	  1.27	电器仪表	浙江	2.41	12.04	9158	14075	  0.65	3	131	--  	         10.15	
601678	滨化股份	3.47	7.16	0.24	7.14	7.15	186435	10	0.13	          1.57	6.92	7.17	6.87	6.92	    23.71	131714928	  1.62	化工原料	山东	4.34	7.06	57849	128586	  0.45	276	37	--  	         11.88	
数据来源:通达信
