代码	名称	涨幅%%	现价	涨跌	买价	卖价	总量	现量	涨速%%	换手%%	今开	最高	最低	昨收	市盈(动)	总金额	量比	细分行业	地区	振幅%%	均价	内盘	外盘	内外比	买量	卖量	未匹配量	流通股(亿)	
000008	神州高铁	1.17	8.67	0.10	8.67	8.68	91970	1337	0.00	          0.46	8.57	8.74	8.42	8.57	    84.21	78601520	  1.63	运输设备	北京	3.73	8.55	44883	47086	  0.95	525	1208	--  	         19.95	
000065	北方国际	1.67	31.03	0.51	31.03	31.04	28485	451	0.03	          0.71	30.52	31.15	30.05	30.52	    74.91	87849824	  0.82	建筑施工	北京	3.60	30.84	13633	14851	  0.92	34	92	--  	          4.01	
000595	宝塔实业	0.68	10.34	0.07	10.34	10.35	730315	13545	0.00	         14.75	10.05	10.52	9.93	10.27	--  	751340736	  0.76	机械基件	宁夏	5.74	10.29	371549	358766	  1.04	5377	7692	--  	          4.95	
000609	绵石投资	-1.04	19.89	-0.21	19.89	19.90	35988	781	0.25	          1.35	20.05	20.09	19.50	20.10	    35.49	71383256	  0.38	区域地产	北京	2.94	19.84	20509	15478	  1.33	417	133	--  	          2.66	
000629	*ST钒钛	0.79	2.55	0.02	2.54	2.55	295133	5655	0.39	          0.62	2.53	2.55	2.51	2.53	--  	74807904	  0.60	普钢	四川	1.58	2.53	150296	144836	  1.04	15799	50981	--  	         47.67	
000887	中鼎股份	-1.52	24.65	-0.38	24.64	24.65	148778	2590	0.08	          1.34	25.01	25.01	24.51	25.03	    28.57	367271296	  1.28	橡胶	安徽	2.00	24.69	95377	53401	  1.79	244	216	--  	         11.14	
000898	鞍钢股份	2.45	5.86	0.14	5.85	5.86	255998	2793	0.17	          0.42	5.73	5.86	5.64	5.72	    32.55	147724160	  1.17	普钢	辽宁	3.85	5.77	79414	176583	  0.45	1488	3896	--  	         61.49	
000920	南方汇通	0.13	15.08	0.02	15.08	15.09	53897	560	0.39	          1.28	15.09	15.09	14.86	15.06	    58.96	80645920	  1.49	环境保护	贵州	1.53	14.96	24885	29011	  0.86	45	114	--  	          4.22	
000925	众合科技	0.54	24.15	0.13	24.15	24.16	59738	1868	-0.12	          1.96	23.82	24.47	23.82	24.02	--  	144512480	  0.84	专用机械	浙江	2.71	24.19	31061	28677	  1.08	181	194	--  	          3.06	
000967	盈峰环境	0.32	15.65	0.05	15.65	15.66	48623	538	0.12	          1.09	15.51	15.78	15.40	15.60	    52.53	75776632	  0.76	电气设备	浙江	2.44	15.58	22408	26214	  0.85	272	302	--  	          4.45	
000976	春晖股份	-0.51	9.85	-0.05	9.85	9.86	126503	1517	0.20	          2.16	9.94	10.00	9.80	9.90	   105.01	124787096	  1.06	化纤	广东	2.02	9.86	82849	43654	  1.90	976	430	--  	          5.87	
002011	盾安环境	0.32	9.55	0.03	9.54	9.55	27490	192	-0.10	          0.33	9.53	9.57	9.43	9.52	   115.74	26167094	  0.61	工程机械	浙江	1.47	9.52	13365	14124	  0.95	271	79	--  	          8.40	
002046	轴研科技	3.23	14.05	0.44	14.05	14.06	138002	4308	0.07	          4.05	13.58	14.05	13.10	13.61	--  	189352752	  1.51	机械基件	河南	6.98	13.72	60716	77286	  0.79	176	471	--  	          3.41	
002122	天马股份	0.18	11.16	0.02	11.16	11.17	68051	1020	0.00	          0.62	11.14	11.25	10.96	11.14	   349.06	75538704	  0.57	机械基件	浙江	2.60	11.10	33792	34258	  0.99	653	1297	--  	         10.92	
002152	广电运通	0.39	12.89	0.05	12.88	12.89	100315	444	0.00	          0.78	12.78	12.91	12.70	12.84	    30.87	128738552	  1.36	电脑设备	广东	1.64	12.83	64157	36157	  1.77	300	14	--  	         12.87	
002161	远 望 谷	0.93	10.83	0.10	10.82	10.83	52861	1281	0.00	          0.76	10.75	10.84	10.60	10.73	--  	56912048	  0.95	通信设备	深圳	2.24	10.77	22710	30151	  0.75	418	486	--  	          6.98	
002248	华东数控	--  	10.84	--  	--  	--  	0	0	--  	          0.00	--  	--  	--  	10.84	--  	0	  0.00	机床制造	山东	0.00	10.84	0	0	--  	0	0	--  	          2.37	
002271	东方雨虹	2.36	26.85	0.62	26.84	26.85	90436	603	0.03	          1.61	26.26	27.17	25.85	26.23	    24.66	241572784	  1.60	其他建材	北京	5.03	26.71	42496	47940	  0.89	61	193	--  	          5.61	
002282	博深工具	--  	13.80	--  	--  	--  	0	0	--  	          0.00	--  	--  	--  	13.80	   252.38	0	  0.00	轻工机械	河北	0.00	13.80	0	0	--  	0	0	--  	          1.88	
002296	辉煌科技	0.61	14.83	0.09	14.82	14.83	28759	213	0.13	          0.91	14.82	14.87	14.51	14.74	    73.66	42374928	  0.91	通信设备	河南	2.44	14.73	14409	14349	  1.00	110	480	--  	          3.16	
002298	中电鑫龙	-0.07	13.41	-0.01	13.41	13.42	54236	1282	0.07	          1.38	13.40	13.45	13.24	13.42	    68.41	72527448	  1.07	软件服务	安徽	1.56	13.37	32056	22179	  1.45	105	252	--  	          3.92	
002361	神剑股份	1.11	8.21	0.09	8.21	8.22	176832	3711	0.00	          3.06	8.12	8.28	8.05	8.12	    49.35	144625152	  0.92	化工原料	安徽	2.83	8.18	89462	87370	  1.02	55	1004	--  	          5.77	
002480	新筑股份	0.30	10.09	0.03	10.08	10.09	55747	690	0.09	          0.89	10.06	10.12	9.98	10.06	   892.64	56095036	  0.79	机械基件	四川	1.39	10.06	24070	31676	  0.76	464	1080	--  	          6.26	
002501	利源精制	1.57	12.30	0.19	12.29	12.30	161191	2691	0.24	          2.39	12.11	12.37	11.99	12.11	    26.93	197030096	  0.85	铝	吉林	3.14	12.22	59577	101614	  0.59	1077	424	--  	          6.75	
300001	特锐德	0.06	17.81	0.01	17.81	17.82	43832	498	0.11	          0.52	17.62	17.97	17.59	17.80	   105.28	77950672	  0.54	电气设备	山东	2.13	17.78	24539	19293	  1.27	20	106	--  	          8.46	
300011	鼎汉技术	-0.21	19.20	-0.04	19.19	19.20	33093	220	0.10	          0.89	19.25	19.30	18.95	19.24	   122.53	63253184	  1.50	运输设备	北京	1.82	19.11	21067	12026	  1.75	45	68	--  	          3.74	
300024	机器人	1.62	22.55	0.36	22.55	22.56	278703	2368	0.04	          1.84	22.38	22.88	22.30	22.19	    85.65	631489984	  0.60	专用机械	辽宁	2.61	22.66	132967	145736	  0.91	1372	850	--  	         15.14	
300044	赛为智能	--  	20.02	--  	--  	--  	0	0	--  	          0.00	--  	--  	--  	20.02	   155.74	0	  0.00	软件服务	深圳	0.00	20.02	0	0	--  	0	0	--  	          2.36	
300045	华力创通	-0.63	14.24	-0.09	14.23	14.24	49479	615	0.21	          1.39	14.33	14.33	14.00	14.33	   253.77	69734712	  1.52	电脑设备	北京	2.30	14.09	29761	19718	  1.51	18	105	--  	          3.57	
300062	中能电气	-0.28	31.69	-0.09	31.68	31.69	17721	162	0.03	          2.14	31.70	31.89	31.34	31.78	    62.90	55848200	  0.74	电气设备	福建	1.73	31.51	9135	8586	  1.06	14	64	--  	          0.83	
300095	华伍股份	2.96	13.92	0.40	13.91	13.92	40699	833	0.43	          1.73	13.49	13.98	13.38	13.52	   113.08	56196364	  1.60	机械基件	江西	4.44	13.81	17735	22964	  0.77	244	215	--  	          2.35	
300150	世纪瑞尔	--  	9.97	--  	--  	--  	0	0	--  	          0.00	--  	--  	--  	9.97	--  	0	  0.00	软件服务	北京	0.00	9.97	0	0	--  	0	0	--  	          3.27	
300200	高盟新材	-1.88	17.26	-0.33	17.26	17.27	40481	549	0.00	          1.99	17.30	17.48	16.70	17.59	    53.33	69077168	  1.65	化工原料	北京	4.43	17.06	17198	23282	  0.74	164	196	--  	          2.03	
300213	佳讯飞鸿	1.68	24.25	0.40	24.24	24.25	44313	990	0.12	          2.84	23.86	24.25	23.61	23.85	    71.30	106464360	  0.85	通信设备	北京	2.68	24.03	21336	22977	  0.93	109	189	--  	          1.56	
300320	海达股份	-0.18	16.82	-0.03	16.81	16.82	15552	156	0.05	          0.66	16.85	16.88	16.59	16.85	    61.18	26044414	  1.10	橡胶	江苏	1.72	16.75	8066	7485	  1.08	13	11	--  	          2.37	
300351	永贵电器	0.04	24.04	0.01	24.03	24.04	20000	590	0.16	          1.02	24.01	24.05	23.81	24.03	    64.79	47891864	  0.87	元器件	浙江	1.00	23.95	10931	9069	  1.21	222	299	--  	          1.96	
300367	东方网力	--  	20.04	--  	--  	--  	0	0	--  	          0.00	--  	--  	--  	20.04	   116.32	0	  0.00	电脑设备	北京	0.00	20.04	0	0	--  	0	0	--  	          3.94	
300407	凯发电气	2.00	18.38	0.36	18.38	18.39	21421	306	0.16	          1.59	17.92	18.43	17.70	18.02	    38.69	38960848	  1.49	电气设备	天津	4.05	18.19	7551	13870	  0.54	55	181	--  	          1.35	
300411	金盾股份	-1.07	38.67	-0.42	38.67	38.68	23352	902	0.70	          3.85	38.91	39.07	37.96	39.09	   145.05	89528472	  1.62	专用机械	浙江	2.84	38.34	12887	10465	  1.23	18	119	--  	          0.61	
300427	红相电力	-1.56	25.84	-0.41	25.83	25.84	102377	1978	0.19	         10.28	26.35	26.57	25.32	26.25	   385.45	263591360	  0.83	电气设备	福建	4.76	25.75	57515	44861	  1.28	83	713	--  	          1.00	
300440	运达科技	--  	26.43	--  	--  	--  	0	0	--  	          0.00	--  	--  	--  	26.43	    59.98	0	  0.00	软件服务	四川	0.00	26.43	0	0	--  	0	0	--  	          1.01	
300446	乐凯新材	9.99	39.09	3.55	39.09	--  	74032	1034	0.00	          9.83	35.60	39.09	35.60	35.54	    44.46	282037728	  4.11	化工原料	河北	9.82	38.10	41385	32646	  1.27	16741	0	--  	          0.75	
300455	康拓红外	0.52	21.43	0.11	21.43	21.44	14290	146	0.04	          1.61	21.25	21.55	21.13	21.32	   123.26	30550880	  0.64	运输设备	北京	1.97	21.38	6545	7745	  0.85	68	120	--  	          0.89	
300462	华铭智能	1.02	32.75	0.33	32.75	32.78	14940	194	-0.12	          2.72	32.31	32.90	32.28	32.42	    86.78	48606796	  0.56	专用机械	上海	1.91	32.53	6992	7948	  0.88	45	13	--  	          0.55	
300477	合纵科技	-1.18	20.03	-0.24	20.03	20.04	47935	789	0.04	          3.95	20.20	20.25	19.61	20.27	    89.71	95412008	  0.86	电气设备	北京	3.16	19.90	29986	17949	  1.67	271	363	--  	          1.21	
600010	包钢股份	-0.32	3.10	-0.01	3.10	3.11	677109	23	0.00	          0.43	3.11	3.12	3.08	3.11	   321.75	209445120	  1.04	普钢	内蒙	1.29	3.09	440420	236689	  1.86	22101	23067	--  	        157.42	
600169	太原重工	-0.23	4.42	-0.01	4.41	4.42	173514	28	-0.22	          0.72	4.43	4.46	4.38	4.43	--  	76734912	  0.73	工程机械	山西	1.81	4.42	91819	81695	  1.12	3703	997	--  	         24.24	
600268	国电南自	-0.24	8.22	-0.02	8.22	8.23	107010	10	0.00	          1.68	8.24	8.29	8.11	8.24	--  	87615936	  1.42	电气设备	江苏	2.18	8.19	63180	43830	  1.44	112	365	--  	          6.35	
600416	湘电股份	1.89	17.23	0.32	17.22	17.23	170118	60	0.34	          2.42	16.90	17.39	16.84	16.91	   125.36	292364608	  1.21	电气设备	湖南	3.25	17.19	77617	92501	  0.84	7	242	--  	          7.03	
600458	时代新材	0.63	14.38	0.09	14.38	14.39	39914	20	0.06	          0.60	14.28	14.39	14.11	14.29	    42.46	56967520	  0.77	塑料	湖南	1.96	14.27	21603	18311	  1.18	18	567	--  	          6.61	
600495	晋西车轴	0.37	8.06	0.03	8.05	8.06	161517	305	0.24	          1.34	8.02	8.06	7.95	8.03	   361.43	129420048	  0.88	运输设备	山西	1.37	8.01	77405	84111	  0.92	672	906	--  	         12.08	
600498	烽火通信	1.46	26.46	0.38	26.46	26.47	97151	10	0.03	          0.98	25.91	26.62	25.76	26.08	    39.10	255514592	  0.85	通信设备	湖北	3.30	26.30	41641	55509	  0.75	32	48	--  	          9.96	
600525	长园集团	3.98	16.20	0.62	16.20	16.21	226837	238	0.18	          2.04	15.56	16.55	15.40	15.58	    35.32	368084128	  1.82	电气设备	深圳	7.38	16.23	98016	128820	  0.76	2	96	--  	         11.12	
600528	中铁工业	0.66	15.29	0.10	15.29	15.30	258821	13	0.13	          1.77	15.09	15.35	14.88	15.19	   183.81	392024128	  0.76	建筑施工	四川	3.09	15.15	121033	137787	  0.88	1045	1601	--  	         14.59	
600562	国睿科技	0.12	33.54	0.04	33.53	33.54	23018	4	0.05	          0.70	33.48	33.65	33.25	33.50	    90.41	77030976	  0.71	通信设备	江苏	1.19	33.47	12897	10120	  1.27	99	11	--  	          3.28	
600580	卧龙电气	0.93	8.72	0.08	8.71	8.72	34329	23	0.22	          0.31	8.63	8.73	8.60	8.64	    55.98	29796320	  0.72	电气设备	浙江	1.50	8.68	13850	20479	  0.68	108	135	--  	         11.11	
600592	龙溪股份	5.32	17.43	0.88	17.43	17.49	212170	504	0.46	          5.31	16.66	17.52	16.52	16.55	--  	362430400	  0.91	机械基件	福建	6.04	17.08	89792	122378	  0.73	47	152	--  	          4.00	
600728	佳都科技	0.88	9.22	0.08	9.22	9.23	422245	10	0.21	          3.18	9.21	9.48	9.15	9.14	 10281.79	392564960	  1.40	软件服务	广东	3.61	9.30	214433	207811	  1.03	1448	635	--  	         13.29	
600765	中航重机	0.76	15.91	0.12	15.88	15.90	81607	8	-0.18	          1.05	15.79	15.95	15.72	15.79	    85.40	129504056	  0.58	机械基件	贵州	1.46	15.87	39529	42077	  0.94	65	22	--  	          7.78	
600787	中储股份	0.44	9.20	0.04	9.18	9.19	138902	333	0.10	          0.75	9.17	9.21	9.05	9.16	    35.26	127162176	  0.83	仓储物流	天津	1.75	9.15	71819	67083	  1.07	405	168	--  	         18.60	
600808	马钢股份	1.51	3.37	0.05	3.37	3.38	486955	139	0.00	          0.82	3.31	3.38	3.27	3.32	    25.63	162916464	  0.93	普钢	安徽	3.31	3.35	254986	231968	  1.10	2051	16530	--  	         59.68	
600820	隧道股份	0.36	11.23	0.04	11.23	11.24	320296	4	0.26	          1.02	11.16	11.24	10.99	11.19	    25.24	356230560	  1.17	建筑施工	上海	2.23	11.12	152583	167713	  0.91	270	2323	--  	         31.44	
600967	北方创业	1.42	14.30	0.20	14.30	14.31	129591	200	0.14	          1.57	13.91	14.33	13.91	14.10	--  	183726608	  0.91	运输设备	内蒙	2.98	14.18	59574	70016	  0.85	5	853	--  	          8.23	
600973	宝胜股份	2.20	8.82	0.19	8.82	8.83	122522	19	0.00	          1.85	8.63	8.83	8.50	8.63	    33.61	106853400	  0.82	电气设备	江苏	3.82	8.72	50480	72042	  0.70	160	2151	--  	          6.63	
601002	晋亿实业	1.10	9.18	0.10	9.18	9.19	75662	10	0.00	          0.95	9.08	9.19	9.00	9.08	   123.40	69025160	  0.66	机械基件	浙江	2.09	9.12	31006	44655	  0.69	30	759	--  	          7.93	
601186	中国铁建	0.72	12.56	0.09	12.54	12.56	447425	1086	0.23	          0.39	12.41	12.63	12.35	12.47	    14.02	560066560	  1.10	建筑施工	北京	2.25	12.52	225166	222259	  1.01	269	104	--  	        115.03	
601390	中国中铁	0.23	8.72	0.02	8.72	8.73	357894	39	0.00	          0.20	8.69	8.74	8.61	8.70	    16.16	310787520	  1.03	建筑施工	北京	1.49	8.68	166293	191601	  0.87	927	7280	--  	        183.28	
601677	明泰铝业	0.83	14.57	0.12	14.56	14.57	33595	66	0.00	          0.70	14.45	14.58	14.24	14.45	    27.65	48425480	  0.84	铝	河南	2.35	14.41	16735	16860	  0.99	33	334	--  	          4.78	
601766	中国中车	0.70	10.12	0.07	10.11	10.12	446979	135	0.09	          0.20	10.04	10.13	9.95	10.05	    28.97	448835456	  1.00	运输设备	北京	1.79	10.04	199533	247445	  0.81	1822	4502	--  	        229.18	
601800	中国交建	1.64	17.37	0.28	17.34	17.35	271445	18	0.05	          0.23	17.01	17.40	16.82	17.09	    18.69	468564128	  1.12	建筑施工	北京	3.39	17.26	122000	149445	  0.82	187	33	--  	        117.47	
603100	川仪股份	0.61	14.83	0.09	14.82	14.83	19091	16	0.06	          0.83	14.68	14.84	14.53	14.74	    46.04	28083220	  0.53	电器仪表	重庆	2.10	14.71	7738	11352	  0.68	114	71	--  	          2.31	
603111	康尼机电	0.00	14.70	0.00	--  	--  	0	0	0.00	          0.00	--  	--  	--  	14.70	    47.00	0	  0.00	运输设备	江苏	0.00	14.70	0	0	--  	0	0	--  	          3.84	
603508	思维列控	0.27	66.41	0.18	66.42	66.43	10812	5	0.01	          1.66	66.23	66.47	65.06	66.23	    74.55	71087512	  0.75	软件服务	河南	2.13	65.75	5927	4885	  1.21	15	1	--  	          0.65	
603969	银龙股份	0.35	14.46	0.05	14.46	14.47	19767	13	-0.06	          1.30	14.38	14.51	14.16	14.41	    43.69	28406488	  0.51	其他建材	天津	2.43	14.37	11317	8449	  1.34	21	48	--  	          1.53	
数据来源:通达信
