代码	名称	涨幅%%	现价	涨跌	买价	卖价	总量	现量	涨速%%	换手%%	今开	最高	最低	昨收	市盈(动)	总金额	量比	细分行业	地区	振幅%%	均价	内盘	外盘	内外比	买量	卖量	未匹配量	流通股(亿)	
000009	中国宝安	0.41	9.75	0.04	9.74	9.75	192589	2225	0.20	          0.91	9.66	9.77	9.62	9.71	    74.71	186969376	  0.79	综合类	深圳	1.54	9.71	93919	98669	  0.95	6003	2316	--  	         21.20	
000049	德赛电池	9.99	51.19	4.65	51.19	--  	103259	118	0.00	          5.03	47.30	51.19	47.30	46.54	    59.09	513457216	  3.10	电气设备	深圳	8.36	49.73	53099	50160	  1.06	14896	0	--  	          2.05	
000413	东旭光电	--  	10.21	--  	--  	--  	0	0	--  	          0.00	--  	--  	--  	10.21	    47.18	0	  0.00	元器件	河北	0.00	10.21	0	0	--  	0	0	--  	         29.89	
000559	万向钱潮	0.87	12.74	0.11	12.73	12.74	82183	3027	0.31	          0.36	12.67	12.74	12.51	12.63	    35.06	103723376	  0.79	汽车配件	浙江	1.82	12.62	42323	39860	  1.06	520	1685	--  	         22.90	
000571	新大洲Ａ	-0.26	7.65	-0.02	7.65	7.66	44935	561	-0.13	          0.61	7.65	7.69	7.59	7.67	    72.27	34370816	  0.84	煤炭开采	海南	1.30	7.65	24497	20438	  1.20	647	427	--  	          7.36	
000636	风华高科	2.00	10.72	0.21	10.72	10.73	153875	926	-0.09	          1.89	10.56	10.78	10.43	10.51	    65.01	163933632	  1.06	元器件	广东	3.33	10.65	66422	87452	  0.76	1708	258	--  	          8.13	
000733	振华科技	--  	18.82	--  	--  	--  	0	0	--  	          0.00	--  	--  	--  	18.82	    40.60	0	  0.00	元器件	贵州	0.00	18.82	0	0	--  	0	0	--  	          4.29	
000760	斯太尔	1.18	10.26	0.12	10.26	10.27	115293	1583	-0.29	          1.76	10.08	10.68	9.91	10.14	--  	118704840	  1.37	汽车配件	湖北	7.59	10.30	50721	64572	  0.79	53	403	--  	          6.54	
000762	西藏矿业	0.56	18.04	0.10	18.03	18.04	97704	854	0.16	          2.05	17.82	18.05	17.51	17.94	   546.71	173939984	  0.75	小金属	西藏	3.01	17.80	50863	46840	  1.09	17	1015	--  	          4.76	
000839	中信国安	7.67	11.51	0.82	11.50	11.51	2803002	44176	0.00	          7.15	10.69	11.75	10.60	10.69	   154.55	3128976640	  1.62	综合类	北京	10.76	11.16	1175230	1627772	  0.72	7664	20819	--  	         39.19	
000913	*ST钱江	-1.83	17.75	-0.33	17.75	17.78	22819	762	-0.39	          0.50	18.04	18.04	17.71	18.08	   109.51	40745684	  0.77	摩托车	浙江	1.83	17.86	14290	8528	  1.68	266	1	--  	          4.53	
000962	*ST东钽	0.45	13.26	0.06	13.25	13.26	80417	2215	0.15	          1.82	13.06	13.31	12.96	13.20	   201.53	105832152	  0.95	小金属	宁夏	2.65	13.16	39943	40474	  0.99	845	252	--  	          4.41	
000969	安泰科技	0.19	10.79	0.02	10.78	10.79	72887	872	0.00	          0.85	10.73	10.82	10.61	10.77	   117.98	78231672	  0.81	钢加工	北京	1.95	10.73	35044	37842	  0.93	575	730	--  	          8.61	
000973	佛塑科技	2.25	9.07	0.20	9.07	9.08	1197242	16813	0.11	         12.38	8.71	9.30	8.61	8.87	   124.55	1080684160	  0.83	塑料	广东	7.78	9.03	576771	620471	  0.93	5086	3757	--  	          9.67	
000993	闽东电力	-0.98	14.20	-0.14	14.20	14.21	139111	2290	0.00	          3.73	14.21	14.29	13.95	14.34	    33.01	196420384	  0.80	水力发电	福建	2.37	14.12	82015	57096	  1.44	941	381	--  	          3.73	
002012	凯恩股份	1.24	13.89	0.17	13.89	13.90	60701	1032	-0.07	          1.30	13.91	13.97	13.64	13.72	--  	83924328	  0.68	造纸	浙江	2.41	13.83	34886	25814	  1.35	1763	61	--  	          4.68	
002045	国光电器	-0.22	13.84	-0.03	13.83	13.84	109872	1075	0.43	          2.65	13.88	14.04	13.69	13.87	   133.01	152317168	  0.76	元器件	广东	2.52	13.86	59754	50118	  1.19	104	53	--  	          4.15	
002056	横店东磁	1.45	14.71	0.21	14.71	14.72	127883	1852	0.13	          1.56	14.49	14.74	14.24	14.50	    29.29	186021648	  1.12	元器件	浙江	3.45	14.55	59071	68812	  0.86	106	595	--  	          8.22	
002057	中钢天源	-1.79	15.40	-0.28	15.40	15.41	79695	908	0.06	          4.00	15.55	15.55	15.10	15.68	   280.79	122167312	  0.87	元器件	安徽	2.87	15.33	43336	36358	  1.19	446	172	--  	          1.99	
002070	众和股份	-0.75	14.55	-0.11	14.55	14.56	248769	2158	0.06	          4.39	14.50	14.78	14.35	14.66	   134.19	361634656	  0.71	纺织	福建	2.93	14.54	133579	115190	  1.16	736	648	--  	          5.67	
002074	国轩高科	2.13	34.04	0.71	34.04	34.05	190563	1230	0.02	          4.04	33.26	34.48	32.90	33.33	    30.38	648235008	  1.42	电气设备	江苏	4.74	34.02	99541	91022	  1.09	902	342	--  	          4.72	
002077	大港股份	0.38	15.83	0.06	15.82	15.83	29280	350	-0.06	          1.16	15.83	15.86	15.30	15.77	   339.20	45681720	  0.78	区域地产	江苏	3.55	15.60	12985	16294	  0.80	21	125	--  	          2.52	
002080	中材科技	0.52	19.40	0.10	19.39	19.40	20314	727	-0.10	          1.11	19.28	19.48	19.04	19.30	    34.66	39312704	  0.36	化纤	江苏	2.28	19.35	10019	10295	  0.97	18	128	--  	          1.83	
002085	万丰奥威	2.34	19.28	0.44	19.27	19.28	59044	611	-0.10	          0.34	18.90	19.40	18.70	18.84	    37.18	113060568	  1.57	汽车配件	浙江	3.72	19.15	28707	30337	  0.95	277	252	--  	         17.61	
002091	江苏国泰	1.68	13.96	0.23	13.96	13.97	114770	838	0.07	          2.17	13.75	14.05	13.57	13.73	    52.22	159609024	  2.38	商贸代理	江苏	3.50	13.91	45751	69018	  0.66	190	376	--  	          5.30	
002108	沧州明珠	3.09	23.33	0.70	23.32	23.33	329137	2966	0.08	          5.36	22.50	23.59	22.31	22.63	    28.99	764659136	  1.74	塑料	河北	5.66	23.23	145387	183750	  0.79	274	8	--  	          6.14	
002121	科陆电子	-0.33	9.15	-0.03	9.14	9.15	48467	1115	0.00	          0.69	9.20	9.20	9.07	9.18	   117.01	44213000	  0.78	电器仪表	深圳	1.42	9.12	30582	17884	  1.71	859	177	--  	          7.01	
002139	拓邦股份	2.86	14.38	0.40	14.37	14.38	99772	2456	0.06	          3.45	13.96	14.38	13.82	13.98	    46.49	141763648	  1.41	元器件	深圳	4.01	14.21	40070	59701	  0.67	1133	298	--  	          2.89	
002165	红 宝 丽	0.38	7.87	0.03	7.87	7.88	40199	549	-0.12	          0.76	7.83	7.88	7.74	7.84	    47.70	31437534	  0.59	化工原料	江苏	1.79	7.82	19250	20948	  0.92	816	835	--  	          5.28	
002171	楚江新材	0.60	16.83	0.10	16.83	16.84	41088	696	0.17	          1.20	16.53	16.83	16.44	16.73	    46.53	68478592	  0.80	铜	安徽	2.33	16.67	22927	18161	  1.26	191	104	--  	          3.43	
002176	江特电机	2.59	12.26	0.31	12.25	12.26	370245	2505	0.24	          3.19	11.90	12.30	11.85	11.95	    91.29	450583232	  1.39	电气设备	江西	3.77	12.17	165595	204650	  0.81	2573	4177	--  	         11.62	
002190	成飞集成	1.01	33.90	0.34	33.89	33.90	42743	821	0.08	          1.24	33.53	33.94	33.10	33.56	    97.97	143476176	  0.94	汽车配件	四川	2.50	33.57	19273	23469	  0.82	141	587	--  	          3.45	
002192	融捷股份	-0.95	25.09	-0.24	25.09	25.10	69881	1156	0.03	          3.67	25.10	25.52	24.72	25.33	  4733.18	175796480	  0.80	专用机械	广东	3.16	25.16	36326	33555	  1.08	22	22	--  	          1.90	
002206	海 利 得	1.25	19.44	0.24	19.44	19.45	77477	1189	0.05	          2.25	19.15	19.45	19.11	19.20	    30.64	149421280	  0.94	化纤	浙江	1.77	19.29	36122	41354	  0.87	223	1212	--  	          3.44	
002239	奥特佳	0.86	14.13	0.12	14.13	14.14	94555	622	0.00	          1.63	14.10	14.22	14.08	14.01	    43.79	133873448	  1.27	汽车配件	江苏	1.00	14.16	45369	49185	  0.92	1788	346	--  	          5.81	
002240	威华股份	5.36	12.78	0.65	12.77	12.78	268506	3255	-0.07	          6.07	12.16	12.95	12.02	12.13	   267.93	338790144	  2.64	家居用品	广东	7.67	12.62	126312	142193	  0.89	1240	416	--  	          4.42	
002263	大 东 南	0.26	3.86	0.01	3.85	3.86	192579	4412	0.25	          1.06	3.83	3.86	3.80	3.85	--  	73857184	  0.73	塑料	浙江	1.56	3.84	99602	92976	  1.07	3550	8677	--  	         18.22	
002340	格林美	0.47	8.48	0.04	8.48	8.49	1474944	39663	0.59	          6.32	8.40	8.54	8.25	8.44	    94.11	1236827904	  0.71	小金属	深圳	3.44	8.39	774051	700893	  1.10	1553	6185	--  	         23.34	
002341	新纶科技	0.55	18.40	0.10	18.39	18.40	61656	586	0.05	          2.13	18.20	18.59	18.15	18.30	   134.68	113466192	  0.92	化工原料	深圳	2.40	18.40	37578	24077	  1.56	163	952	--  	          2.90	
002389	南洋科技	3.06	22.93	0.68	22.93	22.94	304896	3745	0.17	          5.78	22.41	23.29	22.27	22.25	   123.91	699564032	  1.23	元器件	浙江	4.58	22.94	138543	166352	  0.83	400	482	--  	          5.28	
002407	多氟多	-0.60	31.62	-0.19	31.62	31.63	463370	3590	0.06	          8.81	31.68	32.24	31.17	31.81	    38.41	1473015680	  0.97	化工原料	河南	3.36	31.79	247857	215512	  1.15	3115	948	--  	          5.26	
002411	必康股份	--  	27.40	--  	--  	--  	0	0	--  	          0.00	--  	--  	--  	27.40	    45.67	0	  0.00	化学制药	江苏	0.00	27.40	0	0	--  	0	0	--  	          2.81	
002426	胜利精密	--  	7.68	--  	--  	--  	0	0	--  	          0.00	--  	--  	--  	7.68	    33.92	0	  0.00	元器件	江苏	0.00	7.68	0	0	--  	0	0	--  	         19.45	
002427	尤夫股份	2.50	23.80	0.58	23.79	23.80	129703	1580	-0.04	          3.26	23.30	23.97	23.23	23.22	    61.77	307460544	  2.11	化纤	浙江	3.19	23.70	60035	69668	  0.86	154	910	--  	          3.98	
002455	百川股份	1.02	14.83	0.15	14.83	14.84	61704	621	-0.13	          2.07	14.78	15.08	14.52	14.68	    85.29	91335816	  0.63	化工原料	江苏	3.81	14.80	29515	32189	  0.92	317	12	--  	          2.99	
002460	赣锋锂业	0.59	37.70	0.22	37.68	37.70	705728	16448	0.88	         13.55	37.54	38.20	36.56	37.48	    43.81	2635050240	  1.03	小金属	江西	4.38	37.34	350628	355100	  0.99	30	29	--  	          5.21	
002466	天齐锂业	0.46	39.64	0.18	39.64	39.65	447518	3499	0.02	          4.54	39.17	40.49	38.60	39.46	    24.57	1781128448	  1.15	小金属	四川	4.79	39.80	222845	224672	  0.99	1003	492	--  	          9.86	
002491	通鼎互联	1.45	16.13	0.23	16.13	16.14	80985	1554	0.06	          0.73	15.88	16.19	15.75	15.90	    36.73	129435832	  1.07	通信设备	江苏	2.77	15.98	33468	47516	  0.70	39	344	--  	         11.16	
002497	雅化集团	10.01	7.58	0.69	7.58	--  	666265	7349	0.00	          8.57	7.01	7.58	7.01	6.89	    55.97	503040544	  9.07	化工原料	四川	8.27	7.55	486883	179382	  2.71	47504	0	--  	          7.77	
002580	圣阳股份	-0.68	17.60	-0.12	17.60	17.61	50329	721	0.00	          2.95	17.68	17.77	17.50	17.72	    72.41	88499712	  1.08	电气设备	山东	1.52	17.58	27561	22767	  1.21	131	71	--  	          1.71	
002594	比亚迪	-0.70	49.84	-0.35	49.83	49.84	64984	790	-0.08	          0.77	49.98	49.98	49.07	50.19	    27.83	323000224	  1.18	汽车整车	深圳	1.81	49.70	37028	27956	  1.32	110	118	--  	          8.40	
002617	露笑科技	3.22	15.71	0.49	15.71	15.72	34385	461	0.06	          0.61	15.22	15.89	15.13	15.22	   178.25	53911184	  1.28	电气设备	浙江	4.99	15.68	14247	20137	  0.71	205	315	--  	          5.60	
002631	德尔未来	1.14	18.71	0.21	18.70	18.71	31519	539	0.10	          1.09	18.59	18.78	18.50	18.50	    64.34	58786444	  0.76	家居用品	江苏	1.51	18.65	15790	15729	  1.00	283	382	--  	          2.88	
002632	道明光学	0.36	11.12	0.04	11.12	11.13	43032	659	0.00	          0.78	11.06	11.16	10.96	11.08	   135.08	47709068	  0.50	化工原料	浙江	1.81	11.09	22391	20640	  1.08	140	243	--  	          5.53	
002662	京威股份	1.52	19.31	0.29	19.31	19.32	161313	2006	0.00	          2.63	19.28	19.94	19.02	19.02	    22.79	313947904	  1.53	汽车配件	北京	4.84	19.46	96205	65107	  1.48	72	172	--  	          6.14	
002684	猛狮科技	1.16	33.23	0.38	33.22	33.23	32125	495	-0.06	          1.49	32.83	33.45	32.38	32.85	  1565.70	106143592	  1.09	电气设备	广东	3.26	33.04	12907	19218	  0.67	20	37	--  	          2.15	
002709	天赐材料	-0.52	53.73	-0.28	53.73	53.74	103793	1019	-0.03	          5.80	53.58	55.10	52.80	54.01	    41.36	560639680	  1.05	化工原料	广东	4.26	54.01	50111	53682	  0.93	340	12	--  	          1.79	
002723	金莱特	0.75	25.49	0.19	25.40	25.49	20907	451	0.43	          2.72	25.33	25.75	25.00	25.30	   661.89	52900532	  1.09	家用电器	广东	2.96	25.30	13497	7410	  1.82	3	118	--  	          0.77	
002733	雄韬股份	2.89	20.97	0.59	20.97	20.98	64293	1357	0.14	          5.51	20.35	20.98	20.10	20.38	    59.14	133071880	  1.63	电气设备	深圳	4.32	20.70	26256	38037	  0.69	153	989	--  	          1.17	
002759	天际股份	-0.08	26.38	-0.02	26.38	26.39	21034	433	0.00	          2.61	26.32	26.80	26.03	26.40	   225.25	55709272	  0.80	家用电器	广东	2.92	26.49	10760	10273	  1.05	78	100	--  	          0.81	
002805	丰元股份	1.93	53.30	1.01	53.27	53.30	56853	1731	0.16	         23.47	51.63	53.48	50.26	52.29	   218.78	296330336	  0.70	化工原料	山东	6.16	52.12	26355	30498	  0.86	2	400	--  	          0.24	
002812	创新股份	--  	55.50	--  	--  	--  	0	0	--  	          0.00	--  	--  	--  	55.50	    50.46	0	  0.00	广告包装	云南	0.00	55.50	0	0	--  	0	0	--  	          0.33	
002850	科达利	10.00	105.80	9.62	105.80	--  	2677	24	0.00	          0.76	105.80	105.80	105.80	96.18	    63.66	28322554	 11.15	机械基件	深圳	0.00	105.80	2527	149	 16.96	11069	0	--  	          0.35	
300014	亿纬锂能	-1.48	37.20	-0.56	37.20	37.21	235720	2040	0.10	          5.75	37.58	38.17	36.93	37.76	    63.10	880687680	  0.95	元器件	广东	3.28	37.36	129553	106167	  1.22	151	111	--  	          4.10	
300035	中科电气	0.52	15.48	0.08	15.47	15.48	34312	918	0.00	          1.85	15.41	15.50	15.15	15.40	   142.62	52653188	  0.64	工程机械	湖南	2.27	15.35	18121	16191	  1.12	63	1918	--  	          1.86	
300037	新宙邦	2.63	53.86	1.38	53.85	53.86	73881	472	0.05	          6.54	52.20	54.61	51.69	52.48	    40.40	394377760	  1.55	化工原料	深圳	5.56	53.38	33378	40502	  0.82	327	7	--  	          1.13	
300068	南都电源	--  	20.14	--  	--  	--  	0	0	--  	          0.00	--  	--  	--  	20.14	    48.11	0	  0.00	电气设备	浙江	0.00	20.14	0	0	--  	0	0	--  	          5.82	
300073	当升科技	1.44	59.70	0.85	59.70	59.73	122273	3228	0.38	          7.49	58.00	60.66	57.59	58.85	   130.67	724598400	  0.74	矿物制品	北京	5.22	59.26	60190	62083	  0.97	7	11	--  	          1.63	
300080	易成新能	1.39	9.49	0.13	9.49	9.50	196706	3737	0.21	          3.92	9.25	9.58	9.23	9.36	  1030.29	185364064	  1.81	半导体	河南	3.74	9.42	96120	100585	  0.96	1589	1787	--  	          5.02	
300082	奥克股份	0.68	8.93	0.06	8.92	8.93	47149	737	0.11	          0.70	8.78	8.94	8.75	8.87	    47.70	41731316	  0.64	化工原料	辽宁	2.14	8.85	23427	23722	  0.99	721	1278	--  	          6.74	
300116	坚瑞沃能	1.21	21.70	0.26	21.70	21.72	137088	1427	-0.09	          4.06	21.30	22.18	21.11	21.44	    62.17	298895232	  0.80	专用机械	陕西	4.99	21.80	72690	64397	  1.13	84	300	--  	          3.38	
300153	科泰电源	-0.40	17.32	-0.07	17.32	17.33	91892	1058	-0.05	          2.88	17.21	17.79	17.01	17.39	   286.56	160009168	  0.72	电气设备	上海	4.49	17.41	45927	45965	  1.00	632	171	--  	          3.20	
300207	欣旺达	7.05	12.90	0.85	12.89	12.90	490128	4764	0.07	          6.81	12.05	13.20	11.92	12.05	    37.06	618739328	  2.24	元器件	深圳	10.62	12.62	194124	296004	  0.66	2091	964	--  	          7.20	
300317	珈伟股份	1.92	38.66	0.73	38.66	38.67	141771	981	0.00	          8.45	37.98	39.37	37.80	37.93	    66.22	547859456	  1.93	半导体	深圳	4.14	38.64	70836	70935	  1.00	245	52	--  	          1.68	
300340	科恒股份	3.70	61.08	2.18	61.08	61.09	112471	1311	0.11	         13.74	59.56	64.30	58.04	58.90	   924.41	692956800	  0.90	元器件	广东	10.63	61.61	52566	59905	  0.88	35	8	--  	          0.82	
300432	富临精工	1.17	26.05	0.30	26.05	26.06	74204	1180	0.19	          5.13	25.75	26.55	25.40	25.75	    61.91	193817136	  0.69	汽车配件	四川	4.47	26.12	36519	37685	  0.97	189	38	--  	          1.45	
300438	鹏辉能源	-1.04	33.39	-0.35	33.39	33.40	16889	339	0.27	          1.35	33.70	33.70	33.15	33.74	    72.77	56282008	  0.89	电气设备	广东	1.63	33.32	9066	7823	  1.16	35	6	--  	          1.25	
300444	双杰电气	-1.30	23.45	-0.31	23.44	23.45	46662	512	0.08	          4.69	23.57	24.45	23.00	23.76	    68.53	111264128	  1.23	电气设备	北京	6.10	23.84	27341	19320	  1.42	2	304	--  	          0.99	
300450	先导智能	0.97	41.80	0.40	41.79	41.80	148149	1503	-0.07	          8.77	41.00	42.18	40.11	41.40	    58.68	611173440	  1.05	专用机械	江苏	5.00	41.25	75289	72860	  1.03	7	375	--  	          1.69	
300457	赢合科技	--  	69.76	--  	--  	--  	0	0	--  	          0.00	--  	--  	--  	69.76	    69.77	0	  0.00	专用机械	深圳	0.00	69.76	0	0	--  	0	0	--  	          0.56	
300477	合纵科技	-1.18	20.03	-0.24	20.03	20.04	47935	789	0.04	          3.95	20.20	20.25	19.61	20.27	    89.71	95412008	  0.86	电气设备	北京	3.16	19.90	29986	17949	  1.67	271	363	--  	          1.21	
300568	星源材质	1.99	82.00	1.60	81.99	82.00	47570	449	0.07	         15.86	80.00	84.50	79.18	80.40	    63.31	392310080	  1.37	化工原料	深圳	6.62	82.47	23505	24065	  0.98	44	190	--  	          0.30	
300619	金银河	10.00	33.88	3.08	33.88	--  	118	3	0.00	          0.06	33.88	33.88	33.88	30.80	    58.68	399784	0.00	专用机械	广东	0.00	33.88	113	5	 22.60	16363	0	--  	          0.19	
600067	冠城大通	1.11	7.28	0.08	7.27	7.28	78948	1	0.00	          0.53	7.19	7.28	7.13	7.20	    32.81	57101516	  0.90	全国地产	福建	2.08	7.23	37806	41142	  0.92	254	1111	--  	         14.92	
600071	凤凰光学	1.26	22.42	0.28	22.41	22.44	35838	7	0.31	          1.51	22.10	22.61	22.03	22.14	--  	80122920	  1.03	元器件	江西	2.62	22.36	16615	19223	  0.86	24	3	--  	          2.37	
600076	康欣新材	3.51	10.63	0.36	10.63	10.64	510656	259	0.37	          6.79	10.37	10.70	10.27	10.27	    28.75	535801408	  1.16	其他建材	山东	4.19	10.49	224910	285745	  0.79	57	1606	--  	          7.52	
600096	云天化	1.53	9.30	0.14	9.29	9.30	94645	5	0.00	          0.84	9.18	9.31	9.10	9.16	--  	87125072	  0.94	农药化肥	云南	2.29	9.21	52428	42216	  1.24	278	403	--  	         11.22	
600110	诺德股份	1.25	13.01	0.16	13.00	13.01	502709	200	0.54	          4.37	12.85	13.09	12.72	12.85	   412.65	649377600	  0.93	电气设备	吉林	2.88	12.92	239302	263407	  0.91	0	10	--  	         11.50	
600111	北方稀土	1.34	12.82	0.17	12.82	12.83	194578	3	0.15	          0.54	12.63	12.83	12.58	12.65	  1017.31	247881168	  1.19	小金属	内蒙	1.98	12.74	84400	110178	  0.77	945	1226	--  	         36.33	
600135	乐凯胶片	1.55	15.06	0.23	15.05	15.06	88829	36	0.00	          2.41	14.89	15.15	14.72	14.83	   101.71	133476176	  0.95	化工原料	河北	2.90	15.03	39769	49059	  0.81	359	574	--  	          3.68	
600139	西部资源	1.20	10.94	0.13	10.91	10.93	47710	28	0.27	          0.72	10.67	10.99	10.67	10.81	--  	51730916	  1.20	铜	四川	2.96	10.84	19046	28664	  0.66	20	85	--  	          6.62	
600152	维科精华	0.00	12.50	0.00	--  	--  	0	0	0.00	          0.00	--  	--  	--  	12.50	--  	0	  0.00	纺织	浙江	0.00	12.50	0	0	--  	0	0	--  	          2.93	
600175	美都能源	0.20	4.95	0.01	4.95	4.96	51607	2	0.00	          0.36	4.94	4.96	4.91	4.94	   162.56	25463184	  0.72	综合类	浙江	1.01	4.93	23366	28240	  0.83	354	3051	--  	         14.48	
600192	长城电工	0.81	9.94	0.08	9.93	9.94	42498	26	0.00	          0.96	9.86	9.97	9.76	9.86	   196.77	42061812	  0.78	电气设备	甘肃	2.13	9.90	19491	23007	  0.85	103	198	--  	          4.42	
600210	紫江企业	0.71	5.65	0.04	5.65	5.66	218494	59	0.00	          1.52	5.62	5.66	5.55	5.61	    26.09	122647248	  0.79	广告包装	上海	1.96	5.61	102091	116402	  0.88	165	3929	--  	         14.37	
600212	江泉实业	10.04	10.96	1.00	10.96	--  	395280	5	0.00	          7.72	10.52	10.96	10.06	9.96	   125.88	420137472	  3.28	综合类	山东	9.04	10.63	207066	188213	  1.10	84743	0	--  	          5.12	
600232	金鹰股份	1.32	12.32	0.16	12.31	12.32	62075	10	-0.08	          1.70	12.16	12.37	12.01	12.16	   180.75	76112488	  0.95	纺织	浙江	2.96	12.26	27233	34842	  0.78	57	105	--  	          3.65	
600241	时代万恒	-0.12	16.45	-0.02	16.43	16.44	43168	200	0.48	          2.24	16.47	16.49	16.19	16.47	--  	70652520	  1.20	商贸代理	辽宁	1.82	16.37	27932	15236	  1.83	34	5	--  	          1.93	
600255	鑫科材料	0.00	4.92	0.00	--  	--  	0	0	0.00	          0.00	--  	--  	--  	4.92	--  	0	  0.00	铜	安徽	0.00	4.92	0	0	--  	0	0	--  	         17.70	
600273	嘉化能源	0.54	9.31	0.05	9.30	9.31	77904	110	0.00	          1.34	9.23	9.39	9.22	9.26	    17.01	72519168	  0.83	化工原料	浙江	1.84	9.31	42433	35471	  1.20	911	1759	--  	          5.80	
600336	澳柯玛	0.26	7.60	0.02	7.59	7.60	50302	30	0.13	          0.74	7.58	7.60	7.46	7.58	    73.90	37973112	  0.85	家用电器	山东	1.85	7.55	24167	26135	  0.92	435	163	--  	          6.80	
600367	红星发展	0.44	13.69	0.06	13.66	13.68	93456	12	0.29	          3.21	13.56	13.85	13.40	13.63	    86.93	127209440	  1.39	化工原料	贵州	3.30	13.61	47400	46055	  1.03	3	331	--  	          2.91	
600390	*ST金瑞	0.28	14.53	0.04	14.53	14.54	43077	7	0.13	          0.95	14.47	14.56	14.30	14.49	   420.03	62271880	  0.57	小金属	湖南	1.79	14.46	22960	20117	  1.14	289	116	--  	          4.51	
600405	动力源	0.72	11.23	0.08	11.22	11.23	34922	5	0.17	          0.81	11.16	11.25	11.10	11.15	   159.65	39044980	  0.57	电气设备	北京	1.35	11.18	14054	20867	  0.67	84	497	--  	          4.29	
600470	六国化工	0.25	8.03	0.02	8.03	8.04	93135	15	0.00	          1.79	8.01	8.05	7.83	8.01	--  	74113088	  0.69	农药化肥	安徽	2.75	7.96	42683	50451	  0.85	390	2158	--  	          5.22	
600478	科力远	1.83	10.02	0.18	10.01	10.02	112779	2	-0.09	          0.88	9.87	10.13	9.83	9.84	--  	113225896	  2.23	元器件	湖南	3.05	10.04	44240	68539	  0.65	318	166	--  	         12.75	
600482	中国动力	0.18	32.67	0.06	32.69	32.70	59070	1	-0.03	          1.11	32.87	33.18	32.63	32.61	    52.94	194370208	  1.38	电气设备	河北	1.69	32.90	28811	30259	  0.95	61	243	--  	          5.31	
600499	科达洁能	0.99	8.20	0.08	8.19	8.20	142569	27	0.12	          1.04	8.09	8.22	8.05	8.12	    24.16	116483080	  0.97	专用机械	广东	2.09	8.17	64809	77760	  0.83	377	358	--  	         13.77	
600522	中天科技	3.15	11.46	0.35	11.44	11.45	887386	205	0.08	          3.90	11.08	11.48	11.07	11.11	    23.02	1006697408	  3.36	通信设备	江苏	3.69	11.34	369803	517583	  0.71	1638	25	--  	         22.76	
600549	厦门钨业	3.31	24.04	0.77	24.05	24.06	138763	91	0.33	          1.57	23.20	24.06	23.18	23.27	   127.40	330446432	  1.31	小金属	福建	3.78	23.81	55906	82856	  0.67	13	108	--  	          8.87	
600580	卧龙电气	0.93	8.72	0.08	8.71	8.72	34329	23	0.22	          0.31	8.63	8.73	8.60	8.64	    55.98	29796320	  0.72	电气设备	浙江	1.50	8.68	13850	20479	  0.68	108	135	--  	         11.11	
600773	西藏城投	2.04	13.02	0.26	13.02	13.03	104923	25	0.07	          1.44	12.80	13.10	12.70	12.76	   162.61	135851184	  1.24	区域地产	西藏	3.13	12.95	42674	62248	  0.69	56	580	--  	          7.29	
600854	春兰股份	1.44	8.47	0.12	8.48	8.49	100236	2359	0.95	          1.93	8.31	8.50	8.27	8.35	    90.21	83943152	  0.36	家用电器	江苏	2.75	8.37	50223	50012	  1.00	55	1	--  	          5.19	
600869	智慧能源	3.02	8.52	0.25	8.51	8.52	631857	4	0.00	          3.09	8.34	8.92	8.34	8.27	    49.92	543232576	  4.99	电气设备	青海	7.01	8.60	257784	374072	  0.69	384	181	--  	         20.42	
600872	中炬高新	4.38	15.73	0.66	15.73	15.74	109959	16	0.19	          1.38	15.08	15.74	15.05	15.07	    36.71	169725616	  1.45	食品	广东	4.58	15.44	46670	63288	  0.74	61	1615	--  	          7.97	
600884	杉杉股份	-0.46	14.99	-0.07	14.98	14.99	189178	65	0.20	          2.30	14.98	15.30	14.80	15.06	    47.10	285711168	  0.85	服饰	浙江	3.32	15.10	95851	93327	  1.03	300	55	--  	          8.22	
601012	隆基股份	0.61	14.85	0.09	14.87	14.88	251881	44	-0.06	          1.43	14.83	14.97	14.68	14.76	    19.16	374162496	  1.72	半导体	陕西	1.96	14.85	103186	148694	  0.69	99	663	--  	         17.56	
601168	西部矿业	0.00	7.83	0.00	--  	--  	0	0	0.00	          0.00	--  	--  	--  	7.83	   116.16	0	  0.00	铜	青海	0.00	7.83	0	0	--  	0	0	--  	         23.83	
601311	骆驼股份	-0.29	17.01	-0.05	17.01	17.02	61069	52	0.17	          0.72	17.06	17.12	16.76	17.06	    33.39	103712512	  0.90	电气设备	湖北	2.11	16.98	34546	26522	  1.30	17	83	--  	          8.48	
603026	石大胜华	2.48	38.84	0.94	38.85	38.86	80321	12	0.05	          5.72	37.69	39.31	37.68	37.90	    43.37	310861152	  1.57	化工原料	山东	4.30	38.70	35366	44954	  0.79	2	64	--  	          1.40	
603077	和邦生物	0.19	5.20	0.01	5.19	5.20	451571	24	0.00	          1.42	5.20	5.25	5.16	5.19	    84.43	235095936	  1.65	化工原料	四川	1.73	5.21	200033	251537	  0.80	4545	281	--  	         31.85	
数据来源:通达信
