代码	名称	涨幅%%	现价	涨跌	买价	卖价	总量	现量	涨速%%	换手%%	今开	最高	最低	昨收	市盈(动)	总金额	量比	细分行业	地区	振幅%%	均价	内盘	外盘	内外比	买量	卖量	未匹配量	流通股(亿)	
000559	万向钱潮	0.87	12.74	0.11	12.73	12.74	82183	3027	0.31	          0.36	12.67	12.74	12.51	12.63	    35.06	103723376	  0.79	汽车配件	浙江	1.82	12.62	42323	39860	  1.06	520	1685	--  	         22.90	
002221	东华能源	0.62	13.06	0.08	13.05	13.06	49811	668	0.15	          0.39	12.96	13.10	12.89	12.98	    43.49	64918864	  0.74	石油贸易	江苏	1.62	13.03	19275	30535	  0.63	383	275	--  	         12.72	
002223	鱼跃医疗	0.35	31.45	0.11	31.45	31.46	26112	638	-0.09	          0.53	31.34	31.52	31.05	31.34	    36.49	81810696	  0.84	医疗保健	江苏	1.50	31.33	12186	13925	  0.88	735	35	--  	          4.94	
002236	大华股份	8.97	16.40	1.35	16.40	16.41	777384	15409	0.61	          4.55	15.10	16.42	15.10	15.05	    33.34	1237688448	  3.05	电器仪表	浙江	8.77	15.92	268135	509248	  0.53	3587	565	--  	         17.09	
002304	洋河股份	1.30	86.31	1.11	86.31	86.34	27309	290	0.10	          0.22	85.10	87.63	84.70	85.20	    20.16	236671280	  0.78	白酒	江苏	3.44	86.66	13388	13921	  0.96	190	1	--  	         12.32	
002415	海康威视	2.10	30.18	0.62	30.17	30.18	205430	2868	0.00	          0.42	29.55	30.44	29.51	29.56	    28.73	618551744	  1.39	电器仪表	浙江	3.15	30.11	89812	115617	  0.78	10	502	--  	         48.38	
002426	胜利精密	--  	7.68	--  	--  	--  	0	0	--  	          0.00	--  	--  	--  	7.68	    33.92	0	  0.00	元器件	江苏	0.00	7.68	0	0	--  	0	0	--  	         19.45	
002450	康得新	1.78	19.39	0.34	19.38	19.39	601147	2469	-0.05	          2.09	19.07	19.56	18.93	19.05	    36.23	1160432768	  2.06	化工原料	江苏	3.31	19.30	260050	341096	  0.76	2526	576	--  	         28.76	
300017	网宿科技	2.04	53.60	1.07	53.60	53.61	129555	1274	0.03	          2.56	52.70	54.20	52.02	52.53	    34.81	689855040	  0.83	电信运营	上海	4.15	53.25	57422	72132	  0.80	564	35	--  	          5.06	
300027	华谊兄弟	0.19	10.63	0.02	10.63	10.64	160738	3568	0.09	          0.84	10.63	10.66	10.48	10.61	    35.69	170106224	  0.69	影视音像	浙江	1.70	10.58	84588	76150	  1.11	878	1384	--  	         19.03	
300059	东方财富	0.00	16.00	0.00	15.99	16.00	244255	4469	0.06	          0.92	15.98	16.05	15.72	16.00	    79.76	388575616	  0.71	互联网	上海	2.06	15.91	122596	121658	  1.01	2455	3983	--  	         26.48	
300061	康耐特	0.52	23.11	0.12	23.10	23.11	20682	84	0.04	          1.42	22.83	23.25	22.38	22.99	   210.52	47314144	  1.15	医疗保健	上海	3.78	22.88	12644	8037	  1.57	7	3	--  	          1.45	
300144	宋城演艺	2.84	21.70	0.60	21.69	21.70	131906	1147	0.00	          1.17	21.20	21.95	21.08	21.10	    34.93	285242432	  1.16	旅游景点	浙江	4.12	21.62	69988	61917	  1.13	366	20	--  	         11.26	
300253	卫宁健康	0.52	19.20	0.10	19.20	19.21	60847	1695	0.10	          1.01	19.02	19.25	18.87	19.10	    26.36	116238424	  0.73	软件服务	上海	1.99	19.10	28270	32577	  0.87	130	338	--  	          6.00	
600000	浦发银行	0.68	16.34	0.11	16.33	16.34	179501	20	0.12	          0.09	16.23	16.34	16.16	16.23	     6.51	291999360	  1.30	银行	上海	1.11	16.27	64109	115392	  0.56	1137	2032	--  	        205.19	
600023	浙能电力	0.35	5.72	0.02	5.71	5.72	160610	46	0.00	          0.12	5.68	5.73	5.65	5.70	     9.99	91479960	  0.84	火力发电	浙江	1.40	5.70	73625	86984	  0.85	6121	5229	--  	        136.01	
600050	中国联通	-4.76	7.41	-0.37	7.42	7.43	4266655	25	-0.13	          2.01	7.73	7.74	7.35	7.78	   241.02	3198445312	  1.11	电信运营	上海	5.01	7.50	2170027	2096627	  1.04	1966	5753	--  	        211.97	
600104	上汽集团	-1.15	24.85	-0.29	24.84	24.85	351525	44	0.20	          0.32	25.12	25.28	24.77	25.14	     9.43	877177984	  1.57	汽车整车	上海	2.03	24.95	186488	165037	  1.13	7	290	--  	        110.26	
600115	东方航空	1.11	7.26	0.08	7.25	7.26	1608976	352	0.27	          1.90	7.15	7.31	7.03	7.18	    11.77	1154189440	  1.30	空运	上海	3.90	7.17	779839	829137	  0.94	3926	1059	--  	         84.81	
600120	浙江东方	2.97	30.47	0.88	30.47	30.48	234836	43	0.09	          4.65	29.67	30.58	29.46	29.59	    24.39	706662144	  2.20	商贸代理	浙江	3.79	30.09	109226	125609	  0.87	201	92	--  	          5.05	
600122	宏图高科	1.10	12.86	0.14	12.86	12.87	136184	15	-0.07	          1.18	12.69	12.87	12.51	12.72	    37.34	173668592	  1.25	其他商业	江苏	2.83	12.75	64182	72001	  0.89	72	2248	--  	         11.52	
600177	雅戈尔	0.58	13.96	0.08	13.95	13.96	73358	87	-0.14	          0.33	13.85	13.99	13.84	13.88	     8.10	102240032	  1.10	服饰	浙江	1.08	13.94	34008	39350	  0.86	411	117	--  	         22.27	
600276	恒瑞医药	-1.01	50.76	-0.52	50.75	50.76	121569	12	-0.23	          0.52	50.70	51.10	50.30	51.28	    46.03	617603520	  2.68	化学制药	江苏	1.56	50.80	63307	58261	  1.09	61	3	--  	         23.44	
600315	上海家化	-0.81	28.30	-0.23	28.31	28.32	63583	1	0.03	          0.95	28.54	28.58	28.27	28.53	    32.98	180374192	  1.85	日用化工	上海	1.09	28.37	25016	38567	  0.65	30	178	--  	          6.71	
600352	浙江龙盛	-0.10	9.59	-0.01	9.58	9.59	120108	20	0.00	          0.39	9.56	9.61	9.50	9.60	    16.45	114994528	  0.82	染料涂料	浙江	1.15	9.57	67348	52760	  1.28	4644	468	--  	         30.60	
600406	国电南瑞	0.00	16.63	0.00	--  	--  	0	0	0.00	          0.00	--  	--  	--  	16.63	    39.46	0	  0.00	软件服务	江苏	0.00	16.63	0	0	--  	0	0	--  	         22.06	
600487	亨通光电	2.36	23.44	0.54	23.38	23.39	504711	11	0.47	          4.07	22.95	23.85	22.70	22.90	    20.83	1176621440	  1.43	通信设备	江苏	5.02	23.31	241231	263480	  0.92	8	3	--  	         12.41	
600522	中天科技	3.15	11.46	0.35	11.44	11.45	887386	205	0.08	          3.90	11.08	11.48	11.07	11.11	    23.02	1006697408	  3.36	通信设备	江苏	3.69	11.34	369803	517583	  0.71	1638	25	--  	         22.76	
600584	长电科技	3.73	19.48	0.70	19.47	19.48	198623	3	0.00	          2.02	18.77	19.60	18.65	18.78	   253.46	383456928	  1.04	半导体	江苏	5.06	19.31	82808	115814	  0.72	526	394	--  	          9.85	
600597	光明乳业	0.31	13.08	0.04	13.07	13.08	60134	16	0.15	          0.49	13.04	13.13	12.88	13.04	    28.37	78386840	  0.84	乳制品	上海	1.92	13.04	36130	24003	  1.51	148	34	--  	         12.24	
600606	绿地控股	2.07	8.88	0.18	8.87	8.88	1188561	63	0.11	          3.69	8.68	8.94	8.62	8.70	    13.69	1047033536	  2.45	全国地产	上海	3.68	8.81	554063	634497	  0.87	2603	6404	--  	         32.23	
600637	东方明珠	0.44	22.99	0.10	22.99	23.00	64651	3	0.00	          0.30	22.87	23.01	22.74	22.89	    23.61	148016752	  1.13	影视音像	上海	1.18	22.89	29977	34674	  0.86	2	614	--  	         21.80	
600642	申能股份	0.32	6.24	0.02	6.23	6.24	94353	1	0.00	          0.21	6.22	6.24	6.19	6.22	    11.69	58632648	  0.82	火力发电	上海	0.80	6.21	54552	39801	  1.37	544	5210	--  	         45.52	
600643	爱建集团	0.14	13.97	0.02	13.97	13.98	100265	2	0.07	          0.70	14.00	14.04	13.84	13.95	    32.57	139771184	  0.80	多元金融	上海	1.43	13.94	50980	49284	  1.03	306	560	--  	         14.34	
600649	城投控股	0.00	20.34	0.00	--  	--  	0	0	0.00	          0.00	--  	--  	--  	20.34	    24.56	0	  0.00	区域地产	上海	0.00	20.34	0	0	--  	0	0	--  	         24.21	
600655	豫园商城	0.00	11.42	0.00	--  	--  	0	0	0.00	          0.00	--  	--  	--  	11.42	    29.09	0	  0.00	百货	上海	0.00	11.42	0	0	--  	0	0	--  	         14.37	
600667	太极实业	0.67	7.53	0.05	7.53	7.54	109534	60	0.13	          0.92	7.47	7.55	7.38	7.48	   296.27	82012776	  0.62	半导体	江苏	2.27	7.49	49129	60405	  0.81	240	2473	--  	         11.91	
600688	上海石化	0.00	6.44	0.00	6.43	6.44	288187	25	0.15	          0.39	6.43	6.45	6.34	6.44	    12.63	184424736	  0.97	石油加工	上海	1.71	6.40	151950	136237	  1.12	3474	1942	--  	         73.05	
600704	物产中大	1.21	10.86	0.13	10.86	10.87	169982	719	0.00	          1.91	10.77	10.87	10.71	10.73	    18.86	183860528	  0.84	商贸代理	浙江	1.49	10.82	85300	84681	  1.01	117	1980	--  	          8.92	
600754	锦江股份	0.07	29.84	0.02	29.84	29.86	16410	17	0.03	          0.37	29.74	29.86	29.53	29.82	    42.40	48726908	  0.84	酒店餐饮	上海	1.11	29.69	9291	7118	  1.31	115	64	--  	          4.47	
600816	安信信托	-1.09	11.84	-0.13	11.85	11.86	706711	75	0.08	          2.83	11.81	11.88	11.52	11.97	    17.79	826844800	  0.85	多元金融	上海	3.01	11.70	379750	326960	  1.16	784	952	--  	         24.98	
600820	隧道股份	0.36	11.23	0.04	11.23	11.24	320296	4	0.26	          1.02	11.16	11.24	10.99	11.19	    25.24	356230560	  1.17	建筑施工	上海	2.23	11.12	152583	167713	  0.91	270	2323	--  	         31.44	
600827	百联股份	-1.16	16.99	-0.20	16.98	16.99	305070	62	0.00	          1.98	17.00	17.08	16.68	17.19	    30.46	514052384	  1.09	超市连锁	上海	2.33	16.85	174475	130594	  1.34	338	3	--  	         15.43	
600837	海通证券	0.39	15.56	0.06	15.55	15.57	116731	20	0.06	          0.14	15.50	15.57	15.43	15.50	    21.09	181066672	  0.74	证券	上海	0.90	15.51	54797	61933	  0.88	799	1452	--  	         80.92	
601018	宁波港	0.00	5.29	0.00	5.28	5.29	196871	9	0.00	          0.15	5.27	5.31	5.24	5.29	    27.70	103920632	  0.83	港口	浙江	1.32	5.28	112757	84113	  1.34	3436	1837	--  	        128.00	
601116	三江购物	1.64	34.79	0.56	34.83	34.85	102937	120	0.34	          2.56	34.18	34.85	33.60	34.23	   139.81	352585792	  0.86	超市连锁	浙江	3.65	34.25	53908	49029	  1.10	43	58	--  	          4.02	
601211	国泰君安	0.64	18.84	0.12	18.84	18.85	185386	46	0.00	          0.39	18.70	18.85	18.61	18.72	    14.60	347726944	  0.87	证券	上海	1.28	18.76	80333	105053	  0.76	447	1954	--  	         47.74	
601328	交通银行	0.97	6.22	0.06	6.21	6.22	521908	99	0.32	          0.13	6.16	6.23	6.13	6.16	     6.59	322670048	  1.07	银行	上海	1.62	6.18	251759	270148	  0.93	1102	1783	--  	        392.51	
601601	中国太保	1.91	27.81	0.52	27.80	27.81	249657	1027	0.18	          0.40	27.30	27.94	27.30	27.29	    21.41	692683968	  2.44	保险	上海	2.35	27.75	108279	141377	  0.77	299	13	--  	         62.87	
601607	上海医药	0.51	21.57	0.11	21.57	21.58	69976	12	-0.04	          0.36	21.47	21.68	21.18	21.46	    17.70	150688560	  0.99	医药商业	上海	2.33	21.53	34881	35095	  0.99	113	374	--  	         19.23	
数据来源:通达信
