代码	名称	涨幅%%	现价	涨跌	买价	卖价	总量	现量	涨速%%	换手%%	今开	最高	最低	昨收	市盈(动)	总金额	量比	细分行业	地区	振幅%%	均价	内盘	外盘	内外比	买量	卖量	未匹配量	流通股(亿)	
000157	中联重科	1.46	4.85	0.07	4.85	4.86	528493	4927	-0.20	          0.84	4.80	4.86	4.77	4.78	--  	255423616	  1.10	工程机械	湖南	1.88	4.83	186074	342418	  0.54	8094	13470	--  	         62.66	
000419	通程控股	-0.23	8.64	-0.02	8.64	8.65	81265	576	-0.11	          1.50	8.61	8.70	8.35	8.66	    42.39	69693576	  0.42	百货	湖南	4.04	8.58	46550	34715	  1.34	712	257	--  	          5.43	
000428	华天酒店	0.55	7.30	0.04	7.30	7.31	61068	1758	0.13	          0.85	7.28	7.31	7.17	7.26	--  	44396244	  1.16	酒店餐饮	湖南	1.93	7.27	36490	24577	  1.48	952	781	--  	          7.19	
000430	张家界	0.00	12.40	0.00	12.40	12.42	21041	645	-0.24	          1.01	12.34	12.43	12.24	12.40	    30.93	26005190	  0.55	旅游景点	湖南	1.53	12.36	10100	10940	  0.92	190	13	--  	          2.09	
000548	湖南投资	0.63	9.59	0.06	9.59	9.60	141018	3583	0.10	          2.82	9.50	9.61	9.38	9.53	    60.18	134175448	  0.75	路桥	湖南	2.41	9.51	68941	72077	  0.96	10	1106	--  	          4.99	
000590	启迪古汉	0.05	19.68	0.01	19.68	19.69	10770	122	0.05	          0.48	19.67	19.85	19.24	19.67	   267.17	21094476	  0.49	中成药	湖南	3.10	19.59	4624	6145	  0.75	6	61	--  	          2.23	
000702	正虹科技	-0.77	14.25	-0.11	14.20	14.25	27925	229	0.49	          1.05	14.48	14.48	14.10	14.36	--  	39690184	  0.48	饲料	湖南	2.65	14.21	17417	10507	  1.66	80	215	--  	          2.67	
000722	湖南发展	-0.39	15.52	-0.06	15.52	15.53	42426	528	-0.06	          0.91	15.53	15.60	15.20	15.58	    38.96	65419708	  0.46	水力发电	湖南	2.57	15.42	21529	20896	  1.03	346	211	--  	          4.64	
000738	中航动控	1.00	25.15	0.25	25.15	25.16	83798	1056	0.03	          0.73	24.94	25.20	24.93	24.90	   136.01	209874976	  1.22	航空	江苏	1.08	25.05	30406	53392	  0.57	501	222	--  	         11.46	
000799	酒鬼酒	5.53	23.66	1.24	23.66	23.67	204620	3019	-0.21	          9.13	22.16	23.79	22.16	22.42	    88.01	475042272	  1.60	白酒	湖南	7.27	23.22	84120	120500	  0.70	398	91	--  	          2.24	
000819	岳阳兴长	0.11	26.26	0.03	26.25	26.26	28176	517	0.03	          1.09	26.23	26.46	25.96	26.23	   182.89	74145768	  1.17	石油加工	湖南	1.91	26.32	14936	13239	  1.13	156	136	--  	          2.58	
000900	现代投资	0.93	8.65	0.08	8.65	8.66	61182	579	0.11	          0.61	8.54	8.67	8.52	8.57	    12.14	52693472	  0.75	路桥	湖南	1.75	8.61	21716	39466	  0.55	313	1871	--  	         10.10	
000906	浙商中拓	1.36	16.43	0.22	16.42	16.43	63061	2514	0.06	          1.91	16.40	16.52	16.23	16.21	    50.41	103367168	  0.91	批发业	湖南	1.79	16.39	29670	33390	  0.89	574	153	--  	          3.31	
000908	景峰医药	0.88	10.37	0.09	10.36	10.37	23642	254	0.00	          0.49	10.25	10.38	10.25	10.28	    40.93	24399566	  0.76	化学制药	湖南	1.26	10.32	10928	12714	  0.86	163	194	--  	          4.80	
000917	电广传媒	1.92	14.36	0.27	14.35	14.36	181244	2053	0.06	          1.71	14.13	14.46	14.04	14.09	    71.28	258767568	  1.49	影视音像	湖南	2.98	14.28	73307	107936	  0.68	136	131	--  	         10.62	
000918	嘉凯城	-0.37	8.01	-0.03	8.01	8.02	165335	2125	0.12	          0.92	7.91	8.08	7.86	8.04	--  	131713768	  0.89	全国地产	浙江	2.74	7.97	87514	77820	  1.12	502	913	--  	         18.04	
000932	华菱钢铁	0.39	5.13	0.02	5.13	5.14	94677	1133	0.00	          0.31	5.11	5.13	5.07	5.11	--  	48342568	  0.75	普钢	湖南	1.17	5.11	48778	45899	  1.06	85	3448	--  	         30.15	
000989	九 芝 堂	0.09	21.27	0.02	21.26	21.27	19932	305	0.09	          0.62	21.35	21.36	21.01	21.25	    29.91	42216768	  1.19	中成药	湖南	1.65	21.18	12026	7905	  1.52	372	60	--  	          3.22	
000998	隆平高科	0.83	19.47	0.16	19.47	19.48	85239	582	-0.05	          0.89	19.27	19.50	19.04	19.31	   183.15	164501504	  1.20	种植业	湖南	2.38	19.30	41129	44110	  0.93	680	672	--  	          9.56	
002096	南岭民爆	0.21	14.35	0.03	14.34	14.35	22522	121	0.13	          0.61	14.38	14.44	14.10	14.32	    93.60	32190206	  1.00	化工原料	湖南	2.37	14.29	10285	12237	  0.84	487	193	--  	          3.71	
002097	山河智能	1.21	9.21	0.11	9.21	9.22	228659	2411	0.10	          3.63	9.10	9.35	9.06	9.10	   152.07	210899008	  0.59	工程机械	湖南	3.19	9.22	117591	111067	  1.06	635	836	--  	          6.29	
002113	天润数娱	--  	18.81	--  	--  	--  	0	0	--  	          0.00	--  	--  	--  	18.81	   317.13	0	  0.00	互联网	湖南	0.00	18.81	0	0	--  	0	0	--  	          4.73	
002125	湘潭电化	-0.08	12.52	-0.01	12.52	12.53	38207	272	0.00	          1.72	12.52	12.56	12.31	12.53	   237.71	47509072	  0.74	化工原料	湖南	2.00	12.43	21911	16295	  1.34	570	3	--  	          2.23	
002155	湖南黄金	3.80	12.02	0.44	12.02	12.03	367312	7741	0.00	          3.69	11.61	12.02	11.61	11.58	   101.72	436459840	  2.19	黄金	湖南	3.54	11.88	147471	219841	  0.67	1915	1491	--  	          9.96	
002251	步 步 高	0.14	14.59	0.02	14.59	14.60	57257	1176	0.00	          0.81	14.57	14.63	14.31	14.57	    54.33	82885056	  0.89	超市连锁	湖南	2.20	14.48	29152	28104	  1.04	81	277	--  	          7.08	
002261	拓维信息	-0.16	12.13	-0.02	12.13	12.14	60972	392	0.08	          0.82	12.17	12.19	12.00	12.15	    61.83	73817440	  0.61	互联网	湖南	1.56	12.11	33652	27319	  1.23	221	522	--  	          7.45	
002277	友阿股份	1.05	16.30	0.17	16.29	16.30	290508	3266	0.00	          5.13	16.15	16.52	15.99	16.13	    38.59	472230336	  1.64	百货	湖南	3.29	16.26	134841	155666	  0.87	1280	175	--  	          5.66	
002297	博云新材	-1.26	13.29	-0.17	13.28	13.29	139130	2139	0.07	          3.51	13.35	13.35	12.97	13.46	--  	183698384	  0.76	矿物制品	湖南	2.82	13.20	77522	61607	  1.26	2550	98	--  	          3.96	
002397	梦洁股份	0.45	8.86	0.04	8.85	8.86	81597	2185	0.00	          2.46	8.80	8.87	8.70	8.82	    79.21	71828928	  0.80	纺织	湖南	1.93	8.80	41441	40155	  1.03	1151	92	--  	          3.31	
002412	汉森制药	-0.06	18.03	-0.01	18.03	18.04	11501	107	-0.05	          0.40	18.05	18.14	17.87	18.04	    65.84	20739326	  0.43	中成药	湖南	1.50	18.03	5119	6381	  0.80	12	50	--  	          2.87	
002452	长高集团	0.80	8.80	0.07	8.80	8.81	39239	230	0.00	          1.14	8.75	8.82	8.64	8.73	    50.24	34329312	  0.78	电气设备	湖南	2.06	8.75	15093	24145	  0.63	122	240	--  	          3.43	
002505	大康农业	--  	3.50	--  	--  	--  	0	0	--  	          0.00	--  	--  	--  	3.50	   603.43	0	  0.00	农业综合	湖南	0.00	3.50	0	0	--  	0	0	--  	         15.46	
002523	天桥起重	1.56	7.18	0.11	7.17	7.18	61387	794	0.00	          0.95	7.10	7.21	7.05	7.07	    65.34	43899848	  1.30	工程机械	湖南	2.26	7.15	20447	40939	  0.50	630	303	--  	          6.46	
002533	金杯电工	0.39	10.24	0.04	10.23	10.24	47207	471	0.09	          0.93	10.18	10.24	10.12	10.20	    32.87	48153380	  0.54	电气设备	湖南	1.18	10.20	25144	22063	  1.14	384	366	--  	          5.07	
002549	凯美特气	-0.10	9.96	-0.01	9.95	9.96	51677	1664	0.10	          0.91	10.02	10.02	9.90	9.97	   439.06	51462244	  0.83	环境保护	湖南	1.20	9.96	31289	20388	  1.53	1056	1287	--  	          5.67	
002567	唐人神	-0.93	12.79	-0.12	12.79	12.80	34226	165	-0.07	          0.81	12.85	12.98	12.71	12.91	    35.08	44089636	  0.93	饲料	湖南	2.09	12.88	15601	18624	  0.84	87	69	--  	          4.20	
002650	加加食品	1.41	7.19	0.10	7.18	7.19	177991	10451	0.84	          1.58	7.08	7.19	7.02	7.09	    48.60	126630608	  1.42	食品	湖南	2.40	7.11	80451	97540	  0.82	463	4714	--  	         11.27	
002661	克明面业	-0.06	15.80	-0.01	15.79	15.80	17007	392	0.00	          0.52	15.75	15.85	15.60	15.81	    42.00	26819022	  0.82	食品	湖南	1.58	15.77	8079	8928	  0.90	105	31	--  	          3.29	
300015	爱尔眼科	0.70	30.37	0.21	30.37	30.38	24263	292	-0.03	          0.31	30.17	30.38	29.76	30.16	    48.97	73115640	  1.06	医疗保健	湖南	2.06	30.13	10737	13526	  0.79	82	204	--  	          7.87	
300035	中科电气	0.52	15.48	0.08	15.47	15.48	34312	918	0.00	          1.85	15.41	15.50	15.15	15.40	   142.62	52653188	  0.64	工程机械	湖南	2.27	15.35	18121	16191	  1.12	63	1918	--  	          1.86	
300123	太阳鸟	-0.57	19.15	-0.11	19.13	19.15	92386	3247	0.47	          3.37	19.20	19.34	18.77	19.26	   449.28	175719488	  0.54	船舶	湖南	2.96	19.02	53246	39140	  1.36	2	1197	--  	          2.74	
300148	天舟文化	--  	20.29	--  	--  	--  	0	0	--  	          0.00	--  	--  	--  	20.29	    86.12	0	  0.00	出版业	湖南	0.00	20.29	0	0	--  	0	0	--  	          5.06	
300187	永清环保	0.56	12.67	0.07	12.67	12.68	44319	881	0.07	          0.74	12.59	12.69	12.44	12.60	    78.19	55749072	  0.92	环境保护	湖南	1.98	12.58	25320	18998	  1.33	300	380	--  	          5.95	
300216	千山药机	0.55	31.33	0.17	31.32	31.33	29099	593	-0.06	          1.09	31.14	31.78	30.85	31.16	   450.45	91432912	  0.80	医疗保健	湖南	2.98	31.42	14925	14174	  1.05	130	11	--  	          2.67	
300267	尔康制药	0.00	13.96	0.00	13.96	13.97	53916	157	-0.07	          0.47	13.82	14.07	13.82	13.96	    29.85	75438040	  1.30	化学制药	湖南	1.79	13.99	22234	31682	  0.70	337	191	--  	         11.45	
300268	万福生科	--  	35.30	--  	--  	--  	0	0	--  	          0.00	--  	--  	--  	35.30	--  	0	  0.00	农业综合	湖南	0.00	35.30	0	0	--  	0	0	--  	          0.98	
300298	三诺生物	0.32	19.08	0.06	19.05	19.08	17496	320	0.52	          0.70	19.00	19.08	18.72	19.02	    40.69	33064292	  0.93	医疗保健	湖南	1.89	18.90	9888	7608	  1.30	2	18	--  	          2.51	
300338	开元仪器	-0.22	22.96	-0.05	22.96	22.97	10576	81	0.30	          0.63	22.81	23.45	22.78	23.01	   629.07	24406640	  1.22	电器仪表	湖南	2.91	23.08	6176	4400	  1.40	41	55	--  	          1.68	
300345	红宇新材	1.78	12.00	0.21	12.00	12.01	63880	1617	0.33	          2.28	11.95	12.05	11.86	11.79	   331.50	76439744	  0.69	钢加工	湖南	1.61	11.97	29142	34737	  0.84	525	90	--  	          2.81	
600031	三一重工	2.13	7.66	0.16	7.66	7.67	877449	17	0.13	          1.16	7.58	7.75	7.53	7.50	   252.00	671845696	  1.60	工程机械	湖南	2.93	7.66	406280	471169	  0.86	100	1053	--  	         75.94	
600127	金健米业	-0.53	7.44	-0.04	7.44	7.45	97667	137	0.00	          1.52	7.47	7.47	7.36	7.48	   263.20	72453008	  0.84	农业综合	湖南	1.47	7.42	52570	45097	  1.17	93	302	--  	          6.42	
600156	华升股份	-2.26	10.83	-0.25	10.85	10.86	52135	5	-0.18	          1.30	10.99	11.00	10.76	11.08	--  	56569896	  1.13	纺织	湖南	2.17	10.85	34137	17998	  1.90	60	3	--  	          4.02	
600257	大湖股份	-0.30	9.93	-0.03	9.92	9.94	50784	410	0.20	          1.19	10.00	10.01	9.85	9.96	   684.55	50334912	  1.06	渔业	湖南	1.61	9.91	27390	23394	  1.17	160	468	--  	          4.27	
600390	*ST金瑞	0.28	14.53	0.04	14.53	14.54	43077	7	0.13	          0.95	14.47	14.56	14.30	14.49	   420.03	62271880	  0.57	小金属	湖南	1.79	14.46	22960	20117	  1.14	289	116	--  	          4.51	
600416	湘电股份	1.89	17.23	0.32	17.22	17.23	170118	60	0.34	          2.42	16.90	17.39	16.84	16.91	   125.36	292364608	  1.21	电气设备	湖南	3.25	17.19	77617	92501	  0.84	7	242	--  	          7.03	
600458	时代新材	0.63	14.38	0.09	14.38	14.39	39914	20	0.06	          0.60	14.28	14.39	14.11	14.29	    42.46	56967520	  0.77	塑料	湖南	1.96	14.27	21603	18311	  1.18	18	567	--  	          6.61	
600476	湘邮科技	-0.33	29.79	-0.10	29.79	29.80	30097	2	-0.03	          1.87	29.86	29.87	29.33	29.89	--  	89051888	  1.57	软件服务	湖南	1.81	29.59	12493	17603	  0.71	26	76	--  	          1.61	
600478	科力远	1.83	10.02	0.18	10.01	10.02	112779	2	-0.09	          0.88	9.87	10.13	9.83	9.84	--  	113225896	  2.23	元器件	湖南	3.05	10.04	44240	68539	  0.65	318	166	--  	         12.75	
600479	千金药业	-0.61	16.23	-0.10	16.22	16.23	49543	37	0.24	          1.63	16.29	16.34	16.12	16.33	    37.88	80392176	  1.01	中成药	湖南	1.35	16.23	27825	21717	  1.28	150	16	--  	          3.05	
600599	熊猫金控	0.41	29.45	0.12	29.44	29.45	52506	2	-0.06	          3.16	29.33	29.50	28.73	29.33	--  	152677024	  0.56	多元金融	湖南	2.63	29.08	26181	26324	  0.99	92	81	--  	          1.66	
600731	湖南海利	-1.94	11.12	-0.22	11.12	11.13	112034	33	0.09	          3.43	11.20	11.24	10.81	11.34	   460.56	123804216	  1.07	农药化肥	湖南	3.79	11.05	63339	48694	  1.30	185	76	--  	          3.27	
600744	华银电力	0.58	5.18	0.03	5.17	5.18	48763	20	0.19	          0.59	5.15	5.18	5.10	5.15	--  	25089348	  0.87	火力发电	湖南	1.55	5.15	25006	23756	  1.05	573	1790	--  	          8.28	
600961	株冶集团	1.81	12.39	0.22	12.39	12.40	118660	104	0.16	          2.25	12.17	12.53	11.97	12.17	   154.98	146273024	  1.45	铅锌	湖南	4.60	12.33	54804	63855	  0.86	5	823	--  	          5.27	
600963	岳阳林纸	0.35	8.61	0.03	8.60	8.61	56428	34	0.11	          0.54	8.58	8.62	8.45	8.58	   363.41	48274704	  0.70	造纸	湖南	1.98	8.56	31904	24523	  1.30	121	488	--  	         10.43	
600969	郴电国际	0.58	17.49	0.10	17.47	17.48	19768	15	-0.05	          0.75	17.39	17.61	17.17	17.39	    40.33	34468216	  0.89	水力发电	湖南	2.53	17.44	9634	10134	  0.95	138	285	--  	          2.64	
600975	新五丰	0.46	8.68	0.04	8.67	8.68	43305	60	0.11	          0.92	8.64	8.68	8.56	8.64	    20.67	37395848	  0.80	农业综合	湖南	1.39	8.64	19793	23512	  0.84	231	1088	--  	          4.69	
601098	中南传媒	0.88	17.20	0.15	17.20	17.25	67076	37	0.00	          0.37	17.05	17.35	16.91	17.05	    19.68	115743912	  2.09	出版业	湖南	2.58	17.26	29224	37852	  0.77	5	951	--  	         17.96	
601636	旗滨集团	0.92	4.37	0.04	4.37	4.38	211165	7	0.00	          0.85	4.33	4.38	4.28	4.33	    19.78	91664536	  0.85	玻璃	湖南	2.31	4.34	85540	125624	  0.68	893	8195	--  	         24.72	
601901	方正证券	-0.58	8.54	-0.05	8.53	8.54	337465	259	0.23	          0.54	8.59	8.59	8.45	8.59	    19.78	287944192	  0.62	证券	湖南	1.63	8.53	186486	150979	  1.24	18934	1331	--  	         62.90	
数据来源:通达信
