代码	名称	涨幅%%	现价	涨跌	买价	卖价	总量	现量	涨速%%	换手%%	今开	最高	最低	昨收	市盈(动)	总金额	量比	细分行业	地区	振幅%%	均价	内盘	外盘	内外比	买量	卖量	未匹配量	流通股(亿)	
000540	中天城投	2.76	6.70	0.18	6.69	6.70	414902	7851	0.00	          1.05	6.52	6.75	6.44	6.52	    11.50	274821088	  2.09	区域地产	贵州	4.75	6.62	157088	257813	  0.61	3819	2627	--  	         39.46	
000656	金科股份	1.93	5.82	0.11	5.81	5.82	288312	2685	0.17	          0.78	5.71	5.85	5.68	5.71	    23.13	167100464	  1.04	区域地产	重庆	2.98	5.80	120217	168094	  0.72	2660	12990	--  	         36.74	
000722	湖南发展	-0.39	15.52	-0.06	15.52	15.53	42426	528	-0.06	          0.91	15.53	15.60	15.20	15.58	    38.96	65419708	  0.46	水力发电	湖南	2.57	15.42	21529	20896	  1.03	346	211	--  	          4.64	
000777	中核科技	0.23	21.83	0.05	21.83	21.84	55444	491	0.00	          1.45	21.78	21.85	21.43	21.78	   133.00	120138016	  0.88	机械基件	江苏	1.93	21.67	26956	28487	  0.95	35	158	--  	          3.83	
000852	石化机械	1.31	12.34	0.16	12.33	12.34	43725	333	-0.08	          0.73	12.11	12.42	11.92	12.18	--  	53184628	  0.72	化工机械	湖北	4.11	12.16	21854	21870	  1.00	373	61	--  	          5.98	
000875	吉电股份	0.50	6.08	0.03	6.08	6.09	82805	756	0.00	          0.74	6.05	6.09	6.01	6.05	   162.96	50200372	  0.83	火力发电	吉林	1.32	6.06	35385	47420	  0.75	1076	4991	--  	         11.16	
000883	湖北能源	0.63	4.78	0.03	4.77	4.78	107673	992	0.00	          0.20	4.76	4.79	4.71	4.75	    12.75	51197832	  0.97	火力发电	湖北	1.68	4.75	53728	53944	  1.00	2871	1811	--  	         53.46	
000968	*ST煤气	1.00	13.08	0.13	13.07	13.08	59266	2106	0.53	          2.28	12.93	13.10	12.70	12.95	--  	76543520	  0.66	煤炭开采	山西	3.09	12.92	27939	31326	  0.89	27	914	--  	          2.60	
002021	中捷资源	0.65	9.26	0.06	9.25	9.26	37884	264	0.00	          0.67	9.23	9.30	9.14	9.20	--  	35001700	  0.78	纺织机械	浙江	1.74	9.24	16472	21411	  0.77	362	322	--  	          5.68	
002221	东华能源	0.62	13.06	0.08	13.05	13.06	49811	668	0.15	          0.39	12.96	13.10	12.89	12.98	    43.49	64918864	  0.74	石油贸易	江苏	1.62	13.03	19275	30535	  0.63	383	275	--  	         12.72	
002278	神开股份	-0.58	17.05	-0.10	17.03	17.05	90726	1127	0.41	          3.05	17.02	17.16	16.81	17.15	--  	154758032	  1.16	化工机械	上海	2.04	17.06	37482	53243	  0.70	17	298	--  	          2.97	
002353	杰瑞股份	0.86	22.24	0.19	22.24	22.25	125787	1380	0.00	          1.87	21.97	22.30	21.48	22.05	   152.34	275869696	  1.04	化工机械	山东	3.72	21.93	62309	63478	  0.98	91	478	--  	          6.74	
002444	巨星科技	0.78	16.80	0.13	16.80	16.81	157179	2169	-0.05	          1.55	16.75	17.07	16.73	16.67	    29.39	265318400	  0.78	轻工机械	浙江	2.04	16.88	81751	75428	  1.08	688	328	--  	         10.12	
002476	宝莫股份	0.11	9.14	0.01	9.14	9.15	77763	1396	0.00	          1.29	9.09	9.14	8.94	9.13	   221.04	70313920	  0.92	化工原料	山东	2.19	9.04	42388	35374	  1.20	1142	882	--  	          6.02	
002490	山东墨龙	0.24	8.44	0.02	8.44	8.45	282185	8856	0.11	          9.41	8.44	8.50	8.20	8.42	   605.31	235507184	  0.52	化工机械	山东	3.56	8.35	148985	133199	  1.12	710	1809	--  	          3.00	
002535	林州重机	0.28	7.27	0.02	7.27	7.28	82715	1984	0.13	          1.59	7.25	7.29	7.17	7.25	   346.70	59873224	  0.94	工程机械	河南	1.66	7.24	48358	34356	  1.41	148	2653	--  	          5.20	
002554	惠博普	0.51	7.83	0.04	7.83	7.84	69405	1506	0.12	          1.11	7.79	7.84	7.60	7.79	    59.61	53868204	  0.70	石油开采	北京	3.08	7.76	34660	34745	  1.00	291	1115	--  	          6.24	
300084	海默科技	-1.36	12.31	-0.17	12.31	12.32	31491	322	0.00	          1.26	12.49	12.49	12.25	12.48	  1696.44	38794876	  0.69	石油开采	甘肃	1.92	12.32	19158	12333	  1.55	402	93	--  	          2.50	
300157	恒泰艾普	0.68	8.87	0.06	8.87	8.88	69524	850	0.11	          1.20	8.83	8.89	8.74	8.81	  1277.09	61489080	  0.73	石油开采	北京	1.70	8.84	27933	41591	  0.67	178	2242	--  	          5.77	
300164	通源石油	0.42	9.48	0.04	9.48	9.49	58203	371	-0.10	          1.89	9.44	9.56	9.30	9.44	   358.26	54899288	  0.86	石油开采	陕西	2.75	9.43	22698	35505	  0.64	643	257	--  	          3.08	
300191	潜能恒信	0.86	31.65	0.27	31.65	31.66	19275	1046	0.54	          0.93	31.11	31.65	31.00	31.38	   738.87	60508560	  0.63	石油开采	北京	2.07	31.39	9870	9405	  1.05	311	37	--  	          2.07	
300228	富瑞特装	-1.25	14.17	-0.18	14.17	14.18	108708	1130	0.14	          2.81	14.21	14.35	13.96	14.35	--  	153140704	  0.95	化工机械	江苏	2.72	14.09	63895	44812	  1.43	67	417	--  	          3.87	
300309	吉艾科技	--  	25.08	--  	--  	--  	0	0	--  	          0.00	--  	--  	--  	25.08	--  	0	  0.00	专用机械	北京	0.00	25.08	0	0	--  	0	0	--  	          3.13	
600106	重庆路桥	0.51	7.81	0.04	7.81	7.82	74257	25	0.12	          0.82	7.74	7.83	7.67	7.77	    21.78	57747780	  0.76	路桥	重庆	2.06	7.78	30520	43736	  0.70	27	789	--  	          9.08	
600157	永泰能源	0.75	4.04	0.03	4.03	4.04	162240	12	0.00	          0.35	4.00	4.04	3.99	4.01	    81.64	65213908	  0.95	煤炭开采	山西	1.25	4.02	70247	91993	  0.76	2874	9880	--  	         45.96	
600172	黄河旋风	0.75	18.69	0.14	18.68	18.70	89992	1	0.00	          1.39	18.49	18.77	18.25	18.55	    43.57	167061808	  0.85	矿物制品	河南	2.80	18.56	39123	50868	  0.77	1	332	--  	          6.46	
600247	ST成城	-0.96	12.34	-0.12	12.33	12.35	14444	10	-0.48	          0.43	12.37	12.45	12.27	12.46	--  	17839318	  0.81	商贸代理	吉林	1.44	12.35	7913	6531	  1.21	47	72	--  	          3.36	
600256	广汇能源	-0.65	4.58	-0.03	4.58	4.59	187100	40	-0.21	          0.36	4.60	4.60	4.53	4.61	   109.02	85554168	  0.82	石油开采	新疆	1.52	4.57	116563	70536	  1.65	2769	2244	--  	         52.21	
600378	天科股份	-1.17	14.34	-0.17	14.35	14.36	20174	9	0.06	          0.68	14.50	14.50	14.16	14.51	   157.20	28817882	  1.12	化工原料	四川	2.34	14.28	10059	10114	  0.99	1	128	--  	          2.97	
600387	海越股份	0.00	17.94	0.00	--  	--  	0	0	0.00	          0.00	--  	--  	--  	17.94	--  	0	  0.00	石油贸易	浙江	0.00	17.94	0	0	--  	0	0	--  	          3.86	
600509	天富能源	0.25	8.03	0.02	8.03	8.04	68257	6	0.00	          0.75	8.01	8.04	7.90	8.01	    19.94	54358592	  0.81	火力发电	新疆	1.75	7.96	36591	31665	  1.16	333	1064	--  	          9.06	
600739	辽宁成大	0.40	17.60	0.07	17.59	17.60	88316	224	0.00	          0.65	17.50	17.62	17.41	17.53	    24.28	155000672	  1.23	商贸代理	辽宁	1.20	17.55	39347	48969	  0.80	598	30	--  	         13.65	
600744	华银电力	0.58	5.18	0.03	5.17	5.18	48763	20	0.19	          0.59	5.15	5.18	5.10	5.15	--  	25089348	  0.87	火力发电	湖南	1.55	5.15	25006	23756	  1.05	573	1790	--  	          8.28	
600987	航民股份	0.31	12.74	0.04	12.74	12.75	47217	100	0.15	          0.74	12.68	12.76	12.54	12.70	    17.00	59828072	  0.75	纺织	浙江	1.73	12.67	23247	23969	  0.97	295	437	--  	          6.35	
601798	蓝科高新	0.50	14.10	0.07	14.10	14.11	23074	16	0.35	          0.65	13.96	14.14	13.90	14.03	   565.61	32362548	  0.87	化工机械	甘肃	1.71	14.03	9708	13365	  0.73	187	193	--  	          3.55	
601899	紫金矿业	1.76	3.46	0.06	3.45	3.46	1001269	101	0.28	          0.63	3.40	3.46	3.39	3.40	    39.24	343823200	  1.42	黄金	福建	2.06	3.43	338737	662532	  0.51	9382	21222	--  	        158.04	
603800	道森股份	9.93	44.27	4.00	44.28	44.29	203131	2	-0.04	         30.05	39.50	44.30	39.40	40.27	--  	864696768	  1.99	专用机械	江苏	12.17	42.57	81053	122078	  0.66	255	346	--  	          0.68	
数据来源:通达信
