代码	名称	涨幅%%	现价	涨跌	买价	卖价	总量	现量	涨速%%	换手%%	今开	最高	最低	昨收	市盈(动)	总金额	量比	细分行业	地区	振幅%%	均价	内盘	外盘	内外比	买量	卖量	未匹配量	流通股(亿)	
000027	深圳能源	0.86	7.02	0.06	7.02	7.03	102799	264	0.00	          0.26	6.95	7.03	6.81	6.96	    15.60	71411424	  1.57	火力发电	深圳	3.16	6.95	52456	50342	  1.04	392	3512	--  	         39.64	
000507	珠海港	1.02	6.93	0.07	6.92	6.93	99624	1278	0.00	          1.29	6.84	6.93	6.81	6.86	    48.85	68639448	  0.42	港口	广东	1.75	6.89	42730	56894	  0.75	2886	1199	--  	          7.72	
000539	粤电力Ａ	0.73	5.53	0.04	5.53	5.54	64680	1422	0.00	          0.25	5.49	5.54	5.45	5.49	    14.75	35546316	  0.84	火力发电	广东	1.64	5.50	32739	31941	  1.02	1195	2765	--  	         25.54	
000616	海航投资	0.40	5.08	0.02	5.07	5.08	81588	2763	0.19	          0.57	5.07	5.09	5.04	5.06	--  	41347168	  1.11	全国地产	辽宁	0.99	5.07	32708	48879	  0.67	4398	187	--  	         14.30	
000656	金科股份	1.93	5.82	0.11	5.81	5.82	288312	2685	0.17	          0.78	5.71	5.85	5.68	5.71	    23.13	167100464	  1.04	区域地产	重庆	2.98	5.80	120217	168094	  0.72	2660	12990	--  	         36.74	
000720	新能泰山	0.16	6.43	0.01	6.42	6.43	56958	1015	0.00	          0.66	6.45	6.46	6.34	6.42	--  	36408100	  0.98	火力发电	山东	1.87	6.39	31259	25698	  1.22	1342	1565	--  	          8.63	
000767	漳泽电力	2.06	3.96	0.08	3.95	3.96	198490	3608	0.00	          0.88	3.90	3.96	3.88	3.88	 27642.22	78126888	  1.64	火力发电	山西	2.06	3.94	58495	139995	  0.42	3442	10242	--  	         22.54	
000836	鑫茂科技	3.60	8.35	0.29	8.34	8.35	553755	4768	-0.11	          4.68	8.10	8.65	7.95	8.06	   212.67	456351936	  1.65	通信设备	天津	8.68	8.24	262092	291662	  0.90	1284	3533	--  	         11.83	
000862	银星能源	--  	7.90	--  	--  	--  	0	0	--  	          0.00	--  	--  	--  	7.90	   507.54	0	  0.00	新型电力	宁夏	0.00	7.90	0	0	--  	0	0	--  	          3.34	
000875	吉电股份	0.50	6.08	0.03	6.08	6.09	82805	756	0.00	          0.74	6.05	6.09	6.01	6.05	   162.96	50200372	  0.83	火力发电	吉林	1.32	6.06	35385	47420	  0.75	1076	4991	--  	         11.16	
000883	湖北能源	0.63	4.78	0.03	4.77	4.78	107673	992	0.00	          0.20	4.76	4.79	4.71	4.75	    12.75	51197832	  0.97	火力发电	湖北	1.68	4.75	53728	53944	  1.00	2871	1811	--  	         53.46	
000958	东方能源	0.21	14.07	0.03	14.07	14.08	44656	200	0.00	          1.34	13.99	14.12	13.83	14.04	    20.45	62543204	  0.73	火力发电	河北	2.07	14.01	20385	24271	  0.84	174	796	--  	          3.33	
000966	长源电力	0.34	5.95	0.02	5.95	5.96	42722	396	-0.16	          0.39	5.93	5.96	5.90	5.93	     9.30	25355326	  0.79	火力发电	湖北	1.01	5.93	18335	24387	  0.75	717	1922	--  	         11.08	
000970	中科三环	0.85	14.31	0.12	14.31	14.32	112131	1265	0.00	          1.05	14.16	14.36	13.97	14.19	    49.39	159813680	  0.67	元器件	北京	2.75	14.25	51963	60167	  0.86	127	1584	--  	         10.65	
000993	闽东电力	-0.98	14.20	-0.14	14.20	14.21	139111	2290	0.00	          3.73	14.21	14.29	13.95	14.34	    33.01	196420384	  0.80	水力发电	福建	2.37	14.12	82015	57096	  1.44	941	381	--  	          3.73	
002009	天奇股份	1.78	14.87	0.26	14.86	14.87	51004	650	0.13	          1.92	14.60	14.88	14.55	14.61	    62.93	75376616	  1.18	工程机械	江苏	2.26	14.78	18844	32160	  0.59	435	617	--  	          2.66	
002060	粤 水 电	0.13	7.96	0.01	7.96	7.97	39639	342	0.12	          0.66	7.95	7.97	7.83	7.95	    52.97	31370572	  0.85	建筑施工	广东	1.76	7.91	20979	18660	  1.12	351	1250	--  	          6.01	
002080	中材科技	0.52	19.40	0.10	19.39	19.40	20314	727	-0.10	          1.11	19.28	19.48	19.04	19.30	    34.66	39312704	  0.36	化纤	江苏	2.28	19.35	10019	10295	  0.97	18	128	--  	          1.83	
002122	天马股份	0.18	11.16	0.02	11.16	11.17	68051	1020	0.00	          0.62	11.14	11.25	10.96	11.14	   349.06	75538704	  0.57	机械基件	浙江	2.60	11.10	33792	34258	  0.99	653	1297	--  	         10.92	
002130	沃尔核材	0.21	14.11	0.03	14.10	14.11	42850	461	0.14	          0.99	14.11	14.12	13.88	14.08	    72.62	60074388	  0.64	电气设备	深圳	1.70	14.02	23699	19150	  1.24	463	206	--  	          4.32	
002164	宁波东力	9.50	13.71	1.19	13.71	13.72	997461	17136	0.29	         24.08	13.10	13.73	12.10	12.52	   905.51	1282382720	  3.60	电气设备	浙江	13.02	12.86	485204	512257	  0.95	743	4376	--  	          4.14	
002201	九鼎新材	0.77	16.99	0.13	16.99	17.00	25728	663	-0.05	          1.07	16.90	17.00	16.31	16.86	   433.48	42964772	  0.88	玻璃	江苏	4.09	16.70	10910	14818	  0.74	43	503	--  	          2.39	
002202	金风科技	0.61	16.40	0.10	16.40	16.41	89447	516	0.00	          0.41	16.30	16.43	16.26	16.30	    15.72	146274704	  0.99	电气设备	新疆	1.04	16.35	49208	40239	  1.22	1439	1043	--  	         21.58	
002451	摩恩电气	0.45	17.88	0.08	17.87	17.88	37582	831	0.16	          0.91	17.80	17.97	17.43	17.80	   912.21	66461484	  0.81	电气设备	上海	3.03	17.68	18916	18666	  1.01	460	359	--  	          4.12	
002487	大金重工	0.84	9.60	0.08	9.60	9.61	79259	957	-0.10	          1.47	9.52	9.61	9.41	9.52	    72.62	75520272	  0.70	钢加工	辽宁	2.10	9.53	37984	41274	  0.92	513	1245	--  	          5.40	
002531	天顺风能	2.25	7.28	0.16	7.28	7.29	82632	995	0.00	          0.56	7.07	7.30	7.01	7.12	    28.31	59592868	  1.42	电气设备	江苏	4.07	7.21	26309	56322	  0.47	122	1105	--  	         14.73	
002576	通达动力	--  	24.67	--  	--  	--  	0	0	--  	          0.00	--  	--  	--  	24.67	   972.54	0	  0.00	电气设备	江苏	0.00	24.67	0	0	--  	0	0	--  	          1.19	
002669	康达新材	-0.25	27.80	-0.07	27.80	27.88	8842	52	0.00	          0.56	27.95	28.15	27.20	27.87	    71.59	24558634	  0.60	化工原料	上海	3.41	27.77	6027	2815	  2.14	2	20	--  	          1.59	
002689	远大智能	1.37	7.41	0.10	7.40	7.41	96201	1164	0.13	          1.02	7.38	7.54	7.34	7.31	   149.68	71555888	  0.64	运输设备	辽宁	2.74	7.44	50938	45263	  1.13	341	515	--  	          9.42	
300004	南风股份	0.68	14.86	0.10	14.86	14.87	21730	408	-0.06	          0.57	14.88	14.92	14.72	14.76	   259.74	32271886	  0.65	电气设备	广东	1.36	14.85	10835	10894	  0.99	111	190	--  	          3.83	
300095	华伍股份	2.96	13.92	0.40	13.91	13.92	40699	833	0.43	          1.73	13.49	13.98	13.38	13.52	   113.08	56196364	  1.60	机械基件	江西	4.44	13.81	17735	22964	  0.77	244	215	--  	          2.35	
300129	泰胜风能	-0.33	8.99	-0.03	8.98	8.99	85515	515	0.33	          2.03	9.00	9.06	8.91	9.02	    31.02	76653312	  1.10	电气设备	上海	1.66	8.96	51183	34332	  1.49	423	190	--  	          4.22	
300187	永清环保	0.56	12.67	0.07	12.67	12.68	44319	881	0.07	          0.74	12.59	12.69	12.44	12.60	    78.19	55749072	  0.92	环境保护	湖南	1.98	12.58	25320	18998	  1.33	300	380	--  	          5.95	
300274	阳光电源	0.48	10.51	0.05	10.50	10.51	78249	1394	0.09	          0.93	10.43	10.54	10.33	10.46	    37.54	81884848	  0.84	电气设备	安徽	2.01	10.46	43880	34368	  1.28	1025	460	--  	          8.42	
300304	云意电气	-3.15	18.45	-0.60	18.44	18.45	1828777	30691	-0.43	         24.82	19.78	20.14	18.21	19.05	   144.50	3494462976	  1.22	汽车配件	江苏	10.13	19.11	890771	938006	  0.95	328	7949	--  	          7.37	
300443	金雷风电	2.12	58.41	1.21	58.40	58.41	15678	321	0.03	          2.74	57.40	58.50	56.56	57.20	    39.35	90367208	  1.23	专用机械	山东	3.39	57.64	6205	9472	  0.66	48	10	--  	          0.57	
300569	天能重工	1.34	93.81	1.24	93.81	93.82	14102	276	0.02	          6.77	92.50	93.89	90.61	92.57	    38.42	130895968	  0.93	专用机械	山东	3.54	92.82	6568	7533	  0.87	20	3	--  	          0.21	
600089	特变电工	1.06	10.53	0.11	10.54	10.55	437797	51	0.19	          1.37	10.46	10.62	10.36	10.42	    14.47	458537184	  1.35	电气设备	新疆	2.50	10.47	222598	215198	  1.03	1480	1624	--  	         32.00	
600112	天成控股	0.28	10.84	0.03	10.83	10.84	125285	10	-0.09	          2.46	10.70	10.87	10.65	10.81	   754.37	135066144	  0.63	电气设备	贵州	2.04	10.78	67474	57811	  1.17	1450	652	--  	          5.09	
600163	中闽能源	1.05	5.75	0.06	5.75	5.76	55683	3	0.17	          0.74	5.70	5.76	5.64	5.69	    73.28	31823680	  1.01	新型电力	福建	2.11	5.72	19269	36414	  0.53	1331	2494	--  	          7.54	
600192	长城电工	0.81	9.94	0.08	9.93	9.94	42498	26	0.00	          0.96	9.86	9.97	9.76	9.86	   196.77	42061812	  0.78	电气设备	甘肃	2.13	9.90	19491	23007	  0.85	103	198	--  	          4.42	
600236	桂冠电力	0.95	6.35	0.06	6.34	6.35	48509	5	0.15	          0.13	6.29	6.35	6.23	6.29	    11.78	30590516	  1.15	水力发电	广西	1.91	6.31	18678	29831	  0.63	544	2389	--  	         36.04	
600290	华仪电气	0.51	11.80	0.06	11.80	11.81	256451	16	0.00	          4.87	11.62	12.14	11.61	11.74	   217.47	306187200	  2.64	电气设备	浙江	4.51	11.94	94043	162408	  0.58	245	60	--  	          5.27	
600366	宁波韵升	1.05	20.16	0.21	20.16	20.17	57042	100	0.04	          1.08	19.92	20.17	19.87	19.95	    10.86	114288928	  0.65	电器仪表	浙江	1.50	20.04	26201	30840	  0.85	164	474	--  	          5.29	
600396	金山股份	0.39	5.18	0.02	5.17	5.18	47131	30	0.19	          0.40	5.16	5.18	5.11	5.16	    27.65	24312224	  1.02	火力发电	辽宁	1.36	5.16	19951	27179	  0.73	2544	3871	--  	         11.65	
600416	湘电股份	1.89	17.23	0.32	17.22	17.23	170118	60	0.34	          2.42	16.90	17.39	16.84	16.91	   125.36	292364608	  1.21	电气设备	湖南	3.25	17.19	77617	92501	  0.84	7	242	--  	          7.03	
600425	青松建化	-1.13	6.10	-0.07	6.10	6.11	459946	15	0.49	          3.34	6.13	6.13	5.95	6.17	--  	277914592	  0.91	水泥	新疆	2.92	6.04	251497	208448	  1.21	553	513	--  	         13.79	
600483	福能股份	1.67	11.60	0.19	11.58	11.59	37256	27	0.00	          1.29	11.48	11.63	11.31	11.41	    19.27	42946092	  0.89	火力发电	福建	2.80	11.53	18000	19256	  0.93	130	78	--  	          2.88	
600505	西昌电力	0.95	10.58	0.10	10.57	10.58	46958	7	0.00	          1.29	10.47	10.59	10.21	10.48	    65.51	48840960	  0.67	水力发电	四川	3.63	10.40	19544	27414	  0.71	13	217	--  	          3.65	
600540	新赛股份	-2.71	8.25	-0.23	8.24	8.25	121403	6	-0.12	          2.62	8.43	8.46	8.21	8.48	--  	100533784	  0.68	种植业	新疆	2.95	8.28	71463	49939	  1.43	986	5	--  	          4.63	
600550	保变电气	-0.29	6.89	-0.02	6.88	6.89	91893	20	0.14	          0.67	6.91	6.92	6.80	6.91	   721.95	62961648	  1.26	电气设备	河北	1.74	6.85	52152	39741	  1.31	1304	477	--  	         13.73	
600578	京能电力	0.00	4.30	0.00	4.30	4.31	70314	100	0.00	          0.15	4.30	4.31	4.27	4.30	    17.45	30214248	  0.97	火力发电	北京	0.93	4.30	41054	29259	  1.40	3181	1655	--  	         46.17	
600583	海油工程	1.05	7.71	0.08	7.70	7.71	228020	32	0.00	          0.52	7.59	7.76	7.55	7.63	    22.87	174355552	  0.72	石油开采	天津	2.75	7.65	99434	128586	  0.77	1378	709	--  	         44.21	
600605	汇通能源	-1.82	22.61	-0.42	22.61	22.64	24289	11	0.00	          1.65	22.96	23.06	22.55	23.03	   111.25	55090832	  2.02	商贸代理	上海	2.21	22.68	11871	12418	  0.96	26	10	--  	          1.47	
600642	申能股份	0.32	6.24	0.02	6.23	6.24	94353	1	0.00	          0.21	6.22	6.24	6.19	6.22	    11.69	58632648	  0.82	火力发电	上海	0.80	6.21	54552	39801	  1.37	544	5210	--  	         45.52	
600653	申华控股	-0.51	3.89	-0.02	3.89	3.90	122553	24	0.00	          0.70	3.89	3.90	3.84	3.91	--  	47391916	  0.68	汽车服务	上海	1.53	3.87	80359	42193	  1.90	598	2247	--  	         17.46	
600744	华银电力	0.58	5.18	0.03	5.17	5.18	48763	20	0.19	          0.59	5.15	5.18	5.10	5.15	--  	25089348	  0.87	火力发电	湖南	1.55	5.15	25006	23756	  1.05	573	1790	--  	          8.28	
600765	中航重机	0.76	15.91	0.12	15.88	15.90	81607	8	-0.18	          1.05	15.79	15.95	15.72	15.79	    85.40	129504056	  0.58	机械基件	贵州	1.46	15.87	39529	42077	  0.94	65	22	--  	          7.78	
600795	国电电力	0.62	3.26	0.02	3.25	3.26	608415	445	0.00	          0.31	3.24	3.26	3.21	3.24	     9.92	197092672	  0.61	火力发电	辽宁	1.54	3.24	282802	325612	  0.87	36982	34463	--  	        196.50	
600818	中路股份	0.13	30.40	0.04	30.39	30.40	39381	51	-0.13	          1.65	30.50	30.53	29.76	30.36	    92.25	118803792	  0.51	文教休闲	上海	2.54	30.17	21570	17811	  1.21	62	10	--  	          2.38	
600863	内蒙华电	0.62	3.23	0.02	3.22	3.23	136947	1	0.00	          0.24	3.21	3.23	3.19	3.21	    25.80	43992344	  0.59	火力发电	内蒙	1.25	3.21	55931	81016	  0.69	6284	6793	--  	         58.08	
600864	哈投股份	-0.09	10.70	-0.01	10.68	10.69	60411	10	0.46	          1.11	10.60	10.74	10.47	10.71	    45.51	64057816	  0.58	火力发电	黑龙江	2.52	10.60	36488	23922	  1.53	102	74	--  	          5.46	
600875	东方电气	0.00	10.79	0.00	--  	--  	0	0	0.00	          0.00	--  	--  	--  	10.79	--  	0	  0.00	电气设备	四川	0.00	10.79	0	0	--  	0	0	--  	         19.97	
601016	节能风电	1.05	8.65	0.09	8.64	8.65	135183	370	0.00	          1.21	8.57	8.67	8.50	8.56	    95.30	116117600	  1.45	新型电力	北京	1.99	8.59	54829	80353	  0.68	272	454	--  	         11.18	
601218	吉鑫科技	0.00	5.49	0.00	5.49	5.50	75036	20	-0.18	          0.76	5.50	5.51	5.43	5.49	    43.28	41104920	  0.96	机械基件	江苏	1.46	5.48	46066	28969	  1.59	441	913	--  	          9.92	
601558	华锐风电	0.00	2.18	0.00	2.18	2.19	637697	3	0.00	          1.13	2.18	2.19	2.16	2.18	--  	138683520	  0.87	电气设备	北京	1.38	2.17	300327	337369	  0.89	56963	139331	--  	         56.62	
601727	上海电气	0.00	8.42	0.00	--  	--  	0	0	0.00	          0.00	--  	--  	--  	8.42	    47.95	0	  0.00	电气设备	上海	0.00	8.42	0	0	--  	0	0	--  	         98.51	
603218	日月股份	-0.99	49.01	-0.49	49.02	49.03	60634	37	-0.10	         14.79	49.50	49.70	48.20	49.50	    60.83	296160928	  0.49	工程机械	浙江	3.03	48.84	30784	29850	  1.03	5	4	--  	          0.41	
数据来源:通达信
