代码	名称	涨幅%%	现价	涨跌	买价	卖价	总量	现量	涨速%%	换手%%	今开	最高	最低	昨收	市盈(动)	总金额	量比	细分行业	地区	振幅%%	均价	内盘	外盘	内外比	买量	卖量	未匹配量	流通股(亿)	
000039	中集集团	1.55	16.34	0.25	16.33	16.34	72288	305	-0.06	          0.57	16.11	16.38	16.08	16.09	--  	117672952	  0.66	轻工机械	深圳	1.86	16.28	28970	43318	  0.67	76	892	--  	         12.62	
000157	中联重科	1.46	4.85	0.07	4.85	4.86	528493	4927	-0.20	          0.84	4.80	4.86	4.77	4.78	--  	255423616	  1.10	工程机械	湖南	1.88	4.83	186074	342418	  0.54	8094	13470	--  	         62.66	
000338	潍柴动力	1.53	11.29	0.17	11.28	11.29	243739	2153	0.00	          1.13	11.16	11.33	11.01	11.12	    22.51	272977504	  1.01	汽车配件	山东	2.88	11.20	104206	139533	  0.75	2420	4279	--  	         21.59	
000410	沈阳机床	0.59	11.93	0.07	11.93	11.94	91546	1164	0.00	          1.24	11.90	12.06	11.86	11.86	--  	109438288	  0.64	机床制造	辽宁	1.69	11.95	48548	42998	  1.13	108	1201	--  	          7.40	
000425	徐工机械	2.29	4.02	0.09	4.01	4.02	1092317	28084	0.24	          1.56	3.93	4.05	3.90	3.93	   127.77	436577120	  1.42	工程机械	江苏	3.82	4.00	416425	675892	  0.62	3276	17003	--  	         69.94	
000617	中油资本	1.18	19.73	0.23	19.73	19.74	87436	2204	-0.10	          3.04	19.53	20.25	19.29	19.50	--  	173064176	  0.61	多元金融	山东	4.92	19.79	45714	41722	  1.10	87	216	--  	          2.88	
000738	中航动控	1.00	25.15	0.25	25.15	25.16	83798	1056	0.03	          0.73	24.94	25.20	24.93	24.90	   136.01	209874976	  1.22	航空	江苏	1.08	25.05	30406	53392	  0.57	501	222	--  	         11.46	
000768	中航飞机	0.75	24.05	0.18	24.05	24.06	187237	2281	-0.04	          0.68	23.84	24.07	23.80	23.87	   422.98	448327232	  0.56	航空	陕西	1.13	23.94	94155	93081	  1.01	416	974	--  	         27.69	
000852	石化机械	1.31	12.34	0.16	12.33	12.34	43725	333	-0.08	          0.73	12.11	12.42	11.92	12.18	--  	53184628	  0.72	化工机械	湖北	4.11	12.16	21854	21870	  1.00	373	61	--  	          5.98	
000880	潍柴重机	0.46	15.36	0.07	15.36	15.37	19967	298	0.06	          1.48	15.32	15.37	15.08	15.29	   153.03	30527454	  0.82	机械基件	山东	1.90	15.29	9948	10019	  0.99	195	612	--  	          1.35	
002111	威海广泰	0.36	22.13	0.08	22.13	22.14	17868	384	0.04	          0.68	21.91	22.19	21.91	22.05	    48.37	39485900	  0.70	航空	山东	1.27	22.10	9044	8823	  1.03	10	50	--  	          2.64	
002151	北斗星通	0.19	31.97	0.06	31.97	31.98	44204	466	0.06	          1.89	31.92	32.25	31.70	31.91	   235.80	141331392	  0.44	通信设备	北京	1.72	31.97	23692	20512	  1.16	654	52	--  	          2.34	
002248	华东数控	--  	10.84	--  	--  	--  	0	0	--  	          0.00	--  	--  	--  	10.84	--  	0	  0.00	机床制造	山东	0.00	10.84	0	0	--  	0	0	--  	          2.37	
002353	杰瑞股份	0.86	22.24	0.19	22.24	22.25	125787	1380	0.00	          1.87	21.97	22.30	21.48	22.05	   152.34	275869696	  1.04	化工机械	山东	3.72	21.93	62309	63478	  0.98	91	478	--  	          6.74	
002459	天业通联	-1.00	16.88	-0.17	16.87	16.88	46790	435	-0.23	          2.30	17.05	17.12	16.77	17.05	   453.97	78931400	  1.79	工程机械	河北	2.05	16.87	28313	18477	  1.53	531	92	--  	          2.04	
002483	润邦股份	0.36	13.97	0.05	13.97	13.98	64133	1167	-0.07	          1.79	13.81	14.04	13.65	13.92	    55.98	89043504	  0.56	工程机械	江苏	2.80	13.88	33299	30833	  1.08	944	886	--  	          3.59	
002487	大金重工	0.84	9.60	0.08	9.60	9.61	79259	957	-0.10	          1.47	9.52	9.61	9.41	9.52	    72.62	75520272	  0.70	钢加工	辽宁	2.10	9.53	37984	41274	  0.92	513	1245	--  	          5.40	
002529	海源机械	1.27	19.95	0.25	19.95	19.97	33603	439	0.05	          1.68	20.60	20.60	19.89	19.70	--  	67425824	  2.06	专用机械	福建	3.60	20.07	16597	17005	  0.98	329	15	--  	          2.00	
002535	林州重机	0.28	7.27	0.02	7.27	7.28	82715	1984	0.13	          1.59	7.25	7.29	7.17	7.25	   346.70	59873224	  0.94	工程机械	河南	1.66	7.24	48358	34356	  1.41	148	2653	--  	          5.20	
300008	天海防务	0.51	25.54	0.13	25.53	25.54	76058	938	0.19	          4.12	25.43	25.69	25.35	25.41	    61.75	194043984	  0.56	船舶	上海	1.34	25.51	39999	36059	  1.11	454	62	--  	          1.85	
300024	机器人	1.62	22.55	0.36	22.55	22.56	278703	2368	0.04	          1.84	22.38	22.88	22.30	22.19	    85.65	631489984	  0.60	专用机械	辽宁	2.61	22.66	132967	145736	  0.91	1372	850	--  	         15.14	
300152	科融环境	0.11	9.00	0.01	8.99	9.00	148295	3620	0.11	          2.08	8.94	9.00	8.75	8.99	--  	131829240	  0.84	环境保护	江苏	2.78	8.89	75968	72327	  1.05	692	314	--  	          7.13	
300161	华中数控	-0.42	26.09	-0.11	26.08	26.09	35311	826	-0.22	          2.19	26.28	26.59	26.09	26.20	--  	92975992	  0.69	机床制造	湖北	1.91	26.33	18287	17023	  1.07	49	20	--  	          1.61	
300185	通裕重工	-0.65	3.05	-0.02	3.05	3.06	449118	3743	0.00	          1.66	3.03	3.06	3.00	3.07	    64.26	135977264	  1.97	工程机械	山东	1.95	3.03	176650	272468	  0.65	8619	14651	--  	         27.13	
600031	三一重工	2.13	7.66	0.16	7.66	7.67	877449	17	0.13	          1.16	7.58	7.75	7.53	7.50	   252.00	671845696	  1.60	工程机械	湖南	2.93	7.66	406280	471169	  0.86	100	1053	--  	         75.94	
600038	中直股份	0.46	52.68	0.24	52.69	52.70	33043	52	0.03	          0.56	52.40	52.75	52.22	52.44	    76.69	173703440	  0.48	航空	黑龙江	1.01	52.57	16084	16959	  0.95	42	90	--  	          5.89	
600072	中船科技	0.34	20.91	0.07	20.90	20.91	98747	10	0.14	          2.06	20.74	21.06	20.49	20.84	--  	205816032	  0.43	船舶	上海	2.74	20.84	48247	50499	  0.96	334	37	--  	          4.78	
600089	特变电工	1.06	10.53	0.11	10.54	10.55	437797	51	0.19	          1.37	10.46	10.62	10.36	10.42	    14.47	458537184	  1.35	电气设备	新疆	2.50	10.47	222598	215198	  1.03	1480	1624	--  	         32.00	
600110	诺德股份	1.25	13.01	0.16	13.00	13.01	502709	200	0.54	          4.37	12.85	13.09	12.72	12.85	   412.65	649377600	  0.93	电气设备	吉林	2.88	12.92	239302	263407	  0.91	0	10	--  	         11.50	
600112	天成控股	0.28	10.84	0.03	10.83	10.84	125285	10	-0.09	          2.46	10.70	10.87	10.65	10.81	   754.37	135066144	  0.63	电气设备	贵州	2.04	10.78	67474	57811	  1.17	1450	652	--  	          5.09	
600118	中国卫星	0.85	33.07	0.28	33.07	33.08	87971	5	0.06	          0.74	32.79	33.15	32.51	32.79	    98.34	289613120	  0.76	航空	北京	1.95	32.92	45875	42095	  1.09	52	282	--  	         11.82	
600150	中国船舶	0.83	27.92	0.23	27.92	27.93	133033	11	0.03	          0.97	27.66	27.94	27.43	27.69	--  	368965600	  0.69	船舶	上海	1.84	27.73	63431	69602	  0.91	6	450	--  	         13.78	
600169	太原重工	-0.23	4.42	-0.01	4.41	4.42	173514	28	-0.22	          0.72	4.43	4.46	4.38	4.43	--  	76734912	  0.73	工程机械	山西	1.81	4.42	91819	81695	  1.12	3703	997	--  	         24.24	
600184	光电股份	1.60	24.11	0.38	24.09	24.10	35505	36	0.20	          0.85	23.75	24.23	23.75	23.73	  1205.58	85304992	  0.79	专用机械	湖北	2.02	24.03	16079	19425	  0.83	48	3	--  	          4.19	
600218	全柴动力	1.62	10.67	0.17	10.67	10.68	65469	109	0.00	          1.78	10.52	10.69	10.48	10.50	    33.14	69287320	  0.78	农用机械	安徽	2.00	10.58	23223	42245	  0.55	71	371	--  	          3.69	
600268	国电南自	-0.24	8.22	-0.02	8.22	8.23	107010	10	0.00	          1.68	8.24	8.29	8.11	8.24	--  	87615936	  1.42	电气设备	江苏	2.18	8.19	63180	43830	  1.44	112	365	--  	          6.35	
600312	平高电气	0.56	16.29	0.09	16.28	16.29	60820	30	-0.06	          0.74	16.09	16.31	16.09	16.20	    19.00	98832904	  0.99	电气设备	河南	1.36	16.25	29831	30988	  0.96	68	86	--  	          8.19	
600316	洪都航空	1.52	21.43	0.32	21.42	21.43	54742	23	-0.04	          0.76	21.25	21.54	21.13	21.11	  9299.52	116737248	  0.64	航空	江西	1.94	21.33	26717	28024	  0.95	345	10	--  	          7.17	
600320	振华重工	1.31	5.42	0.07	5.41	5.42	115086	18	-0.36	          0.42	5.34	5.44	5.30	5.35	   114.72	61834936	  0.86	工程机械	上海	2.62	5.37	48988	66098	  0.74	1376	136	--  	         27.68	
600343	航天动力	0.31	22.70	0.07	22.69	22.70	52375	16	0.00	          0.82	22.63	22.80	22.55	22.63	   580.98	118912640	  0.53	航空	陕西	1.10	22.70	26682	25693	  1.04	411	25	--  	          6.38	
600372	中航电子	2.02	20.23	0.40	20.21	20.22	108914	1	0.09	          0.62	19.85	20.32	19.85	19.83	   120.28	219246048	  1.17	航空	北京	2.37	20.13	37697	71217	  0.53	138	3	--  	         17.59	
600375	华菱星马	0.00	8.36	0.00	--  	--  	0	0	0.00	          0.00	--  	--  	--  	8.36	    61.50	0	  0.00	汽车整车	安徽	0.00	8.36	0	0	--  	0	0	--  	          5.56	
600391	成发科技	1.03	37.14	0.38	37.15	37.16	29360	9	-0.02	          0.89	36.80	37.19	36.80	36.76	   231.63	108761984	  0.62	航空	四川	1.06	37.04	13801	15558	  0.89	26	153	--  	          3.30	
600406	国电南瑞	0.00	16.63	0.00	--  	--  	0	0	0.00	          0.00	--  	--  	--  	16.63	    39.46	0	  0.00	软件服务	江苏	0.00	16.63	0	0	--  	0	0	--  	         22.06	
600416	湘电股份	1.89	17.23	0.32	17.22	17.23	170118	60	0.34	          2.42	16.90	17.39	16.84	16.91	   125.36	292364608	  1.21	电气设备	湖南	3.25	17.19	77617	92501	  0.84	7	242	--  	          7.03	
600435	北方导航	0.06	16.28	0.01	16.28	16.29	650072	147	0.18	          4.36	16.30	16.66	16.16	16.27	  4761.61	1064255936	  1.19	专用机械	北京	3.07	16.37	320213	329859	  0.97	778	581	--  	         14.89	
600468	百利电气	-0.40	12.47	-0.05	12.48	12.49	16755	5	-0.08	          0.31	12.52	12.56	12.40	12.52	   129.63	20905716	  0.86	电气设备	天津	1.28	12.48	8968	7786	  1.15	30	28	--  	          5.32	
600475	华光股份	0.45	20.10	0.09	20.10	20.11	22884	21	0.09	          0.89	19.92	20.19	19.90	20.01	    55.08	45944244	  0.99	专用机械	江苏	1.45	20.08	10906	11978	  0.91	27	181	--  	          2.56	
600495	晋西车轴	0.37	8.06	0.03	8.05	8.06	161517	305	0.24	          1.34	8.02	8.06	7.95	8.03	   361.43	129420048	  0.88	运输设备	山西	1.37	8.01	77405	84111	  0.92	672	906	--  	         12.08	
600499	科达洁能	0.99	8.20	0.08	8.19	8.20	142569	27	0.12	          1.04	8.09	8.22	8.05	8.12	    24.16	116483080	  0.97	专用机械	广东	2.09	8.17	64809	77760	  0.83	377	358	--  	         13.77	
600501	航天晨光	0.93	19.56	0.18	19.55	19.56	30508	1	0.05	          0.75	19.41	19.61	19.28	19.38	--  	59480992	  0.50	汽车配件	江苏	1.70	19.50	13748	16759	  0.82	165	7	--  	          4.07	
600517	置信电气	0.70	10.06	0.07	10.05	10.07	78548	332	0.09	          0.63	9.99	10.06	9.93	9.99	    37.32	78615808	  0.92	电气设备	上海	1.30	10.01	41515	37032	  1.12	52	399	--  	         12.45	
600580	卧龙电气	0.93	8.72	0.08	8.71	8.72	34329	23	0.22	          0.31	8.63	8.73	8.60	8.64	    55.98	29796320	  0.72	电气设备	浙江	1.50	8.68	13850	20479	  0.68	108	135	--  	         11.11	
600582	天地科技	0.77	5.23	0.04	5.23	5.24	194512	2042	0.19	          0.70	5.20	5.24	5.16	5.19	    44.52	101227368	  1.06	工程机械	北京	1.54	5.20	107342	87169	  1.23	1774	4497	--  	         27.74	
600583	海油工程	1.05	7.71	0.08	7.70	7.71	228020	32	0.00	          0.52	7.59	7.76	7.55	7.63	    22.87	174355552	  0.72	石油开采	天津	2.75	7.65	99434	128586	  0.77	1378	709	--  	         44.21	
600685	中船防务	0.63	33.48	0.21	33.48	33.49	67591	15	-0.02	          1.23	33.23	33.65	32.75	33.27	  5374.25	225026352	  0.68	船舶	广东	2.71	33.29	32797	34793	  0.94	19	6	--  	          5.49	
600761	安徽合力	1.61	14.51	0.23	14.50	14.51	104625	32	0.06	          1.70	14.27	14.56	13.95	14.28	    22.14	149215680	  1.04	工程机械	安徽	4.27	14.26	49459	55166	  0.90	204	59	--  	          6.17	
600765	中航重机	0.76	15.91	0.12	15.88	15.90	81607	8	-0.18	          1.05	15.79	15.95	15.72	15.79	    85.40	129504056	  0.58	机械基件	贵州	1.46	15.87	39529	42077	  0.94	65	22	--  	          7.78	
600806	*ST昆机	1.43	8.54	0.12	8.54	8.55	72083	1	0.35	          1.85	8.37	8.57	8.26	8.42	--  	60501632	  0.86	机床制造	云南	3.68	8.39	32670	39413	  0.83	149	431	--  	          3.90	
600815	厦工股份	0.85	7.12	0.06	7.11	7.12	93522	8	0.28	          0.98	7.07	7.15	6.99	7.06	--  	66275996	  0.66	工程机械	福建	2.27	7.09	42555	50966	  0.83	1789	419	--  	          9.59	
600841	上柴股份	-0.84	15.30	-0.13	15.28	15.29	45605	3	0.06	          0.87	15.39	15.39	15.05	15.43	   147.05	69363848	  0.73	机械基件	上海	2.20	15.21	23869	21736	  1.10	646	83	--  	          5.22	
600855	航天长峰	0.00	28.89	0.00	--  	--  	0	0	0.00	          0.00	--  	--  	--  	28.89	   846.16	0	  0.00	专用机械	北京	0.00	28.89	0	0	--  	0	0	--  	          3.30	
600869	智慧能源	3.02	8.52	0.25	8.51	8.52	631857	4	0.00	          3.09	8.34	8.92	8.34	8.27	    49.92	543232576	  4.99	电气设备	青海	7.01	8.60	257784	374072	  0.69	384	181	--  	         20.42	
600875	东方电气	0.00	10.79	0.00	--  	--  	0	0	0.00	          0.00	--  	--  	--  	10.79	--  	0	  0.00	电气设备	四川	0.00	10.79	0	0	--  	0	0	--  	         19.97	
600879	航天电子	3.05	18.60	0.55	18.59	18.60	507941	254	0.05	          6.37	18.07	18.64	18.03	18.05	    52.87	936865088	  1.08	航空	湖北	3.38	18.44	235646	272295	  0.87	313	294	--  	          7.98	
600885	宏发股份	0.87	34.76	0.30	34.72	34.75	10012	40	-0.02	          0.19	34.03	34.83	34.00	34.46	    28.99	34609096	  0.70	电气设备	湖北	2.41	34.57	5458	4553	  1.20	4	60	--  	          5.32	
600893	中航动力	0.54	33.53	0.18	33.52	33.53	49185	2	-0.02	          0.36	33.31	33.55	33.29	33.35	   163.21	164355296	  0.99	航空	陕西	0.78	33.42	22655	26529	  0.85	137	6	--  	         13.68	
600967	北方创业	1.42	14.30	0.20	14.30	14.31	129591	200	0.14	          1.57	13.91	14.33	13.91	14.10	--  	183726608	  0.91	运输设备	内蒙	2.98	14.18	59574	70016	  0.85	5	853	--  	          8.23	
600990	四创电子	0.33	74.95	0.25	74.94	74.96	12164	45	0.17	          0.89	75.10	75.86	74.61	74.70	   256.48	91505952	  0.80	通信设备	安徽	1.67	75.23	6595	5569	  1.18	23	14	--  	          1.37	
601002	晋亿实业	1.10	9.18	0.10	9.18	9.19	75662	10	0.00	          0.95	9.08	9.19	9.00	9.08	   123.40	69025160	  0.66	机械基件	浙江	2.09	9.12	31006	44655	  0.69	30	759	--  	          7.93	
601100	恒立液压	0.31	16.03	0.05	16.02	16.03	10996	30	-0.06	          0.44	15.97	16.16	15.78	15.98	   184.43	17606716	  0.78	工程机械	江苏	2.38	16.01	4992	6004	  0.83	18	15	--  	          2.47	
601106	中国一重	-2.05	4.31	-0.09	4.30	4.31	702511	204	0.46	          1.07	4.36	4.37	4.18	4.40	--  	300324864	  2.64	工程机械	黑龙江	4.32	4.28	334658	367852	  0.91	8375	7726	--  	         65.38	
601126	四方股份	1.16	10.50	0.12	10.49	10.50	89910	32	0.00	          1.11	10.40	10.51	10.32	10.38	    42.63	93973784	  0.95	电气设备	北京	1.83	10.45	41908	48001	  0.87	362	549	--  	          8.13	
601179	中国西电	0.34	5.93	0.02	5.92	5.93	134123	1	0.00	          0.26	5.90	5.94	5.85	5.91	    30.21	78929048	  1.44	电气设备	陕西	1.52	5.88	67025	67098	  1.00	2088	52	--  	         51.26	
601218	吉鑫科技	0.00	5.49	0.00	5.49	5.50	75036	20	-0.18	          0.76	5.50	5.51	5.43	5.49	    43.28	41104920	  0.96	机械基件	江苏	1.46	5.48	46066	28969	  1.59	441	913	--  	          9.92	
601222	林洋能源	0.38	7.97	0.03	7.96	7.97	104173	111	0.25	          0.73	7.97	7.98	7.85	7.94	    29.79	82539176	  0.61	电器仪表	江苏	1.64	7.92	55651	48522	  1.15	580	1685	--  	         14.23	
601369	陕鼓动力	1.13	7.18	0.08	7.17	7.18	55359	2	0.13	          0.34	7.08	7.18	7.05	7.10	    42.42	39409632	  1.25	机械基件	陕西	1.83	7.12	19341	36018	  0.54	239	1032	--  	         16.39	
601608	中信重工	0.54	5.55	0.03	5.54	5.55	185260	1906	0.18	          0.43	5.50	5.57	5.41	5.52	--  	102212048	  0.70	专用机械	河南	2.90	5.52	88100	97159	  0.91	1591	1281	--  	         42.80	
601700	风范股份	0.00	8.47	0.00	--  	--  	0	0	0.00	          0.00	--  	--  	--  	8.47	    41.35	0	  0.00	电气设备	江苏	0.00	8.47	0	0	--  	0	0	--  	         11.33	
601717	郑煤机	2.18	8.90	0.19	8.88	8.89	333027	17	0.33	          2.42	8.72	9.05	8.56	8.71	    84.44	295108928	  1.36	工程机械	河南	5.63	8.86	147619	185407	  0.80	687	21	--  	         13.78	
601727	上海电气	0.00	8.42	0.00	--  	--  	0	0	0.00	          0.00	--  	--  	--  	8.42	    47.95	0	  0.00	电气设备	上海	0.00	8.42	0	0	--  	0	0	--  	         98.51	
601766	中国中车	0.70	10.12	0.07	10.11	10.12	446979	135	0.09	          0.20	10.04	10.13	9.95	10.05	    28.97	448835456	  1.00	运输设备	北京	1.79	10.04	199533	247445	  0.81	1822	4502	--  	        229.18	
601808	中海油服	0.70	12.96	0.09	12.95	12.96	34310	1	0.07	          0.12	12.87	12.97	12.82	12.87	--  	44249028	  0.81	石油开采	天津	1.17	12.90	15127	19183	  0.79	456	133	--  	         29.60	
601877	正泰电器	2.32	20.30	0.46	20.29	20.30	77041	68	0.04	          0.58	19.92	20.33	19.80	19.84	    25.27	154986560	  2.08	电气设备	浙江	2.67	20.12	26481	50559	  0.52	65	328	--  	         13.19	
601890	亚星锚链	1.01	9.02	0.09	9.01	9.02	112064	8	0.11	          1.17	8.96	9.02	8.92	8.93	   134.16	100754856	  0.73	船舶	江苏	1.12	8.99	52921	59142	  0.89	657	163	--  	          9.59	
601908	京运通	1.51	6.74	0.10	6.72	6.73	96271	25	1.04	          0.48	6.65	6.76	6.61	6.64	    33.56	64040684	  1.18	半导体	北京	2.26	6.65	44253	52018	  0.85	215	33	--  	         19.93	
601989	中国重工	0.41	7.34	0.03	7.34	7.35	803530	178	0.00	          0.44	7.32	7.37	7.25	7.31	   119.37	588544064	  0.76	船舶	北京	1.64	7.32	390537	412992	  0.95	5337	6822	--  	        183.62	
数据来源:通达信
